i,t,m,Energy,Protein,Fiber,Folate,Calcium,Carbohydrate,Iron,Niacin,Riboflavin,Thiamin,Vitamin A,Vitamin B-12,Vitamin B-6,Vitamin C,Zinc,Magnesium,Phosphorus,Potassium,Vitamin E,Vitamin K
1013000201,2005-06,Central,10.762196529176334,26.254254945431533,13.329402741145106,17.762918765310243,2.8106658706701744,22.328047541644832,16.59800994305697,17.78808595013196,13.654028364341045,15.017151191147747,4.981067315799385,25.94865050197356,29.526177740593536,27.473678667730404,9.16709046228819,0.0,0.0,8.495794134260847e-05,0.0,0.0
1013000209,2005-06,Central,9.667321273947822,15.568346311593887,11.53157427250182,10.389849948751207,2.291372754499329,17.932974982960882,12.956452959768225,11.769411590587339,8.713103948831101,9.966668414394446,3.371007549913157,16.07574827761461,15.3235029167014,12.451112752153456,7.346284718622301,0.0,0.0,7.294062875112982e-05,0.0,0.0
1013000210,2005-06,Central,2.8466544679549073,5.101541721425615,3.538098854128996,3.86709538817804,0.6735711515419605,5.733352112853829,3.522938217351399,3.563902340308268,2.8477124656949298,3.6126391338676815,1.2295374909763017,4.861740850207756,6.4609460332597415,5.426983345201903,2.2677246536178717,0.0,0.0,2.7958871177605402e-05,0.0,0.0
1013000211,2005-06,Central,7.2090812025338815,18.43013007947835,8.723274334374482,11.198677485883442,1.7095800532189844,10.997858678916716,8.368796406312574,11.107568855413083,8.412761366965894,9.341560088906203,3.308566123204127,17.06059015847229,19.120454383764176,19.32753025146893,6.402415551304577,0.0,0.0,5.727157781852093e-05,0.0,0.0
1013000212,2005-06,Central,3.6730652262473393,7.106237768695555,4.493916795879911,4.796062966231193,0.8285883946512594,6.362330449989003,4.4403231986502085,4.731197585402569,3.757147126624271,4.5011122529646075,1.5890984041841265,6.692839249291251,7.9736922977678395,7.0661529358467305,3.081303362490388,0.0,0.0,3.339103966869957e-05,0.0,0.0
1021000102,2005-06,Central,3.8179535478585156,7.445719629880013,4.705675429622852,5.277014269489915,0.862133614942344,6.733300213705427,4.7819911159883155,4.907072352121365,4.119269644885178,4.660984297618238,1.6847851505403304,7.151724411148998,8.343108373214086,7.326176835861835,3.125269296466807,0.0,0.0,2.8703014092690064e-05,0.0,0.0
1021000103,2005-06,Central,6.483512075539888,11.416490777150647,7.523360760056682,9.38863138722289,2.4781164255163075,16.020571017202705,11.51186516817233,9.257972303082889,6.682725974537679,8.08823942173313,2.1882854410561925,14.226623020688027,15.593855831091064,9.282548610130236,4.557522396699995,0.0,0.0,4.415078389328741e-05,0.0,0.0
1021000106,2005-06,Central,6.721784867703382,15.760004359478378,8.26399528903425,10.998520414189796,1.7281879646481015,14.34229733658892,10.283611784118287,10.589743317230845,8.30184467340366,9.617061366837552,3.311765727228436,15.174918989340277,18.56101363884043,17.189825049815635,5.842193092568778,0.0,0.0,7.08523716735068e-05,0.0,0.0
1021000108,2005-06,Central,3.1748934516229634,5.366203020437542,4.212484678866242,4.741545316656972,0.8871386418557861,7.201784687232252,3.397581509383738,4.063539430213497,3.1507827115103915,4.279945610826583,1.2497674797263143,4.912089955095012,7.306560439803294,5.133788559798084,2.463852123850631,0.0,0.0,2.590495856237796e-05,0.0,0.0
1021000109,2005-06,Central,3.1796054345976694,6.55000911889078,4.12277419671543,4.894190531515756,0.8389588036166183,6.541514316222524,3.2387115221791487,4.513294862498644,3.771869237247216,4.345867182823715,1.5539639473495521,5.848628067851499,8.538850312418228,7.000525432593471,2.7466698092744988,0.0,0.0,2.8409795021784417e-05,0.0,0.0
1021000110,2005-06,Central,2.731322341415346,5.030946631725474,3.307524773736853,4.030171216234126,0.7439944877767395,5.906501072272619,3.416461655421371,3.570488118788068,3.0092923247065104,3.588537976635764,1.0926454925940148,5.261807341507221,6.538508646323367,4.707765979350626,2.1625846658942653,0.0,0.0,1.8483335875964054e-05,0.0,0.0
1021000111,2005-06,Central,1.5821750283737241,3.1169388854622335,2.127136528678936,2.5566320223280785,0.4060414726368818,3.427575007465164,1.5514395966845462,2.0064330353170514,1.818264473003824,2.336461225998522,0.7545478162075888,2.715972873675997,4.531454741099846,3.051836213826303,1.3780576710403944,0.0,0.0,1.3993982406332987e-05,0.0,0.0
1021000113,2005-06,Central,2.557560633850963,4.931059525347757,3.4630236876610834,4.173232289744753,0.6780006496963299,5.526754653417035,2.731734731667383,3.4776399127819277,2.741693963029502,3.648293401523545,1.1085867521879624,4.152877222856714,6.76815552198001,5.055995472975988,2.160653225126141,0.0,0.0,1.9251900266003793e-05,0.0,0.0
1021000114,2005-06,Central,5.2411661139711025,10.461736927689516,6.568550319174324,7.245995285049418,1.3588816032263065,10.423177836795494,5.310150616532757,7.249838839731014,6.15698448554764,6.606235897100119,2.244256648527676,10.35998113995539,12.062232557101717,9.564552804129278,4.392326500650253,0.0,0.0,3.2570265103828994e-05,0.0,0.0
1021000201,2005-06,Central,2.2574726010007566,4.260155471595404,2.9473045957018376,3.519851322408419,0.5778196466765374,4.810053775182152,3.034497531215436,2.9388166533274505,2.4897635773530307,3.2189872215662305,1.0947035899984146,3.809533712804573,5.880967214240427,4.739507727336388,1.9561570432473072,0.0,0.0,2.0964954238050035e-05,0.0,0.0
1021000202,2005-06,Central,3.4849876382555522,6.939212205035568,4.457411155200458,5.028760331760455,0.7617480168336139,6.017435596469433,3.6120058028259727,4.525613648949272,3.7170375223303593,4.500542879493202,1.5176782078595792,6.093110266276594,8.034614078422674,6.649404698955322,2.8474788568692486,0.0,0.0,2.8481347709100587e-05,0.0,0.0
1021000203,2005-06,Central,1.3701729453836617,2.2431414509549503,1.8517703249116326,2.0789843730825366,0.40337476151257,3.576024602119344,1.5420350005768941,1.6838154036172988,1.3251891465973125,1.9418397610682157,0.6552050031788358,1.9531418670173175,3.3066343013030512,2.423840469399547,1.1034910347244127,0.0,0.0,1.7008563484298e-05,0.0,0.0
1021000207,2005-06,Central,2.272733741442983,3.8545619654714782,2.816401438815857,2.83104153837882,0.5812234599385327,4.989975598379052,2.3106350613584814,2.764089641470966,2.3394328366767403,2.810575104637981,1.0633635301625866,3.705242001949453,4.847047443351679,3.7707435597351897,1.8889318588542237,0.0,0.0,2.571934347155227e-05,0.0,0.0
1021000209,2005-06,Central,1.977654463770833,3.2150488591215938,2.559529622615091,2.487313403632014,0.5669465313766622,5.054202863653345,1.796472775095062,2.4894771730590093,2.004587763181145,2.6168996255726906,0.887099669453585,2.8587123410353423,4.735103295295968,3.3470612986757082,1.6418965565097885,0.0,0.0,1.8068879607940546e-05,0.0,0.0
1021000211,2005-06,Central,3.634125205670641,5.733289118411506,4.646571792488147,4.57302848797488,0.9178368258047448,8.37417862994106,2.9845169138565373,4.46898604548441,3.7589502347846278,5.0517874710352855,1.7033229648035584,4.893583194200432,8.349143572679965,6.481557729806539,2.861445009585609,0.0,0.0,5.452786714524577e-05,0.0,0.0
1021000212,2005-06,Central,1.15170514394587,2.1954268380013406,1.5571397808785574,1.9162017082090173,0.3051149422478747,2.7782968310603664,1.432745764720904,1.4979560922171082,1.3333594487784346,1.88299637304349,0.664594648843796,1.7954799120935536,3.6464816916351355,2.789128184638825,1.0207368323056782,0.0,0.0,1.7596751285662197e-05,0.0,0.0
1021000213,2005-06,Central,3.575795349640009,6.55820289384677,4.442266116533483,5.41467278095584,0.971752039580935,7.803322655461327,4.807348345655545,4.711904004668788,4.021047728260039,4.971026808638712,1.4278322952444422,6.647528303570326,9.193359531557766,6.628071970155558,2.8621820277702015,0.0,0.0,2.445273494822805e-05,0.0,0.0
1021000302,2005-06,Central,5.449199687082967,12.521912490745722,6.700770414598434,8.86375399080781,1.3922224716677607,11.792744253239707,8.319431640231437,8.397616473560603,6.653729098815139,7.893014967502475,2.778578582028282,11.8769267590898,15.09317984150053,13.964293369243498,4.770040455086787,0.0,0.0,6.516796065670865e-05,0.0,0.0
1021000306,2005-06,Central,4.796150614859757,11.604670471182605,6.235309498473306,8.035775906482696,1.1211727218053555,8.052806940024682,5.126625165704355,7.165291032169838,5.798892815089784,7.025637278003907,2.4874920976168884,9.034443486954743,14.308198962700239,14.199658902948006,4.5045903669126055,0.0,0.0,4.139637979891563e-05,0.0,0.0
1021000310,2005-06,Central,5.274994341190356,11.55227270780999,6.571373802247938,8.254284828422982,1.2869233496901509,10.663518174393792,7.639002152891066,7.733577233039157,6.326024128514121,7.055254593704564,2.4623446956614647,11.254006852632303,13.749177282389725,12.598520507739225,4.292715533956508,0.0,0.0,4.504577905591484e-05,0.0,0.0
1021000312,2005-06,Central,2.0133758365044,3.3491064427813444,2.4854973953030757,2.6087205650235914,0.48366736789634457,4.578360105755795,2.6571401173071543,2.407881816367321,1.9451880814119984,2.5323701339837426,0.8762539411242487,3.3346153856863077,4.3859817641817,3.5052284296246694,1.5328751674506418,0.0,0.0,2.589742704039376e-05,0.0,0.0
1021000313,2005-06,Central,4.8200554269307085,9.60534897987968,5.866175278369566,6.35472561745985,1.1007349463275584,8.18313550458659,5.847999165781128,6.410358639036128,5.008391000579798,5.822839641805541,1.9870203928526546,9.226318058440063,10.384405076710587,9.205526237800264,4.0081844094065815,0.0,0.0,3.726970090030863e-05,0.0,0.0
1021000402,2005-06,Central,5.046420012464651,8.838351031042057,6.230488755829066,6.549966232612241,1.5698228842772355,11.952885888986266,5.695217866421401,6.846539387165725,5.10207658745293,6.1968530753719495,1.896110480333977,9.327534299384752,10.836977460564249,7.486802890699689,4.009244926686446,0.0,0.0,3.815038455091967e-05,0.0,0.0
1021000405,2005-06,Central,2.425322948301181,4.5449733174752005,3.0049576295456877,3.682961111918926,0.6622161186948318,5.320761244095848,3.1023427673916077,3.2477917728726484,2.5199520408927834,3.248419175839883,1.0331201955740428,4.611450315256339,6.223654446139499,4.492205080296273,1.8578465670116346,0.0,0.0,2.756772644175376e-05,0.0,0.0
1021000406,2005-06,Central,1.611664985660446,2.64826410553634,2.1350865230348752,2.4201247801387558,0.4630819726334542,4.176168697040903,2.4535528987359956,2.026668874674227,1.5585244887187075,2.3752516445319447,0.7589158329256419,2.292246652707506,4.152740043234499,3.1554325985206817,1.3326106219687304,0.0,0.0,1.9991579913574036e-05,0.0,0.0
1021000408,2005-06,Central,1.9813454902607217,3.211581753430165,2.4769428533141733,2.89944360117663,0.5959478098566754,5.265451933736264,3.1730326596958003,2.498068951834807,1.889013518362595,2.7594090046791657,0.7726499592370365,3.248574727009405,4.852115534331159,3.496433299917193,1.5140071499471712,0.0,0.0,2.0623634100156926e-05,0.0,0.0
1021000409,2005-06,Central,1.1709351878130194,2.0621914585955228,1.6222788304227997,1.911172447689105,0.32613144054147275,2.9116631283055536,1.344978441020849,1.5049187671947468,1.1442926353098897,1.7527731763648726,0.5898777881184948,1.6952854890995412,3.119472050169636,2.3084032136161636,0.9484901898293345,0.0,0.0,1.5889142940463227e-05,0.0,0.0
1021000410,2005-06,Central,1.993791375597083,3.5496341104883347,2.5871914922676633,3.1382725963044953,0.5921186477675664,5.136329241507325,3.1903957583811833,2.6517107998622222,2.0154364539234466,2.817235142173055,0.8459500154364352,3.5082394388457048,4.964214309248548,3.741717306415335,1.6048569952294238,0.0,0.0,2.0837807548731462e-05,0.0,0.0
1021000412,2005-06,Central,4.661192163609273,11.39036894390408,5.672459391206302,7.159961234932625,1.0898650776459478,7.339897637598728,5.387964387810524,6.8356426329495275,5.318786807583006,6.195795744293887,2.29899505445327,10.236033785436922,12.481552186727763,12.580562487058414,4.207962058044014,0.0,0.0,4.8188659292148964e-05,0.0,0.0
1021000413,2005-06,Central,2.404710287909043,4.734934828539856,2.94527152096513,3.6965730128369394,0.6577912126567188,5.124016936813272,3.168232825969798,3.2296159527205575,2.749025230098852,3.3491210591830045,1.1644685403697437,4.847410778799137,6.544767533792432,4.6980730996768445,1.9737435689717255,0.0,0.0,2.9111622037198117e-05,0.0,0.0
1021000501,2005-06,Central,5.46360136622593,8.296810897272566,6.546904707644142,5.768959710580121,1.2658891040041695,10.569855606635011,7.25739880713738,6.238135023310109,4.767286466795269,5.801754808577837,2.083946205711599,8.246074625090966,8.771857093725979,7.101811828480742,4.225297533493889,0.0,0.0,5.800683602964315e-05,0.0,0.0
1021000503,2005-06,Central,3.499305896917402,5.494487309780106,4.479446972623201,4.393717849752182,0.8826941144626087,8.087431666314,2.873332391324228,4.285002386261968,3.6127382984844125,4.87501110499259,1.6546372825691826,4.667000861445916,8.045295020723556,6.2434263322075925,2.7563446713804596,0.0,0.0,5.3642803368452124e-05,0.0,0.0
1021000504,2005-06,Central,2.84345808453685,5.3009139758511,3.785694645651727,4.312032742992675,0.7311253595481382,6.016226344046204,3.071212391912544,3.7602088801738165,3.074656466677542,4.041368060207381,1.2953362563887518,4.428803799790014,7.440099723892103,5.647882492690867,2.465637648213868,0.0,0.0,2.2553468435900566e-05,0.0,0.0
1021000505,2005-06,Central,4.719986695327623,9.555074266151049,5.678167199179848,7.13360041666947,1.5413788573286307,9.128531367734091,6.599291554433409,6.9341328523786325,5.015698983729962,6.354736590652974,2.002524961144214,10.192676763962123,12.81323353183711,8.96993966229438,4.015234705605723,0.0,0.0,5.200932158850639e-05,0.0,0.0
1021000506,2005-06,Central,2.26556766584738,4.0144252293511835,2.852432189552758,3.2042837477567145,0.6571744518555838,5.621324138360609,2.7962995625198768,2.975261613833729,2.3090661254185596,2.9854066861078157,0.9528504025949825,4.078650929968392,5.332629728329885,3.946040111882443,1.8096677498597513,0.0,0.0,2.3266536791148573e-05,0.0,0.0
1021000507,2005-06,Central,1.2849238466337438,2.3546562533155173,1.840984013611791,2.3151558459306765,0.3864836059818821,3.0283911932954926,1.6297775046748677,1.7613150723563056,1.2979039602039424,2.089533811405866,0.6755185896818126,1.6567348689929644,3.852707899708102,3.3589094612435137,1.1454596901597593,0.0,0.0,1.3355814056390122e-05,0.0,0.0
1021000510,2005-06,Central,1.5637952657199263,3.120324667909041,1.964357476281503,2.377400846730924,0.4102117649382301,3.1313180282608335,1.9330264552025078,2.062722534209322,1.7468731955362868,2.268217925541847,0.8383746498210777,2.894754934425563,4.489081412170308,3.4487981619209735,1.359536133960066,0.0,0.0,2.2768385426518676e-05,0.0,0.0
1021000601,2005-06,Central,3.2499415185548366,6.301183149499877,4.221985398575442,5.096929507679718,1.0083412594970809,7.5764958183419955,4.128317479665806,4.608128571437046,3.482401418886616,4.413073524479403,1.3337208429739908,6.305901817648643,7.895915683875566,5.5895672526279805,2.6905513341552463,0.0,0.0,2.522052641321465e-05,0.0,0.0
1021000603,2005-06,Central,1.9461839160383008,3.9669941708601693,2.4145313183172363,2.8776391788903317,0.5199034201990285,3.6218794799681433,2.474619153053541,2.6593936247625627,2.059296517734913,2.71219087165224,0.9678041502242847,3.7092939977504322,5.4224235076912155,4.391075913260502,1.7016609562987886,0.0,0.0,2.620806694196492e-05,0.0,0.0
1021000604,2005-06,Central,1.0310859840768,1.637935548035904,1.405908864162225,1.4641467229928795,0.2734469747216807,2.529868819735124,1.2033654432184977,1.2308204284825686,1.0064898186051525,1.5365368337534184,0.5853225424184791,1.2249038931304574,2.7123864765518855,2.0953067170614736,0.8770310859784781,0.0,0.0,1.5261492091304298e-05,0.0,0.0
1021000606,2005-06,Central,9.147027471887297,14.65398380553347,10.908194884511412,9.817804912763634,2.1627996285587257,17.032175039420423,12.24457957044031,11.068060510782077,8.217369476643608,9.455208560976573,3.2131566357725667,15.086091508100857,14.51640088026256,11.788279113342561,6.96535349765134,0.0,0.0,7.137759926283448e-05,0.0,0.0
1021000607,2005-06,Central,1.2937080820899192,2.7094394614671184,1.5614161154325208,2.2462053245054587,0.3480132459378895,2.5363698983651006,1.8360085906647123,1.7201036978468187,1.6169888613846404,1.7452823984839907,0.6135996030451877,2.9926455977546587,3.275035712571986,2.419106105854286,1.1353346821510126,0.0,0.0,1.0757534108594973e-05,0.0,0.0
1021000609,2005-06,Central,2.046162344078571,4.005374466678046,2.5954825091807887,3.27853951106895,0.5883252835983567,4.893708455229665,2.7960529927040656,2.819128651591917,2.2571882888009234,2.9347770340791977,0.9636062331887674,4.021397985980736,5.649525863644903,4.147796997073294,1.6721732473067044,0.0,0.0,2.6349903120980013e-05,0.0,0.0
1021000610,2005-06,Central,2.5348312710848466,5.107224042867505,3.4948695360551807,4.341330099623362,0.6190613819331864,5.04532129659422,2.8845928133216,3.3887434108777756,2.8785134824873078,3.87399769457124,1.231259500193881,3.9428879986920466,7.21857740393799,5.637271688893964,2.2764512423034673,0.0,0.0,2.0985679537126283e-05,0.0,0.0
1021000612,2005-06,Central,2.087157176865748,4.2806887787213554,2.669962349095198,3.30386647637256,0.5038646592982486,4.125920495853476,2.3014822174329623,2.7056680342586583,2.6263165804763933,2.869982195970382,1.0205456498721701,4.098654310840188,5.505948264991986,4.335666616951062,1.804204790962114,0.0,0.0,1.5483890945502952e-05,0.0,0.0
1021000701,2005-06,Central,4.397147941254354,7.6915621223691195,5.195223677384691,6.412882624329585,1.726711214857933,11.392820510815909,8.00709262885922,6.168372480371743,4.4636365597750975,5.756563859491505,1.7749401229429798,9.295983570189316,11.029582991613625,6.53539725183027,3.3613358518292347,0.0,0.0,6.284269322931376e-05,0.0,0.0
1021000702,2005-06,Central,2.067606786417883,3.370197824426502,2.6192926634564118,2.742164526346835,0.5081954960392739,5.020556350510595,2.8480619016734403,2.525181632002745,2.021785593273071,2.7651768124582303,0.9232213862791263,3.1372765831091893,4.792967353481879,3.9592526981625604,1.624904591304798,0.0,0.0,2.649264844286964e-05,0.0,0.0
1021000703,2005-06,Central,2.1486699619195515,4.241461068479314,2.742930519650581,3.1535794234325465,0.5393919909735145,4.544288453634222,2.1547536382563104,2.854882349557495,2.5309763022890097,2.9889916516233535,1.133912145250811,3.775129866704911,5.815202786685439,4.702720255389241,1.8627257509106645,0.0,0.0,2.3641930087333024e-05,0.0,0.0
1021000705,2005-06,Central,2.1453548435297574,3.1284355210737873,2.921984267549161,3.188181623871238,0.6060099976931075,5.81895807405675,2.419838754570237,2.540719936223787,2.0251271213203097,3.199589208853336,0.8907600340207836,2.4307142090192437,5.327713195067536,3.954283571376417,1.6462787314335665,0.0,0.0,2.6246994800088225e-05,0.0,0.0
1021000706,2005-06,Central,2.9970932544820204,5.71287246427554,3.8838110690161525,4.4734280135382365,0.8165317767933388,6.241068080342726,3.3305227842703924,4.0344783619415425,3.2073714520441556,4.017348572267255,1.332277804757975,5.239205830760687,7.295397146885498,5.490224668335867,2.5592180414771684,0.0,0.0,2.4421751401854324e-05,0.0,0.0
1021000707,2005-06,Central,3.924888663335961,8.126057082600408,4.716340707534806,5.631668343873525,0.8883925461393308,7.534855103942582,5.2862906280235835,5.241559578577294,4.2637228948515355,5.054069159208056,1.9293247060341334,7.911054602278839,9.473726176217218,8.502866825420762,3.101791185248044,0.0,0.0,5.4245036766931046e-05,0.0,0.0
1021000709,2005-06,Central,2.577570359851354,5.011050850448681,3.4139166677371136,3.880690477136714,0.6916045809625017,5.5729458275072865,2.3835519606897577,3.511316998303842,2.9010856398878917,3.4898569087406623,1.1262698960401802,4.5015647641412935,6.65522593621466,4.905662086614486,2.1758202120293513,0.0,0.0,2.0066883447960617e-05,0.0,0.0
1021000710,2005-06,Central,1.5021048011211084,2.578006416812514,1.9082466233228548,2.473120565123157,0.411630151875939,3.4569313508806525,2.009597456724336,1.8058984429496665,1.503295444504713,2.219155084938415,0.665453618139095,2.314055745223652,3.9246471113716996,2.940485754582052,1.241873257294078,0.0,0.0,1.2402559083951848e-05,0.0,0.0
1021000711,2005-06,Central,1.723962143331396,2.951463233837458,2.1984148188942148,2.4640315442121348,0.45616215912919483,3.9789827892361918,2.380591847336999,2.1337309344309867,1.6880397072103308,2.348268332486862,0.8024995542667059,2.76529312803348,4.152526391325628,3.205406997389025,1.3929037068970704,0.0,0.0,2.1474964419970135e-05,0.0,0.0
1021000805,2005-06,Central,2.0508273358248332,3.081277695152488,2.6247408263820984,2.7823314714650333,0.6411633538865661,5.386489498138759,2.2225437031260062,2.4746025964290563,1.970262429532748,2.8189186336200134,0.8599390793850213,2.8259475298442966,4.933846235880789,3.256775051459125,1.5804702800075736,0.0,0.0,2.4412275742044638e-05,0.0,0.0
1021000807,2005-06,Central,3.5527300533903823,6.57443721602422,4.3966838186262756,4.652380683218801,0.7898141733519167,6.224252232701046,4.2830485147433315,4.390621821440979,3.632604269513501,4.355648835480143,1.620157733683986,6.00089111017149,7.586872559319003,6.710828730281285,2.985988923158683,0.0,0.0,3.2485267471543196e-05,0.0,0.0
1021000808,2005-06,Central,1.8809432747414734,3.309183795588431,2.4463439916680403,2.4205284469606134,0.43407571744230505,3.7447970755401996,1.6059628353244384,2.2647723749203905,1.9707665323932069,2.539315752075112,0.9623698909556412,2.7261122003810647,4.467485104352265,3.364537857026426,1.6344922363885683,0.0,0.0,2.218038132194385e-05,0.0,0.0
1021000809,2005-06,Central,1.7826363722555179,3.0505622537901194,2.1824730467411673,2.619305285612999,0.5414290328498635,4.495373965695642,2.486650823172102,2.2767921499232155,1.8209016206247233,2.5124636606306825,0.7793628716095382,3.1877921145115033,4.782905645107726,3.1842416901760022,1.3734217761746692,0.0,0.0,2.4766363511592744e-05,0.0,0.0
1021000810,2005-06,Central,2.704188729222145,4.182243473686515,3.475893076662109,3.4766875389612815,0.6882742493960168,6.332419120445389,4.041200185185649,3.230583414163298,2.5603533258669455,3.4633487984518836,1.1412647324342462,4.094421552869187,5.474421255310473,4.382691976950368,2.0875776608096968,0.0,0.0,2.906327239414083e-05,0.0,0.0
1021000811,2005-06,Central,1.752015568225349,3.033103326517361,2.252040388516257,2.500889548541178,0.5154543144150869,4.078516661164057,1.9818605799684503,2.2605607544372215,1.881180673830895,2.5135388442187514,0.942412110957399,2.630286621261483,4.7765243158665,3.6019617792760816,1.5398532775953997,0.0,0.0,2.3514897059966818e-05,0.0,0.0
1021000812,2005-06,Central,2.1834124517777562,3.587677642842309,2.8064300344260835,2.9272614329208264,0.6196549881739095,5.46047646788806,2.6312131630582662,2.7547317039767183,2.202870998249541,2.9457048088331943,0.979228789288973,3.338027282582708,5.127644804692353,3.7535472940183183,1.8022627686377661,0.0,0.0,2.361162775828964e-05,0.0,0.0
1021000901,2005-06,Central,8.725357240093054,19.560772924647477,10.40350305795284,12.758241462152496,2.015397707055455,15.794294861426968,11.852212345377998,12.71514767204998,9.85291785828165,10.735754644224004,3.7662388387450534,20.06908509225174,20.657599649967562,18.74882139739251,6.721196483018368,0.0,0.0,7.454911776947037e-05,0.0,0.0
1021000902,2005-06,Central,5.485529731800457,10.602693720088384,6.763220318164787,7.29372880246962,1.242977825481948,9.322815625362356,6.666263268400244,7.124230319127428,5.7557520492588115,6.583078143372192,2.3154231005939248,9.987050139146373,11.557450360851025,10.289143499208294,4.550876409604207,0.0,0.0,3.8743604008824766e-05,0.0,0.0
1021000903,2005-06,Central,1.6300587492742835,3.1722649188360226,2.1155119664746387,2.476812233957766,0.38943399251614086,3.193933773720011,1.7963905798694715,2.0934519632096684,1.7187594894336868,2.311846885211581,0.8946473623054012,2.634852827335849,4.466890140923224,3.7663499840058745,1.3705202242049432,0.0,0.0,2.4215630984752997e-05,0.0,0.0
1021000904,2005-06,Central,2.6836643229840007,5.054701045203128,3.375203837423413,3.91252557867108,0.7052083752035758,5.563509116435595,2.868050076111021,3.502041731923777,2.9715795897643487,3.571340078473553,1.162980296235072,4.901931393262962,6.557190315964959,4.726309427789236,2.215251093088149,0.0,0.0,2.195371664429764e-05,0.0,0.0
1021000906,2005-06,Central,2.5103224027871365,4.165479152941313,3.084271782183545,2.9498811377247773,0.633812999011389,5.420098921828245,2.150852205133037,3.0221419408418133,2.512424162273043,2.977067641633864,1.085340930525453,4.024036980466083,5.234622168581198,3.816288212283859,2.0069840929954,0.0,0.0,2.350090351266751e-05,0.0,0.0
1021000907,2005-06,Central,2.330311537984018,4.654335696232077,2.9854070009843228,3.6845138315477155,0.5973772051798669,5.38293065843127,2.88608402517049,3.2252116363942154,2.6715627042605643,3.4810231593461416,1.171833596181659,4.21706728257245,6.85282895298551,5.706585831365573,1.9699417628037024,0.0,0.0,3.059831402340691e-05,0.0,0.0
1021000908,2005-06,Central,8.946262857695459,20.09914476689575,10.669953623073177,13.085286334648277,2.0679799879347427,16.168049313814272,12.158187809932945,13.071540780211086,10.115366661670718,10.993701110845665,3.849481325383761,20.64573198292369,21.168500870935286,19.222585542018265,6.883956918236777,0.0,0.0,7.526640645389018e-05,0.0,0.0
1021000909,2005-06,Central,5.077409793749101,10.809449095464668,6.064760617293336,7.345162860306977,1.1558878695527666,9.551651439086413,6.84789606176382,6.9776133874458806,5.582516585796243,6.436854787669423,2.3779043594174962,10.739013250662627,12.1751284106056,10.95729131382725,3.9871663918692306,0.0,0.0,6.02562056710878e-05,0.0,0.0
1021000910,2005-06,Central,4.194799287605031,8.343308380996744,5.496752241661022,6.251528180453635,0.9453911669533823,7.630444168264451,4.538993625671174,5.659654990753071,4.599515178143527,5.689211357740095,1.8158017156853217,6.97433033632115,10.252856159935005,8.704920400784413,3.5225322580636536,0.0,0.0,3.117612086471383e-05,0.0,0.0
1021000911,2005-06,Central,2.9498793653796493,5.80078171942313,3.7017394970083357,4.217885082391459,0.6920564284398285,5.579178492700348,3.3665993642995593,3.9417690972678585,3.0207076613365436,3.8462603990857307,1.2170592275617176,5.433024672109078,7.0876710127180615,5.888245737428875,2.3801298412446217,0.0,0.0,2.6777148752662692e-05,0.0,0.0
1021001001,2005-06,Central,3.0424573066013547,6.539390907296189,3.7238860366182682,4.755350209917977,0.8126324088967221,5.7776956538399356,3.752196193347947,4.322392015563256,3.5094334843310615,4.2241382684143876,1.4100013763303445,6.476071159851898,8.558954064770683,6.586283255498478,2.594056707696533,0.0,0.0,3.00701939662241e-05,0.0,0.0
1021001003,2005-06,Central,3.022116235888623,5.6910248081637835,4.131242426619492,4.6266615339446195,0.8913440889884265,6.801021962280725,3.2443969354579747,4.2635474081685585,3.2261077658249695,4.290511330825727,1.3917142077274318,4.85066243237351,8.20162821357026,6.169508825044581,2.651682440096888,0.0,0.0,2.5200569971213557e-05,0.0,0.0
1021001004,2005-06,Central,1.6531294765847018,2.9033914843041213,2.0560969706302714,2.407859518046156,0.45242741718450874,3.71037863800336,2.22555751906964,2.0816228432689337,1.6701146810365208,2.2633315541196986,0.8049980731648676,2.8038665229674264,4.304212871708669,3.2436724532324095,1.311947113054994,0.0,0.0,2.404446159937375e-05,0.0,0.0
1021001005,2005-06,Central,2.24516392405262,4.098363792034749,2.8012698535711964,2.8886981350827217,0.5609774300361982,4.478187726105829,2.2477723155244744,2.8447972390150826,2.335349129721564,2.8695776204411545,1.0640703924704709,3.770844865099696,5.160628176952512,4.227533923078359,1.954197337212873,0.0,0.0,2.427282838871275e-05,0.0,0.0
1021001006,2005-06,Central,2.4147353192484005,3.837557610027631,3.1910729595370513,3.363990317739771,0.7690608685362621,6.431614237197233,2.3962290294385973,3.07222331674817,2.4372466963474295,3.422583922678764,1.0938574477720813,3.328981389658577,5.914633531991175,4.046830545437995,1.9888308277303108,0.0,0.0,3.0194431886907536e-05,0.0,0.0
1021001007,2005-06,Central,2.3395402280540214,4.301277605065263,2.930004138023702,3.029416806977918,0.6281679643499355,4.946844813277147,2.161063151322163,3.051406410617867,2.508221145888518,3.000057632868276,1.0911035670031557,4.011013093817524,5.53848310412854,4.36807651859113,2.055812287991159,0.0,0.0,2.2634836129155744e-05,0.0,0.0
1021001008,2005-06,Central,3.3949621375183088,6.816326197191185,4.202260595663799,5.186297782127938,0.8981053561495018,6.147969016018664,4.289058916341678,4.592530477478442,3.7014509717118105,4.555795571089969,1.6371846871038251,6.3456751494764,8.995142582700618,7.231584377401594,2.92843205635317,0.0,0.0,3.219953470563812e-05,0.0,0.0
1021001009,2005-06,Central,2.994064399457835,5.2757691363921495,3.6970918698657806,3.8339165262021586,0.6550161911486476,5.80099934299629,3.609594935711023,3.5680324270141868,3.1185739318412486,3.7151249790156697,1.2679390457447821,5.148599735452134,6.2058537161262395,5.041382709489109,2.428739295001356,0.0,0.0,2.4267378325918434e-05,0.0,0.0
1021001011,2005-06,Central,3.653010153013168,7.5386234662489136,4.7638228926824855,6.170672162533918,1.0876918063246186,8.231686651795329,5.135485303558359,5.454114293926038,4.229587977746479,5.3974148266802615,1.7083362255777832,7.121321563504204,10.557361019664201,7.86217038996379,3.124004606211814,0.0,0.0,3.681644418105515e-05,0.0,0.0
1021001015,2005-06,Central,4.425644985516221,9.216863297139604,5.307420753160992,6.657405517196932,1.2565488175398392,8.399331373830814,6.093107204643972,6.413836978764902,4.839196870683261,5.744681776718756,1.8521548192593238,9.769162742969202,11.505246444219608,8.67653592787228,3.5846634551088625,0.0,0.0,3.943488309259007e-05,0.0,0.0
1021001102,2005-06,Central,2.1957717221564264,3.9340924428090687,2.8355655945133416,2.851747584173198,0.5088024486218229,4.321272084422303,1.8731247513264166,2.6875802969417295,2.317516519840562,2.9367483408004906,1.079069526690662,3.3059181619387994,5.195668554424006,3.921240981468008,1.9020984015409779,0.0,0.0,2.3732321116729665e-05,0.0,0.0
1021001103,2005-06,Central,1.8618672246225412,3.0774337090752786,2.34718494540187,2.5209900997139845,0.5593981709150239,4.673618138379153,2.1040164535936885,2.3637619034147765,1.9305139428505302,2.5458258379716696,0.9038466933596548,2.9148924500122155,4.72135621292237,3.312168159032365,1.5169431265053974,0.0,0.0,2.5675636161002343e-05,0.0,0.0
1021001104,2005-06,Central,4.83531079435904,8.541505945579733,5.702874682458447,7.070044985086107,1.9035148269093112,12.434528000737178,8.808879794555796,6.853697135152989,4.9311388004107,6.293289629554752,1.9208051324742346,10.397292429425665,12.103715103006655,7.173962435375311,3.684879154214156,0.0,0.0,6.528954752866301e-05,0.0,0.0
1021001106,2005-06,Central,2.1922337644205223,3.97788015056651,2.6999945208907987,3.231895896328673,0.6027326319662193,4.808183203734657,2.948563536892604,2.8495027359886604,2.244896389380255,2.944897778780136,0.9981563479084516,3.960983717438427,5.65164084578183,4.262281820317672,1.7285535035485151,0.0,0.0,2.7091090253479714e-05,0.0,0.0
1021001107,2005-06,Central,2.7252545523990723,5.504768195689812,3.622340099054583,4.616612661532907,0.7082557856654016,5.655777505470506,3.3301667310689225,3.7188159522478617,3.1052055596376085,4.13045871963321,1.1651014581334878,4.836825514377914,7.823934899015972,5.807742166460967,2.3685195662574903,0.0,0.0,2.0637682481965255e-05,0.0,0.0
1021001109,2005-06,Central,2.538147062747933,4.919585953569116,3.2977709240218123,3.7630304192001076,0.7099795023779859,5.603417117818846,2.5006781237341,3.574317252352701,2.643218812548712,3.448605299828726,1.0264130877411939,4.450637123108436,6.483734954058986,4.483839973582522,2.101784948649514,0.0,0.0,1.7844547770714947e-05,0.0,0.0
1021001201,2005-06,Central,6.818897392563894,11.099823607987318,8.366146712870007,9.127142333050942,2.412133432427503,16.15870182289962,11.39244821488737,9.038476581438285,6.310673441430876,8.053597689380979,2.4113065757264267,13.574324438862787,12.074545518323033,9.167770613713381,4.770270744969374,0.0,0.0,7.553298667385883e-05,0.0,0.0
1021001206,2005-06,Central,2.0980523145330086,3.9845748491983564,2.7949761273635616,3.101511058379303,0.6199302606163503,4.761732754558845,2.085416552467026,2.934721763762582,2.2963995354549334,3.0178726350636116,1.041439432494126,3.359689344184316,5.868610598245453,4.3334055357991215,1.8743793414010057,0.0,0.0,2.25743772060018e-05,0.0,0.0
1021001207,2005-06,Central,2.923681453086479,5.314104925780293,3.5088531984754647,4.246432329087456,0.8620644625981102,6.67323244366382,4.598786363556031,3.882438479707545,3.0775202124750027,3.79442342587249,1.2833268404890974,5.867832369275449,7.219493062637451,4.974938472422662,2.2407402444555333,0.0,0.0,3.6904839991584296e-05,0.0,0.0
1021001208,2005-06,Central,3.2047314786153414,5.74397069279323,4.16357612130363,4.972085404928787,0.9965125194342412,8.476874414335489,5.243251384753843,4.45202793864169,3.2615669056270487,4.480373488373562,1.2437297524337125,5.816989157232823,7.9829099569277,5.897380378180033,2.5436090908758935,0.0,0.0,2.791192259512816e-05,0.0,0.0
1021001210,2005-06,Central,2.1414696912379805,4.013325897587624,2.6255146840154073,3.0759526229515473,0.6420332907452242,5.079599130396519,2.337397603394152,2.9044667950305634,2.346483783227039,2.7520986145527084,0.9482345254840955,4.1898538324877235,5.318661561993191,3.901936587718706,1.7100640350285032,0.0,0.0,2.115551603506003e-05,0.0,0.0
1021001211,2005-06,Central,5.133043728461598,9.837415794091909,6.1163723621475485,7.543482683386034,1.5380522593986714,11.240958838703305,8.113329512444917,7.241752948462685,5.55343434898722,6.447880490337587,2.05860748075226,11.268165399028433,12.473534984626685,8.648106686967123,3.8515710012904187,0.0,0.0,4.6128916746292285e-05,0.0,0.0
1021001301,2005-06,Central,1.9162554336559543,3.703750251056343,2.297332598994636,3.0508217221196428,0.5367533201348264,4.060855130665063,2.93922900773056,2.5685580516567974,2.164835645662888,2.4973466811207725,0.8443988570783961,4.052613519975894,4.682478153890935,3.513978024140499,1.532726850113719,0.0,0.0,1.667577679011222e-05,0.0,0.0
1021001302,2005-06,Central,1.4682840034592228,2.9252788921510238,1.9229643465883406,2.2688412689107764,0.3575217807418985,2.973004831725406,1.5015716394249752,1.9069078606994392,1.720793772995376,2.0652779011788267,0.8120249011218289,2.5048923903312765,4.0383753209199655,3.2248894681837337,1.267909649872875,0.0,0.0,1.7135801977746844e-05,0.0,0.0
1021001303,2005-06,Central,1.3455766420136868,2.4748828010002275,1.7067347916266955,1.9663438007687617,0.388977550252064,3.0341887223217063,1.3644030367602835,1.7352079263637312,1.4913130980334843,1.806785709741289,0.697006893744451,2.3407298060058372,3.454546845893831,2.461802500038221,1.1364107319899996,0.0,0.0,1.7019199634141877e-05,0.0,0.0
1021001304,2005-06,Central,2.2495511202769993,4.14937686584529,2.9294114297786207,3.3166634315301398,0.6053536043696005,4.77910863104536,2.488910436813803,2.9240709036730483,2.366703787220232,3.059151184191227,1.0630759917584678,3.697694852400027,5.515617529428369,4.12452606860524,1.9354050164478076,0.0,0.0,2.1681400713320674e-05,0.0,0.0
1021001306,2005-06,Central,1.8248767541415982,3.5085817152083933,2.419084284106691,2.8157887823765075,0.45847015553927767,3.9368059590477533,2.290699918716825,2.4017560614934594,2.036204845484391,2.7844484561957095,0.9198916170671021,2.9531950601697026,5.171313058016736,4.120028720144333,1.6556872900725836,0.0,0.0,1.993339781057755e-05,0.0,0.0
1021001307,2005-06,Central,4.454984955141046,10.451903698297803,5.9902495711472135,7.41529624428222,1.1310055471327014,8.11208545197879,4.088028771297598,6.832807478850494,5.561457426699726,6.500451227681728,2.082343362606975,8.340407635624855,13.749494307543312,11.59177153205533,4.10871771071814,0.0,0.0,3.060567445720089e-05,0.0,0.0
1021001308,2005-06,Central,2.1225043055811117,3.7348814494399774,2.7043384189682604,3.00569366108226,0.5026718990095643,4.516143621407952,2.757315558461828,2.64227944597776,2.165497374551691,2.8548221978905035,0.9886163638298766,3.3588978301978174,5.155825228584768,4.4944104231801765,1.7264027656305783,0.0,0.0,2.2140475071637287e-05,0.0,0.0
1021001309,2005-06,Central,7.262369791633821,17.147771862921033,8.932769581740924,11.90491393605695,1.8716996145190736,15.418787671611152,11.121627652658077,11.533701282430695,9.008080143017935,10.345076411276512,3.5367600448144074,16.593819300141853,20.032004363632833,18.561486037724706,6.2936073167321185,0.0,0.0,7.30390239307676e-05,0.0,0.0
1021001311,2005-06,Central,1.8290877061462487,3.1732831361222593,2.2298851654728398,2.6366220478386437,0.5275138224830174,4.538392624059426,2.671880107056659,2.3428578480325513,1.8431782175732776,2.438852906467604,0.8122894080736027,3.3730035923401944,4.598851826200137,3.2696952762720843,1.3805231396924618,0.0,0.0,2.7064723326803127e-05,0.0,0.0
1021001402,2005-06,Central,3.477662341807525,6.727385415693169,4.644499089543641,5.3431648734562085,0.8630594135161411,6.946431618151354,3.026127572514998,4.6371336880825345,3.9389325496882823,4.88088823594678,1.5571751719360778,5.520614011934164,9.07517691881569,7.044136857253056,2.930652379451562,0.0,0.0,2.7665441495918116e-05,0.0,0.0
1021001405,2005-06,Central,2.7826819285545508,5.2737783040893085,3.4527377548677944,4.1894954843140795,0.7384432816955762,5.593982482031111,3.5334952686633523,3.6939570671896242,2.8934567430381284,3.739913931984922,1.2693877599131564,4.997543465100683,7.29238705690808,5.780897698142335,2.2652019705303283,0.0,0.0,2.8182886975220426e-05,0.0,0.0
1021001406,2005-06,Central,2.396250696810766,4.668212376611671,2.923931910033764,3.536302505362129,0.667697675204942,4.771750648497529,3.2939880609059906,3.2382337827140555,2.5415790148685744,3.23190423505359,1.1251691126203045,4.708982806499653,6.3337911948195105,4.7776385360994365,1.9823951846990797,0.0,0.0,3.076377844494223e-05,0.0,0.0
1021001407,2005-06,Central,1.7645899170987622,3.254570661914914,2.170089913412864,2.6365044305704792,0.46704203868392086,3.787930814104179,2.3778874233427874,2.2621640041983215,1.838934599121137,2.350179070495942,0.8334318151583668,3.244426967171692,4.491752327434215,3.468548723039927,1.3944599789693044,0.0,0.0,2.1779614325421797e-05,0.0,0.0
1021001408,2005-06,Central,2.893860054504658,5.243562866584692,3.652890598581721,3.958765751400033,0.8179806454656428,6.442574857851249,2.973843644803728,3.8099423634167002,3.037903766399365,3.728630388578721,1.2643023014447576,5.007282070250463,6.786830015415322,4.968163042843447,2.4330012214394294,0.0,0.0,2.339920701739722e-05,0.0,0.0
1021001409,2005-06,Central,1.762955071397913,3.112285744300782,2.196626659381814,2.5092249989028796,0.5038702046953706,4.074720402414509,2.000469986770344,2.2598192621243647,1.8251676085590987,2.381296406380851,0.8476058642854658,2.9796929861815724,4.54163831675575,3.391707250464808,1.434374770962128,0.0,0.0,2.2423174674378262e-05,0.0,0.0
1021001410,2005-06,Central,4.03341629407385,8.385529809227634,5.039416531565403,5.667349306054886,0.9000675209766532,6.698620660677423,4.380934805584872,5.437438604048111,4.291654733973162,5.125164244665926,1.717745481050542,7.565447792408207,9.364811304317781,8.187868462607044,3.407599758978634,0.0,0.0,3.1395632978840926e-05,0.0,0.0
1021001415,2005-06,Central,3.3374601546878897,8.181940251396362,4.1938536249100435,5.44316411217696,0.7660526641101105,5.5778577713120185,3.5304324761186945,4.757432987784508,4.1448909343408555,4.820967010345275,1.8799594957399552,6.810612816756562,9.802313282404924,9.536711473385779,3.15738421749587,0.0,0.0,3.484977400482587e-05,0.0,0.0
1021001416,2005-06,Central,1.3990688993556324,2.505127540246307,1.7573583889911397,1.9033702925597527,0.42310051105072777,3.232495031082586,1.3822834205365848,1.8155274694018586,1.5012451711178665,1.9101084351378246,0.7282706001406789,2.3373346752451454,3.6787796270091944,2.692955848228276,1.2194295256358456,0.0,0.0,1.95434870758637e-05,0.0,0.0
1021001502,2005-06,Central,4.286632736703783,8.75539438661725,5.201287906884886,6.7716550326549045,1.3311728632148694,9.270198116576175,5.620405697234335,6.253909959082829,4.981663407302603,6.097801635989021,1.9270573077802071,9.36320673446188,12.20961353644119,8.115464737347127,3.586579058093988,0.0,0.0,4.630566268337409e-05,0.0,0.0
1021001504,2005-06,Central,2.9641348998647046,5.469217849341642,4.024995950483607,4.836131104119146,0.8532865260100537,6.799486393380862,3.1937318848347642,3.911772832238759,3.3276150069241717,4.157639610288376,1.2579633140476365,5.072286847283578,7.529491921045366,5.5303026999845235,2.454551410549099,0.0,0.0,2.109328984640131e-05,0.0,0.0
1021001505,2005-06,Central,7.937587971091965,16.883263637990527,10.040362154789443,12.917952399406037,2.3359529966624155,16.843585601646925,11.079495460527607,12.292812041820296,9.847313472693683,11.017135245306472,3.2866973415492744,17.514951724476965,22.500374884994592,16.771878660595863,6.391154124751443,0.0,0.0,4.729938719954498e-05,0.0,0.0
1021001507,2005-06,Central,2.556989215065463,4.677044644885859,3.4381481420619977,3.8782759255743993,0.7030424944465179,5.7396107603349735,2.956471164620665,3.491222755252863,2.548718830082226,3.646895595286826,1.1490178970102916,4.009333529183303,6.7456645776710005,5.1320486464502615,2.121646743270564,0.0,0.0,2.4521129976460328e-05,0.0,0.0
1021001511,2005-06,Central,2.836962505552972,5.862451180240575,3.4828072383120943,4.512977953774953,0.7359608552897634,5.581677300387555,3.670832846219351,3.910221219962528,3.2527051211069247,3.7262906794396335,1.2462332471621247,6.027620936639341,7.241535244282094,5.709023119126438,2.267328129337625,0.0,0.0,2.2351346560788737e-05,0.0,0.0
1021001512,2005-06,Central,2.3663218961185626,4.843661675858353,3.0193114693604888,3.501525617604044,0.631008677961704,4.860676541126645,2.4904179515471205,3.312869524078262,2.735312955393816,3.2813605052611723,1.2317478362084666,4.289941870972013,6.494248340201146,5.6107445347449945,2.1372711023444895,0.0,0.0,2.6129438421140592e-05,0.0,0.0
1021001513,2005-06,Central,3.0555542589495386,6.51807901894666,3.776195280318519,4.7992632142426155,0.8712169911904434,5.885633643610382,3.6658708957866466,4.4036350744587045,3.4928265010448127,4.468672891651671,1.474052980956594,6.263731300595191,9.104698565810518,6.719333642158615,2.7467940688992383,0.0,0.0,3.588885130789874e-05,0.0,0.0
1021001516,2005-06,Central,2.80301909199935,5.072542305908653,3.3678922004239165,4.066052784221562,0.8256499149688644,6.419177400733043,4.408633105265831,3.7051412801796957,2.9447158758838743,3.6474560818524053,1.2401699322930853,5.582119611809005,6.930291728057386,4.774187057625783,2.1509644140509994,0.0,0.0,3.6275618720278375e-05,0.0,0.0
1021001517,2005-06,Central,2.0807426190675153,3.940445051055133,2.854583930488679,3.293366710377703,0.5311286468045597,4.348780583331408,1.8075300138228207,2.6656183202197914,2.3787633928999434,2.955271094237042,1.0425502233093422,3.065769834890187,5.678920540236175,4.182476032802729,1.8224359289381287,0.0,0.0,1.746481021415728e-05,0.0,0.0
1021001601,2005-06,Central,3.2067250484379977,6.212287672228202,3.997328372837626,4.7881538833053545,0.8851646141785791,6.95219710725036,3.6094941157185794,4.406582992092811,3.7163995823469094,4.3010340892383745,1.4205813534528153,6.153771029857981,8.460137623017966,6.22064344038074,2.6143673517592885,0.0,0.0,2.5597652892727433e-05,0.0,0.0
1021001603,2005-06,Central,2.776695080008052,5.107439096961346,3.4141885726443313,3.6915060092649434,0.7016267188432044,5.777524510728647,3.025871512200495,3.547066807204572,3.0208460313729417,3.3903200383293144,1.240655783236972,5.145992590679039,6.049510189973718,4.79162874779846,2.264233495454261,0.0,0.0,2.4271152844787376e-05,0.0,0.0
1021001604,2005-06,Central,11.57949359823674,19.28083301921626,15.497294116353233,15.956648737484247,3.5001346904978794,26.595561080820396,13.281431076144175,15.88976312567374,11.77739969681301,14.42836076117463,3.8848289575393347,20.12620163220174,23.12491274786531,18.090225738630963,8.203993078785697,0.0,0.0,6.796388317975143e-05,0.0,0.0
1021001605,2005-06,Central,2.174559196957924,3.7217302170811255,2.8125114727583815,3.249481371478043,0.6097299814048872,5.357346011157907,3.508398866039015,2.757864917518276,2.1731221488498393,2.992878223176147,0.8953669414146584,3.667080108562593,5.008726542143235,3.7492276535140183,1.7776181304423917,0.0,0.0,1.932614541238577e-05,0.0,0.0
1021001606,2005-06,Central,3.5446042149942305,6.393803937079944,4.361651327044967,4.579144094296282,0.9583443460392788,8.034708097776434,3.430812498386888,4.705505083363767,3.699824563903299,4.32278233465386,1.3938286291422948,6.517775196998524,7.906956298712102,5.912624146360803,2.779127087998036,0.0,0.0,2.66425064969272e-05,0.0,0.0
1021001607,2005-06,Central,3.252017206231954,6.090115257533971,4.019726452799115,5.0829718803839965,0.9488350048587649,7.1391768435131375,5.149685505125245,4.493424238458954,3.5082611096612712,4.1834030839575735,1.2562178934568762,6.828622557222792,7.489816610137578,5.5295532063324115,2.4990819452871507,0.0,0.0,2.2095355136396044e-05,0.0,0.0
1021001609,2005-06,Central,3.0566849094797277,5.566422527822722,3.8645212310751527,4.882390763023933,0.9679240509941616,7.3072813934986,3.895370093906011,4.147088148397855,3.153041953842105,4.146249867473423,1.1657050392073474,5.612509534641214,7.358309939739135,5.05344893071708,2.3871337895696074,0.0,0.0,2.2874727478555696e-05,0.0,0.0
1021001610,2005-06,Central,3.2176952447959164,6.419667728176909,3.951457654838516,4.405331366430328,0.8102904126339663,6.152486853797828,3.4422348984694335,4.359325581315344,3.542889842864478,3.9995199577565033,1.3988473809200415,6.3242371052621245,7.410745229324761,6.095846707984864,2.706689324452766,0.0,0.0,2.4971641006378675e-05,0.0,0.0
1021001613,2005-06,Central,3.5359347491702593,5.936271819185567,4.368174936367852,4.802633625010472,0.9673142531466611,8.183965964795638,5.47358021923013,4.530373624508871,3.601834411965879,4.561272479505503,1.4126685364011777,6.084282234868887,7.991970478094189,5.969946099823101,2.7566178912211505,0.0,0.0,3.160467057535291e-05,0.0,0.0
1021001701,2005-06,Central,2.7915994487413855,4.961410081373436,3.467237094082889,4.073546504004056,0.7965281187653683,6.16547595818086,4.149736938873813,3.617435304903664,2.832280984637142,3.684282561425959,1.1639039897565286,5.049472273925237,6.54722272975642,4.722572401239895,2.24469776769573,0.0,0.0,2.5064940196005024e-05,0.0,0.0
1021001704,2005-06,Central,2.4372119576998363,4.966107233911788,3.116278083211016,3.7712027002168704,0.5850275544336212,4.62778467732108,2.6811963785514417,3.271259046515932,2.6140548616832824,3.3662870675206156,1.203171747013453,4.328157728500669,6.595013246657028,5.602607744339801,2.0308903805942218,0.0,0.0,2.8737022139809523e-05,0.0,0.0
1021001705,2005-06,Central,2.057366424987965,3.606505162791454,2.6713952357605093,3.2074751493315787,0.5969032338175039,4.835393400740578,2.930529248027636,2.7070722999282943,2.0753138581411026,3.019214255433658,0.9880655692246889,3.139656279343739,5.738013632708426,4.408383469784117,1.7095383402694542,0.0,0.0,2.380137637701913e-05,0.0,0.0
1021001706,2005-06,Central,2.399438768061746,4.903843887512965,2.9553068048971367,3.454256267308467,0.6854290391060456,4.736078998172121,2.567243254044474,3.396689479142017,2.607170792625082,3.240881601428235,1.1164708296109438,4.7057640694282075,6.5179530867270765,5.052615619262296,2.104881566358181,0.0,0.0,2.5806704059149136e-05,0.0,0.0
1021001707,2005-06,Central,4.195065652594054,9.5135817840047,5.174262629871507,6.249354808746713,1.1064645106743247,7.4590550298670095,5.337036342728452,6.395046165125018,4.476216052728255,5.609230611330917,1.6673937015466755,9.21904911627879,10.846116823141609,9.03272011224279,3.700801360211765,0.0,0.0,3.0348021108712758e-05,0.0,0.0
1021001708,2005-06,Central,3.2293883094739995,5.4762856989988915,3.9309727184192322,3.938143656496171,0.7195332404681762,6.351831014022931,4.29337076519022,3.824949053550151,3.156143661254416,3.781751268784009,1.388333421857132,5.396001701912974,6.282970378639964,5.217731731949224,2.5023110212755575,0.0,0.0,3.444946255364988e-05,0.0,0.0
1021001710,2005-06,Central,3.057043780030712,5.011587730948921,4.149521207697796,4.484474926180052,0.932382163445096,7.551575664517175,3.0170271355622025,3.943341166137165,3.089773906717916,4.240636299672237,1.2624048602129436,4.355609364048982,7.3604791408985815,5.1307638544835745,2.4851105819061416,0.0,0.0,2.635166459929764e-05,0.0,0.0
1021001711,2005-06,Central,2.337141098863733,4.843232868635294,2.910608997974262,3.6476170069821134,0.5619235408152253,4.664078108529625,3.3059029145788363,3.159109337618954,2.761578294351861,3.068349467147324,1.1627129131486011,4.771379291130414,5.930086983456698,5.294710344545344,1.9064672022763032,0.0,0.0,2.285763680831949e-05,0.0,0.0
1021001713,2005-06,Central,1.1848139721857651,2.0087723959167088,1.5377593268566585,1.8157922692569322,0.3106061629288108,2.6952391248810423,1.5226341440027988,1.411067441353412,1.2350749107734262,1.642691223960232,0.5980677203076442,1.842678860140319,2.9350358198941944,2.2426058188274554,0.9413963697327805,0.0,0.0,1.6477521750353024e-05,0.0,0.0
1021001801,2005-06,Central,1.7168805278909218,3.0459841286620515,2.1401739014705634,2.5473329652547276,0.4995927003499931,4.254141199738489,2.239730955559969,2.2258739730314905,1.8037661408894103,2.4861390843419793,0.8211504606657055,3.037751523753701,4.772464016630807,3.3064054996389802,1.3730185749115187,0.0,0.0,2.764688266037238e-05,0.0,0.0
1021001802,2005-06,Central,4.407893766075399,8.701453886076697,5.371972658438954,5.794363925763366,1.0023967560469984,7.531920852098067,5.340524739654916,5.801111032580197,4.556240427612514,5.34920858602477,1.8447849496768949,8.307883432595856,9.520080249640326,8.437636642876834,3.6767994871436187,0.0,0.0,3.59586266885635e-05,0.0,0.0
1021001803,2005-06,Central,7.003624942289003,10.925433787425442,8.359641476887278,7.4610654745991765,1.637822433702829,13.29373594623274,9.331067572903716,8.225043943724197,6.1959075976343065,7.337780392523503,2.5593277604830367,11.062845028139737,11.180607728371392,9.06082390925184,5.3808118139560515,0.0,0.0,6.418758637077634e-05,0.0,0.0
1021001804,2005-06,Central,2.7106159739332845,5.740249652840602,3.2425851824549934,4.180633326381555,0.6845998117593689,5.011627149532847,3.5793236511844744,3.73545404281499,3.1475105370629723,3.4885679418576103,1.1331684770709363,6.113255653445467,6.471976646697577,5.044082480713776,2.224883138581052,0.0,0.0,1.838064544272473e-05,0.0,0.0
1021001805,2005-06,Central,2.571792838276312,4.549474853936439,3.3992309190370977,3.531634722630349,0.7627553523926571,6.041873483607299,2.561182228707277,3.4837457938277416,2.740458496585899,3.5158273650848186,1.2092485402247626,4.106401067821307,6.543446067785151,5.085577446608559,2.2405831655432427,0.0,0.0,2.6212930290216168e-05,0.0,0.0
1021001806,2005-06,Central,1.8167420731156518,3.2101148459709155,2.3621656987196786,2.741630091607268,0.5035284417191979,4.136706971962654,2.3269686750404723,2.3289665562029866,1.7697235956184798,2.6001090683816397,0.847558553052397,2.758151216327351,4.707230416369855,3.5862786326581726,1.536106309636279,0.0,0.0,1.7073108861928255e-05,0.0,0.0
1021001807,2005-06,Central,1.7160057943689855,3.3684140923363004,2.113140955522966,2.6333051801094163,0.4169575973697523,3.5725156507348967,2.224713739692088,2.225819750770068,1.874009385385971,2.23314053477148,0.7423796037086863,3.5329098560927483,4.0894095147546965,3.311595345400903,1.3595759111025287,0.0,0.0,1.6279509295235496e-05,0.0,0.0
1021001809,2005-06,Central,2.374490447883148,4.6918728075672105,3.00905783826128,3.5474951920543836,0.6160063561177194,4.859078575537205,3.0745137089415278,3.1883431166865086,2.575689408913858,3.2980433333652077,1.085311540281675,4.4753127131879475,6.055611894744301,4.69135956220152,2.051699944052334,0.0,0.0,2.383521082158254e-05,0.0,0.0
1021001810,2005-06,Central,3.2000805405769914,6.153671775192346,3.8420069289956396,4.768827723745163,0.8886964708632874,7.091986859635398,4.6124615926755865,4.406962967119317,3.41968944826795,4.039273091675055,1.2859918643835888,6.838182966809103,7.754088966652684,5.754771831518169,2.381331351882335,0.0,0.0,2.902033019772352e-05,0.0,0.0
1021001811,2005-06,Central,2.6085139555389043,4.823491611041589,3.1990123084504027,3.8687045481155553,0.7198376622891461,5.643022223000852,3.5092986806016184,3.457568190348314,2.6944941196709067,3.464607197439372,1.1443607645360858,4.882159866136737,6.686392584537553,5.045656804069125,2.0465071685053178,0.0,0.0,2.910690180021238e-05,0.0,0.0
1021001901,2005-06,Central,1.716069740867125,3.3416150453700717,2.12686736799263,2.486154455911156,0.3875570952875931,3.315067012307664,2.1398746173509506,2.112476746200921,1.9543585075661258,2.218710428375994,0.8553386023486785,3.295319116225949,4.058854378474115,3.3538580047184037,1.4198744197814592,0.0,0.0,1.7864607908823764e-05,0.0,0.0
1021001902,2005-06,Central,4.1297163181284,8.541519532785014,4.958174350537228,6.202394958488579,1.1696970925935246,7.877806106659488,5.682271449375594,5.9386409503749436,4.49950578936943,5.38198806507862,1.7479088932040805,9.012136135113968,10.755202871131024,8.110134729632051,3.3544795308679305,0.0,0.0,3.837447020718823e-05,0.0,0.0
1021001904,2005-06,Central,3.0168923063315387,7.532262094740266,3.8796414040361005,5.068475084718093,0.7253772811780709,5.459333229975731,3.377603096923876,4.553846790646711,3.816213459160249,4.730152516211882,1.7210182410644561,5.972013198332663,9.754702924020462,9.733649883606802,2.9975625982627334,0.0,0.0,3.449850093899408e-05,0.0,0.0
1021001905,2005-06,Central,1.8220455196487715,3.143459774666928,2.22486876347706,2.6000430468671305,0.531980245101059,4.322957871145182,2.868834681305053,2.2976438767756533,1.877194809680819,2.438596145664001,0.8829908804892022,3.321691331053489,4.5672609405619475,3.1373779087235847,1.4124530217721791,0.0,0.0,3.0301403278638124e-05,0.0,0.0
1021001906,2005-06,Central,4.489238469771766,9.70099497927164,5.54411037409653,6.416490116538013,1.027090073786011,7.681279339932651,5.055988838415838,6.208761383365025,5.1017236183050905,5.835037988661503,1.956064709640228,9.063040871135536,10.838258186356155,9.555768763092761,3.8910485093148295,0.0,0.0,3.246536418908267e-05,0.0,0.0
1021001907,2005-06,Central,2.1926749513552797,4.067303151566149,2.7598683789337937,3.121440182800517,0.6171863073139018,5.061287017794042,2.6268996217061997,2.9516241129118646,2.2261504730203914,2.9437507421115434,0.9283154925816627,4.004101788934973,5.392866757252873,4.129600537301317,1.800527241197941,0.0,0.0,2.240084749433622e-05,0.0,0.0
1021001908,2005-06,Central,2.8882115009233007,6.040712142096077,3.536049586279618,4.190087544059747,0.830831004539786,5.618745218365654,3.0909012776751164,4.1834716584227545,3.170951178726734,3.8544233769620693,1.294633045714643,5.896914633441133,7.815599961080222,6.043265875696196,2.5181922395202907,0.0,0.0,2.7841345326001803e-05,0.0,0.0
1021001909,2005-06,Central,2.3479525402389427,4.310272112411679,2.9253741625599288,3.0280932242345187,0.5877395115491336,4.6672014592249615,2.3513081310119253,2.9912627376672374,2.4487739546907266,2.993006489582911,1.1021361990932814,3.9836090416290664,5.39058621490099,4.415097972255974,2.0416625331144496,0.0,0.0,2.4736618872246532e-05,0.0,0.0
1021001910,2005-06,Central,2.6420179799816625,4.9558553028094705,3.3959869247505146,4.017487553281745,0.6966636864750968,5.611837015888,3.000541961739486,3.4884087054776955,2.9753432460183076,3.6218993279922236,1.1506467339880604,4.645244700322858,6.706677518703341,5.034820436880441,2.198447109427707,0.0,0.0,2.0223086556280683e-05,0.0,0.0
1021001915,2005-06,Central,5.8280290839639095,10.48700199728624,6.8585381263256355,8.558053557344504,2.3062721441181258,14.775389181280872,10.632342389666618,8.429164588907314,5.998836739607326,7.5013623759629136,2.2487944063635825,12.929348879002587,14.531704322448311,8.620364586615516,4.4115772974569305,0.0,0.0,7.031082886592766e-05,0.0,0.0
1021002003,2005-06,Central,2.2610555882724355,4.258326551325133,2.9733707855125853,3.480481013582369,0.5926206942839876,4.927114664264911,2.571492159526679,2.982468991744834,2.4802321632499114,3.1635826363828463,1.0246507518471235,3.839840068828653,5.776750598990793,4.288397655511837,1.909582439207699,0.0,0.0,1.9478140775594363e-05,0.0,0.0
1021002004,2005-06,Central,5.349468538533272,9.546006962353031,6.3004348631366,7.840908613594736,2.1117505847810456,13.649928424331032,9.752100396059827,7.665989149670567,5.482725987624065,6.920224276844878,2.09105554378379,11.70296683277302,13.362172906485338,7.923088280276193,4.062308195613708,0.0,0.0,6.797160675658323e-05,0.0,0.0
1021002005,2005-06,Central,2.4697477426875007,3.6713266374347664,3.373632422122256,3.338994071122631,0.6155091978646711,5.8498091510889685,2.1589936029079455,2.8367817547897554,2.364763201607506,3.3635084971701836,1.015790817081821,2.7786018839973723,5.437253537159127,4.137832678318687,1.9763092131073126,0.0,0.0,2.0439959755546367e-05,0.0,0.0
1021002006,2005-06,Central,2.740128710741245,5.011253676133434,3.673823588413799,3.9839971616285013,0.665789814669979,5.701249513069613,2.5115892286749455,3.6405725342471027,2.8318286106400783,3.7398203013850364,1.1404722362263322,4.10524999182926,6.847708152328258,5.066650676190226,2.229006232710928,0.0,0.0,2.1528091468088096e-05,0.0,0.0
1021002007,2005-06,Central,3.8968845889693555,6.742036882038142,4.724499148423055,4.78498053214816,0.8741154448913551,7.55644771339131,5.191223086012824,4.7144603826247815,3.847371275129156,4.516996925256944,1.6176424371300362,6.739753413334727,7.537903638162142,6.269292493302995,3.0051666581144545,0.0,0.0,3.721541164297929e-05,0.0,0.0
1021002008,2005-06,Central,3.456857748530176,6.7065632638025185,4.205585958025203,5.050941354172651,0.9017271670614495,7.85329438666418,4.602960971621741,4.73843601084374,3.636248443388779,4.4551554742023445,1.472161193576158,7.080951909048198,8.588942892158313,6.819961369601523,2.618357968437718,0.0,0.0,4.146796817559155e-05,0.0,0.0
1021002009,2005-06,Central,4.923870984821914,10.448907504270654,5.8845855511670475,7.116914388044907,1.120122818815149,9.284719244849295,6.639321188135196,6.743676956844865,5.405831269590647,6.253598622214904,2.3185698274541195,10.357613459149487,11.815950270898053,10.630295061458217,3.8699023946945403,0.0,0.0,5.951376705954869e-05,0.0,0.0
1021002010,2005-06,Central,3.116548735784319,5.831142297893045,4.169559497382947,4.845368889469952,0.8894287092605577,7.3443375194932,3.6162982359672506,4.276453155246452,3.4860812054769488,4.471172087804598,1.3793417409246063,5.476872027604785,8.312393191661831,5.984000122132263,2.6154659390216843,0.0,0.0,2.6193085922384457e-05,0.0,0.0
1021002011,2005-06,Central,2.73148495640931,4.859879905444158,3.3535904660402385,3.751189126624926,0.7798560355524238,6.680769346426875,3.041197320145271,3.6340825578983007,2.7757307782508653,3.5008121191063672,1.0398695382882026,5.070268647375542,6.455601041616931,4.874846878175052,2.087562819313379,0.0,0.0,2.2447006782437754e-05,0.0,0.0
1021002013,2005-06,Central,3.2856408702623923,5.927161119322951,4.4629570662538836,5.345070334811606,0.963119342779636,8.003262192783929,3.767917462623143,4.389718705133936,3.443958550481823,4.732108280594165,1.2848684361029816,5.176400487595784,8.213364287483516,5.988357428825479,2.7378544562038774,0.0,0.0,2.109890107173882e-05,0.0,0.0
1021002101,2005-06,Central,1.2652074946133431,2.2376254064500194,1.6033522310382486,1.7762849210347431,0.348595211382831,2.8148080754891605,1.4058561319354403,1.5988176486328693,1.2813936165736033,1.7751048907712275,0.6648784968113595,1.9868329600137913,3.4208282381318034,2.6766544602812643,1.0632399156840586,0.0,0.0,1.8856083312383878e-05,0.0,0.0
1021002102,2005-06,Central,3.1719628451161537,4.558070991777039,4.103756686881527,3.7290834113457016,0.7365067961017372,7.053962409633178,3.164801262751385,3.5453049628147655,2.9334065563839857,4.005886950379362,1.3141581963919273,3.880309232431637,6.167466011335408,4.918313071320965,2.4545808372519087,0.0,0.0,3.5345032753892244e-05,0.0,0.0
1021002103,2005-06,Central,3.2055802188947435,6.2572731140040165,4.218752385665438,4.600920937315857,0.778454039875945,6.054445944102059,3.1647668179960697,4.339854668642958,3.4797755931756225,4.41999706627174,1.5009364503719618,5.007439038005512,8.347156243165028,7.182483311175202,2.9220009689318482,0.0,0.0,2.5472460314182404e-05,0.0,0.0
1021002104,2005-06,Central,8.914698878000612,16.606535642210215,10.83846904451336,11.149515754585297,2.0767730476846786,16.374454032975407,12.105912887510007,11.817274949577968,9.234745043577078,9.953820450386749,3.2996295744257855,17.32326224712013,16.82133444914053,14.196896570719927,6.656404233758539,0.0,0.0,5.1444018516273615e-05,0.0,0.0
1021002105,2005-06,Central,2.3957676168020288,4.876473779347543,3.0572118245978466,4.097963170304904,0.6038790067142699,4.513928582919805,2.991423732093046,3.208944647356916,2.703067449734758,3.421425896776609,1.038547237917005,4.420605480282279,6.357209811544684,4.899849963399188,2.063562107714112,0.0,0.0,1.6100221395238587e-05,0.0,0.0
1021002106,2005-06,Central,3.069724653298787,5.636368222469436,3.916563086748652,4.085973887428333,0.7905443225486654,6.382992629790789,3.1975404814821036,4.076443635086215,3.278177892588945,4.0854040015574435,1.3962998104824182,4.991392775821966,7.443776064671165,6.2670175188854635,2.7308202116985494,0.0,0.0,2.7940212313808787e-05,0.0,0.0
1021002107,2005-06,Central,3.341517207974877,6.34370924928147,4.342418136943454,4.761003810708799,0.8322936137025432,6.794360409891771,3.405866242415122,4.420283571792807,3.8205639839018795,4.60668800640281,1.6069093792806957,5.406343210956813,8.561045059695596,7.2067034447125105,3.0211430798640975,0.0,0.0,2.626892618102934e-05,0.0,0.0
1021002108,2005-06,Central,4.477817511368732,8.799865078376307,5.613236026806981,6.225935144791513,1.2038970809126417,9.272673818877163,4.3450370839858214,6.24465606397141,5.007115863220349,5.490393604667069,1.7979908858631826,9.154664131160718,10.31487987314706,7.471105193371508,3.5182160235570756,0.0,0.0,2.7732291996298822e-05,0.0,0.0
1021002110,2005-06,Central,1.6120171535984167,2.70910644097699,1.9222837183069612,2.2919279633994347,0.509213322808456,4.130474576160361,2.1217251994565327,2.0416727870577516,1.597573428737629,2.142294116315366,0.6689619503545452,2.9126886400877705,3.984266048752465,2.716917823081467,1.217185548707543,0.0,0.0,1.936553785163066e-05,0.0,0.0
1021002112,2005-06,Central,3.2144751158596367,4.991099666725553,3.87216740083591,3.975246427540708,0.9321963876273449,7.528480550668743,4.992229516761961,3.8790997276304946,3.0123584310673484,3.900353798388017,1.253905114154315,5.388384200807091,6.555813349835469,4.509304436237607,2.4310013647010043,0.0,0.0,3.6578976758689265e-05,0.0,0.0
1021002201,2005-06,Central,6.904829474819289,15.155650899868863,8.223892679403496,10.059582981706104,1.584260544055514,12.698533718264809,9.343184975144146,9.813397549602156,7.705704322202243,8.601294167565474,3.07737807743923,15.359513283649704,16.435797632934634,14.853700652626365,5.368401403848026,0.0,0.0,6.808585940797875e-05,0.0,0.0
1021002203,2005-06,Central,1.244451648403676,2.602684928669481,1.6161521310969256,1.9782901077736708,0.2957215145023789,2.415418905848107,1.382629120415674,1.6396652857310405,1.3880715923563702,1.7968774004873465,0.683632922463659,2.245699338088683,3.566669625094318,3.0064463881083667,1.0636940305950415,0.0,0.0,1.8110810026938785e-05,0.0,0.0
1021002204,2005-06,Central,4.917368870785641,8.701330758975514,5.798105156633293,7.1930952735164455,1.9366943084420722,12.628978405692703,8.9592424073102,6.982771615085489,5.0189590440180165,6.393543085131106,1.9480377839847778,10.604762802102213,12.304700619649248,7.293528469870193,3.745273334836018,0.0,0.0,6.573049255360991e-05,0.0,0.0
1021002205,2005-06,Central,4.56079349813655,9.044469013600752,5.9444401496646915,6.890128201476341,1.1260436182079994,9.282626587770842,3.9633110831003315,6.3079216992810565,5.4354404013396715,6.894666601843423,2.1910247658139475,7.450659660320406,12.548187504332843,10.329246662996805,3.9869874771450795,0.0,0.0,4.63586902192255e-05,0.0,0.0
1021002206,2005-06,Central,3.077309324011926,5.979005938643654,3.781943053328705,4.229600999747486,0.8742941172931714,6.786362333166131,2.860394016953969,4.208375593685271,3.468795666871614,3.969251310416985,1.5336209672753278,5.815358334370329,7.440819991525379,5.759987239020593,2.6644542477309536,0.0,0.0,3.713673691008174e-05,0.0,0.0
1021002207,2005-06,Central,1.8834351120441792,3.296280527371832,2.5586648667879883,2.834030605747658,0.46778311331088657,4.120814562945666,2.133770978867795,2.385529772396278,1.8305178483495406,2.7392667805714472,0.856381148294076,2.5729747429555534,4.833669590722229,3.84930939016396,1.6045120538149067,0.0,0.0,1.747270228102187e-05,0.0,0.0
1021002208,2005-06,Central,2.492360410010682,4.0611112783624534,2.97705860262517,3.5563009535057186,0.9386806264168669,6.696227353151237,4.461249061120159,3.2522120235984864,2.4691511978239356,3.32348599060944,1.0281537637646825,4.722393920581001,6.264698315589734,3.715351479691861,1.8726687804707027,0.0,0.0,3.6378134704285266e-05,0.0,0.0
1021002210,2005-06,Central,2.0980608523626225,3.7355850626121754,2.8011114198294833,3.1753420685378226,0.525872266502503,4.434615638735214,2.1637738149680374,2.64798222435403,2.267741861257929,2.930312782833544,1.0538431097877958,2.995628214938849,5.380477389473961,4.516611478232665,1.773254391846548,0.0,0.0,2.0171274410161373e-05,0.0,0.0
1021002211,2005-06,Central,2.65526444638558,4.915861454236861,3.440391306639196,3.82279382223633,0.7860777641840561,6.376647464498613,2.6149902942470384,3.6406904755857004,2.9721243756986806,3.697718763739244,1.2349417891446641,4.501717837596094,7.132260032802572,5.030547361099992,2.273481830564605,0.0,0.0,2.5013277624789676e-05,0.0,0.0
1021002301,2005-06,Central,2.443044099160868,4.770297277861308,2.9786906682190417,3.608217185007883,0.6810780049302146,4.85716909821827,3.3580742504875616,3.3088330213000323,2.5935966305496763,3.2907589249806146,1.1423756911622565,4.821081778362938,6.45387783900787,4.868135235050784,2.0200437409207606,0.0,0.0,3.1012909252855686e-05,0.0,0.0
1021002303,2005-06,Central,1.9135099416036856,3.3367306751974937,2.3290997625392764,2.76279752948641,0.5522751642866456,4.730047613958173,2.794601867866672,2.4632747221255795,1.932202366532788,2.543458835634813,0.8414545259549274,3.5623958373665787,4.803774327701871,3.4153857936255423,1.4425293380944162,0.0,0.0,2.7579137065548064e-05,0.0,0.0
1021002304,2005-06,Central,2.07037933101649,3.668885611780032,2.534938106073416,2.883534650035911,0.6421439830744253,4.982462126878849,2.3408241673458177,2.705126181587321,2.226015476876099,2.721700252925806,0.9848075241948224,3.781290574022296,5.12508731729126,3.5520513817754984,1.6925242519102919,0.0,0.0,2.6954858573207867e-05,0.0,0.0
1021002305,2005-06,Central,9.392188592149507,15.084439257503671,11.201696894064149,10.08735807574563,2.223330752204991,17.456902501396744,12.579791715770412,11.39804030645467,8.450729870340954,9.69630868656447,3.2875679042037107,15.551882303004096,14.896827234496893,12.100556136999295,7.145016609177518,0.0,0.0,7.212167912475225e-05,0.0,0.0
1021002306,2005-06,Central,2.987793718586733,4.93254700663408,3.700258820393282,4.031110800551711,0.8112448067346743,6.998410640620724,4.617940097125773,3.758945340502031,3.0125012806432943,3.8903319951556674,1.2312573279725687,4.986241651662801,6.782546389908796,5.0709567255621195,2.3417302670377853,0.0,0.0,2.9496254178246515e-05,0.0,0.0
1021002307,2005-06,Central,7.346999354557623,11.517972775072337,8.765844206218068,7.838571126906245,1.721384115849589,13.896150756054514,9.79569995457403,8.674970399000314,6.517330989863958,7.678342907780808,2.664557550835583,11.70050342917827,11.716242453694699,9.497543636202398,5.636412998576291,0.0,0.0,6.543418898695023e-05,0.0,0.0
1021002308,2005-06,Central,1.8296547396492135,3.174378817595822,2.230551417822318,2.637469506122337,0.5276800124846558,4.539681977599772,2.672704130487878,2.3436646361499975,1.843775457796267,2.439556466845687,0.812485689091788,3.3742717686929757,4.6002289686361,3.270674326932138,1.380940108823812,0.0,0.0,2.706823209087791e-05,0.0,0.0
1021002309,2005-06,Central,6.948630140329868,16.341565016471176,8.544288590796475,11.378910875469641,1.7883547685815742,14.79443424643823,10.635004395053485,10.98500321998595,8.597782814512975,9.922833265677381,3.4062704222569318,15.769198461891646,19.17843584002847,17.76528480145769,6.031897077213763,0.0,0.0,7.178448372032732e-05,0.0,0.0
1021002311,2005-06,Central,6.795884930180603,10.567980885443552,8.114262669857053,7.232700800097221,1.5873750177481167,12.928502041874296,9.05036614556795,7.9539797583132215,6.001932477842606,7.131440513873465,2.495549324001854,10.678579931582098,10.856307368863211,8.796621445885561,5.225827056941497,0.0,0.0,6.341265358159733e-05,0.0,0.0
1021002312,2005-06,Central,3.163573502603817,5.967033352526765,3.867876926463963,4.717611025523174,0.8772571917493983,6.743586205309174,4.26061585303287,4.284944560359866,3.3006462074431644,4.151173143559884,1.3367826409519064,6.137445809459796,8.059838175698783,6.088204919394112,2.465988276134281,0.0,0.0,3.1473616410734625e-05,0.0,0.0
1021002404,2005-06,Central,8.66984712792603,19.425604741959535,10.336615097759354,12.676046022327437,2.0021933310595137,15.70032075455837,11.775376598534871,12.625726590436262,9.78702995095,10.670905880962868,3.7453116731905745,19.924335594890533,20.52917332057862,18.62981216915605,6.68025253010679,0.0,0.0,7.436685901829176e-05,0.0,0.0
1021002406,2005-06,Central,2.504899724227392,4.63102368115912,3.283449890360876,3.632627585040273,0.7071340846115713,5.678602768877473,2.442442621239657,3.3688134973576065,2.77442185381426,3.5380491564868106,1.230736943629567,3.9550248469248768,6.857324322510148,5.0220663138057375,2.199124706507122,0.0,0.0,2.346131728270795e-05,0.0,0.0
1021002407,2005-06,Central,3.3294977692070264,7.264552356105294,4.035231337896701,5.041412163340699,0.9044237923725139,5.925539193525596,4.223977812516619,4.8551268740460385,3.6188233129209624,4.4748451097758855,1.4717671156481957,7.172743615260925,9.149453391316289,7.37525718916468,2.8648929476112506,0.0,0.0,3.277321144626758e-05,0.0,0.0
1021002408,2005-06,Central,1.649067299911139,2.831696605398225,2.1084930626854326,2.182727193689866,0.420872256571633,3.7275047831977517,1.5507525385138465,2.0379953600524625,1.6686476000642756,2.1531131758101747,0.7628350820341393,2.577045978256078,3.877167334977933,2.881951621398171,1.3353793610697262,0.0,0.0,1.8615705348711005e-05,0.0,0.0
1021002410,2005-06,Central,2.4822755669881253,4.59932807055751,3.294381260807537,3.634786990072623,0.6815666939979187,5.551502329524922,2.611792241675013,3.3283066875265233,2.7108546587066926,3.564287678519959,1.1688531963978745,3.860142840160287,6.802062310394276,5.369153186371388,2.243952726197346,0.0,0.0,2.074594871432241e-05,0.0,0.0
1021002411,2005-06,Central,2.8491602185123557,5.222960885045456,3.4646801852748386,4.0107576633623045,0.8918992317066062,6.694033651981243,3.2254690051380446,3.8579777169350935,3.1141778641162565,3.67070808767386,1.2773871217018031,5.528105174917666,6.99317161465245,4.855208227455701,2.3064672803219755,0.0,0.0,3.071184842357999e-05,0.0,0.0
1021002414,2005-06,Central,1.613117231745814,2.7582282448217437,1.976216996927431,2.3138898783652744,0.4643403196837155,4.045090591808299,2.358260477942828,2.037658167632654,1.616424385149983,2.16985855924076,0.7371016084407473,2.894151963754145,4.073543396876804,2.8962337084795564,1.2212059629266752,0.0,0.0,2.5670462478738194e-05,0.0,0.0
1021002501,2005-06,Central,1.9001758001477382,3.495657761576063,2.3836785486263743,2.96548271690291,0.5351065958664979,4.165046484794744,2.4377152178454655,2.513043377846934,1.9784521648985667,2.5171707995885146,0.802180033991218,3.595632654558694,4.533750189241571,3.1731332084684856,1.5168251925129637,0.0,0.0,1.674357967751199e-05,0.0,0.0
1021002502,2005-06,Central,2.9119990732008745,6.069321011843582,4.12835527112886,6.406281340986291,0.9343943965411587,7.211600813141615,4.37494636186024,4.097758396787719,2.6823792572302563,4.684292559559113,0.9762654849827265,5.481787766589886,7.187862316769305,5.36472252636469,2.4251005161443793,0.0,0.0,2.16064303878657e-05,0.0,0.0
1021002505,2005-06,Central,5.453423430134556,11.307900546841845,6.988523701244905,8.83997610712127,1.4787267324843063,10.365111438573974,6.80478520005007,7.993583108190249,6.229928312154333,7.585090959151149,2.344820661072472,10.365017654148836,15.266869548947847,12.004711875096344,4.574730617913692,0.0,0.0,3.8413205830727076e-05,0.0,0.0
1021002506,2005-06,Central,5.656964245053041,10.150017288752064,6.658823115705652,8.30174737635879,2.236663591250868,14.373672800315235,10.31743564271875,8.15561538830408,5.814060367433242,7.293872957269195,2.192481125087508,12.489842394260616,14.113839893402334,8.371105768362877,4.286945353264272,0.0,0.0,6.949063201849e-05,0.0,0.0
1021002507,2005-06,Central,2.678440699393864,4.398411147633892,3.1909994370847348,3.8315623755917203,1.0105247416638663,7.152802088344061,4.792583309015727,3.5222010183796244,2.66233141969308,3.5542962360004857,1.0893051468925286,5.149481668564502,6.718519775433927,3.9842607608118374,2.0080732899438165,0.0,0.0,3.747994573686655e-05,0.0,0.0
1021002508,2005-06,Central,1.7810332079658961,2.915934562098976,2.546102989012271,2.9031725318347195,0.5093232795745337,4.383662957473978,1.931579810386286,2.1601878312819722,1.702322401207907,2.7299330699562354,0.8761783032317453,2.0532646491415933,4.524480127015226,2.9745611589816123,1.4877850501511936,0.0,0.0,1.814583390072334e-05,0.0,0.0
1021002509,2005-06,Central,4.431522974696735,6.620013928835907,5.5117176232588445,5.233406991002821,1.2038133680805565,9.918605371570774,6.565666346487015,5.220579882823443,3.9215838458320444,5.081460966111021,1.5946111363107789,7.188471423141574,7.587946131270638,5.805081696766864,3.207980945758477,0.0,0.0,4.26912795728983e-05,0.0,0.0
1021002510,2005-06,Central,2.3491390664255434,4.156277735891725,3.0231196095557564,3.625795833370736,0.631896247232118,5.15208641795075,2.8443105168117584,3.002385851281737,2.2893240736777583,3.3943577320419887,0.976249979568066,3.5423572442121274,6.179429816231333,4.496084005230579,1.929817414488704,0.0,0.0,1.8130578003716783e-05,0.0,0.0
1021002511,2005-06,Central,4.312807101615484,8.140140583360562,5.141905648873619,6.321003311406374,1.2851958595372208,9.559847094845757,6.801198286288337,5.972916402262769,4.6254009706409835,5.469226611597087,1.7732329421926167,9.23396088163419,10.53113718317717,7.283861374275143,3.2601825967283227,0.0,0.0,4.3107514266319314e-05,0.0,0.0
1021002512,2005-06,Central,1.7513655915541337,3.267849898013704,2.3574610791652675,2.7304285295989428,0.39392683389375244,3.3826972401731132,1.9550724195792535,2.165183619565632,1.8458310646962535,2.5510337361740127,0.9780362033261334,2.3993892012437,4.805320991148339,4.283092811518106,1.5384951258987103,0.0,0.0,1.7492140555496286e-05,0.0,0.0
1021002601,2005-06,Central,2.7650643419325647,3.9060240136175945,3.591476552917045,3.221981732257291,0.6383321987384019,6.212705310666432,2.7562064936819652,3.043864501766585,2.5377457394515974,3.5175766954032994,1.1833340071019558,3.266016926890692,5.393674956996271,4.297438673269471,2.143077436534785,0.0,0.0,3.328271817517662e-05,0.0,0.0
1021002603,2005-06,Central,1.9646711316175332,3.2164267843022536,2.5273615091831445,2.6881786075403555,0.5493778818862362,5.092764180512222,2.4128712473861738,2.480362491903704,1.9271210402015926,2.689507606394538,0.847246441619391,2.9969602422011374,4.741359263161581,3.555182866221729,1.5675926455628573,0.0,0.0,2.1810265716393878e-05,0.0,0.0
1021002604,2005-06,Central,3.1512918623096304,6.4867741445194165,3.9767883573393275,4.77742615876982,0.8381176983235172,6.511595485178491,3.321557243712189,4.475254381530541,3.554120529851314,4.066891052150192,1.377177395600729,6.388077657867707,7.952717233173336,6.256537646761902,2.525068673303763,0.0,0.0,2.6947271241337792e-05,0.0,0.0
1021002605,2005-06,Central,2.7497387854742903,4.702764738867316,3.540686341545033,3.7240954094296526,0.817250329451702,6.890710347074266,2.944696421018925,3.6209825813100216,2.878901300660172,3.664242571463782,1.1824049824715812,4.431180253005437,6.5958628215985105,4.801522287877028,2.3022950362474117,0.0,0.0,2.3893581877853206e-05,0.0,0.0
1021002606,2005-06,Central,2.7133114813430756,4.984403964419254,3.3261014532260784,4.047771259321832,0.7198107357568916,5.609592177808991,3.4836421626834384,3.4860332798571014,2.8854945493405815,3.614618218065413,1.09148090972395,5.114561062258195,6.52725622850488,4.515008809657534,2.1300723610943137,0.0,0.0,2.2049982943311193e-05,0.0,0.0
1021002608,2005-06,Central,2.8087383393324012,5.103893600879921,3.5306041571161892,4.002866879894639,0.8220038683646406,6.859969118535492,3.4781255715406827,3.7885131566008012,2.901383064516671,3.655764008189943,1.1375485667726803,5.28095942073574,6.5739375832513165,4.871502951241191,2.2289283610682045,0.0,0.0,2.539965964662662e-05,0.0,0.0
1021002610,2005-06,Central,1.882897959004851,3.1123871055634105,2.7854329714919452,3.2520091862419918,0.5070088747761639,4.578785589483246,1.8654608504097936,2.27359600501644,2.025718154962541,3.110979711187462,0.9829020911614984,1.8405679393305463,5.496535145183849,4.280032439257672,1.7040403258902272,0.0,0.0,1.7239929129753962e-05,0.0,0.0
1021002611,2005-06,Central,2.581318258280027,4.391555424127246,3.125815453269369,3.316170630401414,0.7699306929966826,6.231763269558556,2.58477294703296,3.3352109210721794,2.532860038573878,3.193698912578517,1.002387371287967,4.645224336194822,5.797567728279556,3.7396061864997865,1.9490458099073107,0.0,0.0,2.156592054156732e-05,0.0,0.0
1021002612,2005-06,Central,9.980319840581506,17.601234320683808,12.63434687130397,13.036542765617709,2.6132441403157967,21.37787864095757,8.290700633557545,13.726592079280415,10.907314893900871,13.113770993558223,3.9086846536607305,16.57166440603589,22.591633589490005,17.700426693261274,7.66953949198174,0.0,0.0,8.259507256638792e-05,0.0,0.0
1021002613,2005-06,Central,6.873422181107279,12.542923320151433,8.318349224576457,8.562676575084009,1.580013362520244,12.819498426872832,9.25965852397088,8.85818599532532,7.0089606219221094,7.753059130795373,2.620168011197106,12.954000096662046,13.071999901954353,10.961619804018406,5.194560558701421,0.0,0.0,4.6595656574767764e-05,0.0,0.0
1021002701,2005-06,Central,2.9394812714869936,5.889630299841687,3.92482237185435,4.743637666986761,0.880343477951282,6.433184029851905,3.4665264428730866,4.289955913208474,3.1705580202568204,4.311630027983564,1.358341587099754,5.0581648370813515,8.389658822124773,6.246192864917724,2.5978338125427083,0.0,0.0,2.5957708155993713e-05,0.0,0.0
1021002702,2005-06,Central,2.5682663501326446,5.035947192180583,3.3713850499333984,3.976705389580854,0.6587032291638771,5.236224438794083,2.665012912826311,3.430464878054193,2.7946354742049055,3.5468229585892486,1.1249350006172303,4.523907749437414,6.462454124060153,4.621545460964305,2.1560622745654205,0.0,0.0,2.1272267615262262e-05,0.0,0.0
1021002703,2005-06,Central,2.04595010352988,3.817456613599873,2.653068345961093,3.05708686861135,0.5238738045662873,4.242565289667833,2.7990220887061232,2.6752297875050304,2.130653525876349,2.883556220631656,0.9931918567282961,3.3413634307465134,5.284304036152277,4.416684630506297,1.785416122122082,0.0,0.0,2.0915500144986304e-05,0.0,0.0
1021002705,2005-06,Central,2.312857344169604,4.027905142517267,2.967966708291222,3.219440381128451,0.702974720614885,6.039330802793593,2.4350247008198167,3.1206665761881145,2.3808788502140548,3.14698366630542,1.0101224155723523,3.791860538591747,5.930069714975782,4.248055556461454,1.8632034106491788,0.0,0.0,2.464275062861821e-05,0.0,0.0
1021002707,2005-06,Central,1.3028609894950618,2.3221172876706,1.7019475680860061,1.7884155168262559,0.32231293719498316,2.728348827942491,1.3152234332678938,1.5993227894518465,1.4051659535890173,1.8250947236970665,0.8054497604082248,1.8446584999324267,3.4316797250163664,2.8901076661468355,1.1467757456534573,0.0,0.0,1.9619673665137508e-05,0.0,0.0
1021002709,2005-06,Central,2.8465413169230622,5.853905280882016,3.638005605860814,4.066813011022237,0.6211074039820536,4.683262303185175,2.997707251498061,3.7126141515460365,2.9985913829164113,3.767802104626992,1.3672042746568478,4.821684253529028,6.97442602615893,6.314854676925343,2.5349342602683156,0.0,0.0,2.5830739771480854e-05,0.0,0.0
1021002710,2005-06,Central,3.199629921928567,6.442607631341387,3.8647481927405996,4.771753367064274,0.8988153993296858,6.224273500016938,4.397072615262771,4.469850962898611,3.4415897239987308,4.235013730658804,1.4169601346260314,6.669761923880789,8.389377502196101,6.326261464849987,2.6237555823742036,0.0,0.0,3.464895346292452e-05,0.0,0.0
1021002711,2005-06,Central,4.658616476203256,10.062246901638167,6.053601270348152,7.168193145314398,1.1744720681491023,9.03280050340081,4.180399740883475,6.786290465909262,5.67257637093101,6.515359008315241,2.1610940693818623,8.633151478203267,13.168169360828044,10.550483257419689,4.086915260622453,0.0,0.0,3.408736585133352e-05,0.0,0.0
1021002801,2005-06,Central,2.6756628268947513,4.99333987371793,3.605098147755364,4.4399112013644855,0.7869001144927638,6.016569389675385,3.1258990409816665,3.684752661607182,2.8139143245478144,3.9111585894487084,1.1332773236296911,4.243774611271012,7.170630232065867,5.3194091920582895,2.241825425978,0.0,0.0,2.2067051987212157e-05,0.0,0.0
1021002802,2005-06,Central,3.7699954495273387,8.012560527130347,4.686576691841163,6.0621262776685345,0.9888786298727441,7.217573751134788,4.425215090326041,5.34432715744362,4.419578308000694,5.189834215004924,1.6705486399535607,7.901731161541094,10.34344067557651,7.620436662165759,3.0741882270325056,0.0,0.0,3.145785853644864e-05,0.0,0.0
1021002803,2005-06,Central,3.4730299200506027,7.090922637501521,4.189848118074282,4.96008136042084,0.784178245096121,6.734287496181898,4.676529730818681,4.575036073513674,3.7518196418783822,4.506547372062613,1.7509169466615704,6.8285356127493,8.41094457140325,7.540022178037461,2.751232083399149,0.0,0.0,5.155537017913444e-05,0.0,0.0
1021002805,2005-06,Central,1.8837811132170887,3.502546155828691,2.3655858029194814,3.022131057526422,0.48183434040361217,3.8564092985085696,2.28635702030461,2.300089961227764,2.0623896010587,2.6966054236491437,0.8392786373538521,3.325288263855275,4.957612476630578,3.4055923277356794,1.5482758627368205,0.0,0.0,1.6199006396994356e-05,0.0,0.0
1021002806,2005-06,Central,1.5787263795177502,2.795949727273055,1.9989351098510575,2.4154548537409672,0.48708322415831534,3.6929308696351044,2.418368060352754,2.0390779266717045,1.6375407916967453,2.243857794938413,0.804194968285872,2.7125436025507152,4.210893806311564,2.915229041365844,1.310758997168567,0.0,0.0,2.3260877672077018e-05,0.0,0.0
1021002807,2005-06,Central,2.7763485472804708,5.396735261743881,3.358634073049214,4.105692537158213,0.7774084425937658,5.916948566374516,3.7412939868397785,3.8508408630037767,2.8744242931934387,3.670826111924184,1.1497949874483535,5.66486912421751,7.230867760731244,5.4577848987029185,2.169229390597049,0.0,0.0,3.023247046712945e-05,0.0,0.0
1021002808,2005-06,Central,2.0673139888890137,3.2857731103532517,2.455374065749521,2.92887464067175,0.7609690463242368,5.583100313961767,3.6563412241960664,2.6212800523119895,2.0140557498287737,2.7630645695356253,0.8339292943121234,3.7840934211938526,5.151881403900196,3.0739649510344567,1.5294900820002457,0.0,0.0,2.811096183594002e-05,0.0,0.0
1021002810,2005-06,Central,1.8728636280828763,3.6280733609963565,2.507949361914605,2.9548423337128322,0.4692399534156273,3.899987141866389,2.069110940439712,2.509501457025768,2.0955160904048644,2.7775270554336813,1.0149186153865601,2.806062381349209,5.680138718383613,5.219005415753211,1.6736328712549355,0.0,0.0,1.8619644704205368e-05,0.0,0.0
1021002901,2005-06,Central,2.313224243058204,4.100705290615321,2.7967376274631426,3.3338270180202354,0.678466198667001,5.380280345824476,3.638529484594766,2.994197704242867,2.408820246492808,3.0474120619642213,1.0634748624062778,4.4377968959800285,5.753299162139415,3.958283672145288,1.7842421617554314,0.0,0.0,3.351087577118997e-05,0.0,0.0
1021002903,2005-06,Central,4.212779636884728,7.335805758625111,4.982023673543638,6.136322003287657,1.6525057670899619,10.952631322984603,7.670267605546685,5.8820715020223036,4.267671175041767,5.529954214270149,1.7133104700637791,8.836139403539237,10.5771252798966,6.266611159119381,3.224645620747756,0.0,0.0,6.176249328778605e-05,0.0,0.0
1021002904,2005-06,Central,3.7048563977446656,7.320261280018798,4.770484084580367,5.3380684680229535,0.907116823969099,6.952694097015368,3.498103861335463,4.999805144604819,4.077592326626864,4.782456335140542,1.5865622222576006,6.590360658501925,8.698846454559835,6.780232682816428,3.097615966459533,0.0,0.0,2.6985297052566068e-05,0.0,0.0
1021002905,2005-06,Central,3.4682194625116,6.356384503958779,4.5796540181720875,5.3066837600842796,0.8631732488747601,7.640780370770085,4.043329257499627,4.5982685589119665,3.884639330113589,4.900631878534871,1.5950680345557051,5.459760628405194,8.85002344241448,7.670706249348246,2.812428185350421,0.0,0.0,3.2421000043444984e-05,0.0,0.0
1021002906,2005-06,Central,1.8616293610852503,3.1722433436914734,2.536763632337546,3.088853223770719,0.5125311846649465,4.050955654465633,2.275914828500898,2.356727445775614,1.8325814180427518,2.850977784740717,0.8537540256500248,2.3620192242037907,5.141686502065409,3.767518839037063,1.5463043923275606,0.0,0.0,1.8916200496052635e-05,0.0,0.0
1021002907,2005-06,Central,4.01814163073996,8.42351579230906,4.948474484461321,6.152597871755865,1.1727487648993902,7.064563889295843,4.985910242605114,5.783338349985131,4.307776306677417,5.564194651509724,1.8620097853282893,7.9343275821949275,11.31054739628855,8.819643688104858,3.663460120223387,0.0,0.0,4.213050826962636e-05,0.0,0.0
1021002908,2005-06,Central,2.272238207402907,4.047924941404141,2.7522801363790728,3.31084399343358,0.647780119336146,5.656647325976388,3.2015377931127835,3.0122520109993327,2.259387468705294,2.979993148767521,0.907768317652537,4.380286544195616,5.668330718894851,4.151534535413326,1.6654384860546367,0.0,0.0,2.7578472466251814e-05,0.0,0.0
1021002909,2005-06,Central,2.0937310511741116,3.722610348085364,2.563364247122571,2.9610435402604565,0.6313164793321665,5.188191959321265,2.4530953208294286,2.7644952287025446,2.186723775893922,2.7490275743049386,0.9202577869367872,3.883141305173161,5.22728583897263,3.734004898616478,1.63966308110195,0.0,0.0,2.5362577945830014e-05,0.0,0.0
1021002910,2005-06,Central,4.0232939277924675,8.23220316629441,4.98696490436593,5.508943061716164,0.9017127966767234,6.5608704563723315,4.5943320949907696,5.322915132950931,4.225347368030345,5.074301383024335,1.802244958438069,7.298208589708283,9.286114794515008,8.631161503586815,3.5556324180543966,0.0,0.0,3.2183752202691004e-05,0.0,0.0
1021003002,2005-06,Central,2.9130839824299706,6.004056086428336,3.7258405017580447,4.67966952393626,0.7204144819779082,6.096326175761442,4.270744005464816,4.077209448019724,3.5083711842452407,3.987631294479818,1.4259101490811903,5.660611126364969,7.79622639808415,7.149781669021079,2.4108834961670076,0.0,0.0,2.533639547514928e-05,0.0,0.0
1021003005,2005-06,Central,2.7901409771008745,5.7462443104256185,3.5556905196680617,4.245102073698861,0.6505489664015641,5.088975084104532,3.403200092234074,3.79268727768491,3.0975774334307418,3.7130570450879277,1.2414534146787184,5.220484170672577,6.909512314736263,6.042631073253839,2.354114358269614,0.0,0.0,2.198636225831514e-05,0.0,0.0
1021003007,2005-06,Central,4.100009212750848,9.77473437514966,5.3393410111362725,6.8300605242006,0.953788909794545,6.954526697255795,4.378780977418432,6.027011540321698,4.916121031049381,6.062678156948325,2.198163313673737,7.495757080699918,12.261468993074114,12.135146534876272,3.871808229336939,0.0,0.0,3.882945453014252e-05,0.0,0.0
1021003008,2005-06,Central,2.609861988953816,4.705538358004004,3.1498748794161426,3.8031748131229732,0.757834252370717,6.291134441558326,3.8101224030606016,3.4768009468415917,2.673818037541461,3.3971434959237583,1.0785432577194698,5.16164758185989,6.4864773821056625,4.612970420965581,1.948718537958042,0.0,0.0,3.1320716783270344e-05,0.0,0.0
1021003009,2005-06,Central,4.731845329437964,10.150441210107294,5.8734665676652975,6.548851784739927,1.0825449425442655,7.88499037771247,4.967889922018449,6.52068705056715,5.245327596555467,6.285405849503976,2.128873524481952,8.947016286829665,11.393553832524782,10.182359181772064,4.391884972379869,0.0,0.0,3.9006098731463494e-05,0.0,0.0
1021003010,2005-06,Central,5.173546481757001,11.842701836649,6.422963583131914,8.052488696758294,1.1840185468443518,8.837230200311275,5.929539094676588,7.44412115238139,6.086308149964336,6.620357904724425,2.3052760430952577,11.300208677073302,13.060915186460443,11.679023652240254,4.111020339046883,0.0,0.0,3.769951410966201e-05,0.0,0.0
1021003101,2005-06,Central,2.6509543994226714,5.035785403635381,3.5613825889399187,4.648120630843303,0.8149620662227753,6.053835274463877,3.273094658412413,3.614400231786394,2.729500066430998,3.8345756144642418,1.1145371559423614,4.449883497872686,6.729568332757719,4.74427189325544,2.2038505629740324,0.0,0.0,2.128072902798195e-05,0.0,0.0
1021003102,2005-06,Central,2.899910565787661,6.0069926574911525,3.940664112726657,4.646134373799217,0.6332995913216158,5.063356947730851,2.9530183165499735,3.8329125281277583,3.2614186735786994,4.255151547893798,1.5041433146272432,4.251347165888475,8.046500454064786,7.183858191782277,2.679486326187482,0.0,0.0,2.3101790126324653e-05,0.0,0.0
1021003103,2005-06,Central,1.063800749700964,1.9523502877704229,1.3297367708399208,1.5449699364307046,0.26142558933803134,2.249557924353078,1.1938445292624122,1.2569158004751748,1.202474914832204,1.4313988158078899,0.5539415169887597,1.9329485065397995,2.6789137667909864,1.9382829530515913,0.8869439533542457,0.0,0.0,1.2441377659004734e-05,0.0,0.0
1021003104,2005-06,Central,1.625857116090985,3.0356060124581363,2.146189493423563,2.921691249751783,0.48231790056660595,3.7203029628114215,2.2920228420109305,2.125429682020392,1.55501273195817,2.426573594037733,0.7170445612165313,2.6486544069447198,4.219841425656908,3.1953347496634077,1.351573557744195,0.0,0.0,1.6692275586986068e-05,0.0,0.0
1021003106,2005-06,Central,6.997757905578827,14.063535822186884,8.595778480167482,9.32096372604287,1.6398191399206665,12.575440575633518,7.740069357260039,9.5398500113643,7.774218927719822,8.809136322956808,2.9415566747653257,13.416525231367677,15.123486448606554,12.673554779562926,6.000884427607376,0.0,0.0,5.039071368335914e-05,0.0,0.0
1021003107,2005-06,Central,1.8546284654347753,3.621966587813756,2.366938633342464,2.923449105018049,0.5096379949979547,4.070759819245315,2.278767956745139,2.500935218607783,1.9781605334550654,2.4685676397350265,0.8059418937330467,3.6263877334168884,4.452674971292348,3.327799007054162,1.5165384784687324,0.0,0.0,1.7439325021190002e-05,0.0,0.0
1021003109,2005-06,Central,2.5255532711196556,4.737335127434142,3.259415661039352,3.5399668264647697,0.6003669740962003,5.284069998617019,2.4723199690986717,3.228330248453493,2.9063603994262084,3.530633022330501,1.2281556357968098,4.126064838498134,6.524508384211791,5.186254177306123,2.217009797075644,0.0,0.0,2.245845027629297e-05,0.0,0.0
1021003110,2005-06,Central,3.356119697283677,6.1842941324295255,4.384614603422934,5.077687245634171,0.9093868936343675,7.416005359047621,4.2278585044643995,4.561129102167895,3.6491008124397926,4.57771903008275,1.437388488182645,5.636026850874358,8.442137007369412,6.772796495731716,2.813536674681345,0.0,0.0,2.253259475284985e-05,0.0,0.0
1021003203,2005-06,Central,4.2813512665800975,8.075402459729967,5.104692938890537,6.274081528508313,1.2755407112596198,9.495097150512025,6.751050953427474,5.924708768795454,4.590002233543876,5.431574705330307,1.762244725800634,9.156504814186707,10.456470315876627,7.231574290543038,3.237359205777236,0.0,0.0,4.298386619479091e-05,0.0,0.0
1021003204,2005-06,Central,2.347231045853658,4.522131967874874,2.9922367142180546,3.2160490876379537,0.5704157680181406,4.458465706830641,2.2605254994526582,3.0624928307180777,2.496460341360727,3.078152047085351,1.1049086130977295,3.9906146561439484,5.649459413104035,4.57204618286678,2.049157085900441,0.0,0.0,2.3106576504028417e-05,0.0,0.0
1021003205,2005-06,Central,2.9892938955549475,5.606273212047861,3.657396767036963,4.451125991642262,0.8276806978634871,6.39934975776971,4.024255726187348,4.023314237602854,3.109561613938609,3.936271972346262,1.2766127154685019,5.740477642215247,7.629304030330386,5.761003087092632,2.3347948112918124,0.0,0.0,3.076398797350662e-05,0.0,0.0
1021003207,2005-06,Central,2.455628897496066,4.797782685838316,2.9934177903085946,3.627559714975605,0.6846783801648992,4.880122139795296,3.3753130600945975,3.3278466158560476,2.607595628768908,3.306577070323853,1.1469980271336133,4.85128119042028,6.486166201838163,4.892466254770613,2.030162563750387,0.0,0.0,3.107935157792899e-05,0.0,0.0
1021003208,2005-06,Central,2.509307001520176,4.281431192591289,3.078972741658042,3.2812872750460897,0.6065611982163074,5.607209402256857,3.3149668062862423,3.0775253472653152,2.4528575680577767,3.11423600537075,1.042065587797085,4.350102085396567,5.4259304241165855,4.336382019213393,1.9010412390971108,0.0,0.0,2.8401272045739043e-05,0.0,0.0
1021003301,2005-06,Central,3.0611161014577157,6.194177456177561,4.102304321316402,5.072970191852931,0.8348213614756025,6.116555906732044,3.2316995996603115,4.290172021420125,3.2886580828414504,4.331428595208814,1.3514131167615204,5.19531676188812,8.07409732975998,6.269398141850201,2.6326502216357377,0.0,0.0,2.3776319090042096e-05,0.0,0.0
1021003302,2005-06,Central,2.4083505934017215,4.54226566353373,3.0143483849413832,3.488022360780706,0.567791239834515,4.83404010570239,2.9306047652080363,3.093678106051829,2.5026521941034185,3.077831274565916,1.0190611599647001,4.449792950388438,5.528814018878482,4.432755256000816,1.877330810536982,0.0,0.0,2.2734557968840503e-05,0.0,0.0
1021003304,2005-06,Central,3.710746746599433,7.047753006182931,4.734808419499643,5.277905702765704,0.8889135728494849,7.281101038254956,4.546102848810187,5.002487017698829,3.8128669682102525,5.011877586816543,1.5540992095430641,6.205974870790157,9.384572510654916,8.458597832148065,3.1293358082826197,0.0,0.0,3.0193749046602312e-05,0.0,0.0
1021003305,2005-06,Central,2.257356470390282,4.5827519645046255,2.9195407162209595,3.1860139741094744,0.5786391663405984,4.236648404865853,1.880316146331419,3.0701169421954253,2.494483716315942,3.039870135832914,1.1793442540283867,3.761393943295844,6.053688702426905,4.825868090766438,2.061647665044453,0.0,0.0,2.3068771630805896e-05,0.0,0.0
1021003308,2005-06,Central,1.6739892723277991,3.2681153000519196,2.169947779134186,2.547147677430551,0.40000832441699086,3.2730709110936917,1.844425937591933,2.1561226480193363,1.7669736036598025,2.3699322616068517,0.9118619655544,2.72408243208143,4.583184781929425,3.8664583210659065,1.4067992678283812,0.0,0.0,2.449683071403195e-05,0.0,0.0
1021003309,2005-06,Central,2.103430127406691,4.153029007708042,2.9935131129848043,4.348220230043832,0.6336694589806441,4.898381139596078,2.829588772678389,2.7518997804616765,2.134750983111934,3.3143236337148507,0.840049398546662,3.4884820388779305,5.371112249307238,3.8148919216622574,1.8238599057986746,0.0,0.0,1.630392540012494e-05,0.0,0.0
1021003311,2005-06,Central,2.2574908723588796,4.406305869395802,2.85401071846385,3.4761997298694007,0.5831767185758805,4.28153652981571,2.6971468971912356,2.966940278180662,2.4319145225082424,3.1186130741670177,1.1308112061527704,3.9895564495078437,6.059987304948763,4.600122469869564,1.8947390302238643,0.0,0.0,2.6500988810676148e-05,0.0,0.0
1021003312,2005-06,Central,1.8171896485310937,3.3761546076098865,2.333445770034987,2.7799187398893643,0.509440464990591,4.023280093652293,2.07337089344353,2.4170683247933877,1.9510724603959606,2.4002207603295846,0.8218935111155747,3.3332030797992607,4.436717144511593,3.1913208326947347,1.489486852121481,0.0,0.0,1.648238212677964e-05,0.0,0.0
1021003402,2005-06,Central,2.89510236682903,5.274778214088818,3.487730232158358,4.2288957548869694,0.8426621332502003,6.922551794115531,4.227940887415259,3.900894329022249,2.9809502071920058,3.743110660368029,1.1743621475363895,5.831743493194794,7.172377913443393,5.102229167810663,2.1536050971335734,0.0,0.0,3.265293587329245e-05,0.0,0.0
1021003403,2005-06,Central,2.008633857852632,3.3654028992988017,2.652668465492328,2.855542180521312,0.597750926455158,5.086569261896042,2.3222324031762014,2.5751973159461246,2.023598551405761,2.840842148370789,0.9354703674232951,2.900473567760109,5.067060954459154,3.6958758338696773,1.7191632284198421,0.0,0.0,1.954854500399995e-05,0.0,0.0
1021003404,2005-06,Central,2.3135828195181323,4.186738745342853,3.0261352073592693,3.27374356441013,0.6391574860765663,5.424373048873366,2.134469618833261,3.118949305054034,2.4915896512446354,3.1724570590753105,1.0799228984676923,3.645102288035303,6.1313235081818185,4.624463790183826,1.931437447357581,0.0,0.0,2.4564759474554153e-05,0.0,0.0
1021003407,2005-06,Central,8.556602181858638,13.62035238000718,10.203049015719458,9.16859933357759,2.0174135933050277,16.007143984865397,11.438915665422238,10.27714591615312,7.657087666944895,8.873755309100655,3.033686234265697,13.96852794677273,13.5993028403031,11.036539643525506,6.531394613077693,0.0,0.0,6.9526288637306e-05,0.0,0.0
1021003411,2005-06,Central,2.1702199611895847,4.133300546298427,2.6772632909240834,3.0054796537638304,0.5500545043356388,4.53303057386885,2.4105878397224,2.8621533662130454,2.2741959667635676,2.784040530697767,0.9419566436878122,4.086086768409434,5.176713562704663,4.222493639192549,1.769183876942688,0.0,0.0,2.0954163881842226e-05,0.0,0.0
1021003412,2005-06,Central,2.864654617493401,5.531246595638674,3.625707649166216,3.9931669962238274,0.7000521623803666,5.558848476199857,2.8267847082543756,3.690982205718727,3.248284681253758,3.7792554399203273,1.3988448099861523,4.982475688761537,6.971015525847186,5.696047958412213,2.5422204523938214,0.0,0.0,2.4418801206821068e-05,0.0,0.0
1021003413,2005-06,Central,2.4173337723467867,4.615230489295867,3.084003982307497,3.533254926991258,0.6742136810235331,5.050421303688711,2.217856583854144,3.2715262564630723,2.636441855458017,3.2041394442591873,1.0938713514034049,4.252436810520561,6.17312584016518,4.268001225851697,1.9948705553926924,0.0,0.0,2.2508934628121023e-05,0.0,0.0
1021003414,2005-06,Central,5.595746279461848,12.892440224048473,6.8799964690092965,9.109630158046409,1.4307688031833188,12.087634042946897,8.545004272799664,8.64769466145357,6.84241491569979,8.092399397469826,2.8402864636780967,12.253195564577567,15.492888473311108,14.335553008084112,4.894225790980442,0.0,0.0,6.586697829582815e-05,0.0,0.0
1021003415,2005-06,Central,4.519090699984539,7.03868285202004,5.5511361379050115,5.965409262435821,1.5787904516322633,11.030665262979738,7.51343166416895,5.716987564927786,4.086369237961434,5.470867898186393,1.722237594665807,8.339410108983394,8.052576794903521,6.06707291085062,3.2021386659598887,0.0,0.0,6.395015958484689e-05,0.0,0.0
1033000301,2005-06,Central,3.016386215098989,5.603629610636134,3.8332187792502,4.693605255252649,0.8413111720463041,6.91744869567679,3.9913700544808313,4.165940537029336,3.1963659045498742,4.200596755300161,1.2600284225340563,5.43204076422696,8.168975095939068,6.042267013776847,2.3527202778520557,0.0,0.0,3.0463760004085526e-05,0.0,0.0
1033000302,2005-06,Central,1.5632189420933684,2.7198054478292804,1.9552138667776107,2.212173200773919,0.44574878556978453,3.6476504137586,1.7742268262118261,1.9759916860759728,1.6081649587421467,2.128737458134143,0.7735938015970285,2.5685708226609947,4.04248577044416,3.019487770404595,1.2750736817173995,0.0,0.0,2.1305093447711714e-05,0.0,0.0
1033000303,2005-06,Central,1.55535530996012,2.6669581361665324,2.044884491499239,2.014860194933968,0.3757887020304903,3.19537827271853,1.5873723880362685,1.9023810642775147,1.5895645738360995,2.1985940717353807,0.8772780585082836,2.017716395345786,3.9714244162546284,3.49939650416172,1.4437520674703401,0.0,0.0,1.9617481677245347e-05,0.0,0.0
1033000304,2005-06,Central,2.3962165368171253,4.553317376934567,3.319869439980056,3.889276751658393,0.6639568617749537,5.303908831141226,2.270852368238381,3.3090690478083773,2.492662868226045,3.4799459987072363,1.073634037903262,3.506545605660684,6.639174726762574,5.2662456045907655,2.047024868709838,0.0,0.0,2.1532584346339393e-05,0.0,0.0
1033000305,2005-06,Central,3.000584509466545,6.183825184039316,3.7119425285412513,4.034647735275732,0.6721752181937867,4.957691964100125,3.4272428046817986,3.982436368769543,3.0971845008991727,3.8515815150622,1.3632256740719049,5.49900909551306,7.100369972022141,6.612537204056198,2.672905226850282,0.0,0.0,2.885833995451143e-05,0.0,0.0
1033000307,2005-06,Central,2.708660799081145,4.8274671715908,3.369552974585106,3.6721807712182994,0.6398541679850367,5.475915604231718,3.350385690140934,3.3715815550640014,2.701897393150714,3.4472073615583576,1.1821954764280276,4.580156175478887,6.157951547154637,5.17141486873223,2.1604421086555594,0.0,0.0,2.738783130470401e-05,0.0,0.0
1033000308,2005-06,Central,2.5177343394687117,4.4992429890693,3.2696694837203277,3.435506945924665,0.6786137662400494,5.817344907706825,2.3953241331589554,3.271832531242043,2.8691834792449833,3.446183522766943,1.2127502566664323,4.003845873363272,6.375648544404808,4.9857287922216385,2.2384974680291125,0.0,0.0,2.2534905660736413e-05,0.0,0.0
1033000309,2005-06,Central,1.8224798289843922,4.286417338854861,2.3279403006332866,2.733951672048148,0.4182604140726041,2.894576047716959,1.9855620882580405,2.508480224934083,2.0141131780003123,2.635587682999799,1.1102399998886672,3.3029554469216955,5.302347636688796,5.672196180373481,1.7994638999657822,0.0,0.0,2.875567847157556e-05,0.0,0.0
1033000310,2005-06,Central,1.5721897491300505,3.140987363224646,2.107738192389648,2.2739092077587144,0.3612690813129046,2.820912008707267,1.470100983946886,2.0412324636913324,1.6513236548573735,2.2152023894612327,0.862799376442937,2.3495985396728987,4.221749495278003,3.56613819293092,1.4507587341346033,0.0,0.0,1.7718543210216628e-05,0.0,0.0
1033000501,2005-06,Central,5.229456120009563,9.314018271278389,6.321627264758548,6.476639469321137,1.1870801882866582,9.929444478084415,6.999890990337645,6.538825012285736,5.248490445151843,5.9720236534964855,2.069269123842068,9.487940818794437,10.026709187585674,8.367681956771333,3.9950926291510167,0.0,0.0,4.187865211370303e-05,0.0,0.0
1033000502,2005-06,Central,4.15001148431651,6.638887153687616,5.170393016616659,5.115629039547006,1.3350104154160072,9.83438565806364,3.9836822288900646,5.269635670048739,3.924373161591008,4.953072849126766,1.6285738065770368,7.071136192993366,8.118191932457913,5.777530444355402,3.1421501474082567,0.0,0.0,4.446666446093885e-05,0.0,0.0
1033000503,2005-06,Central,2.186619758900066,4.100909158356341,2.848031262198239,3.3138555118474047,0.6468640173203282,5.304504013954309,2.4558068004408917,2.9974544869087834,2.4827151755232983,3.2065440620470973,1.0997444265337748,3.710848503784624,6.1298346878270555,4.414279160874375,1.913247282526926,0.0,0.0,2.5583714798289754e-05,0.0,0.0
1033000504,2005-06,Central,3.776314349847293,5.541586309496004,4.865898155117718,4.484595796233977,0.8836646106620248,8.290376691219635,3.773880669781811,4.303780849723386,3.5273241818612084,4.725533451429303,1.505921853688927,4.8173095137932656,7.314417663697116,5.8387987405523765,2.9144092992398334,0.0,0.0,3.810285629946851e-05,0.0,0.0
1033000505,2005-06,Central,1.8414360651298447,3.4842053395439034,2.4534862219377622,2.656848981901996,0.4855003754008599,4.028512091065461,1.5750283497754225,2.441170365651468,2.1393354949468026,2.661123482521905,1.0137063209117814,2.784413841761799,5.171107218150032,3.906308273004215,1.6727629178500503,0.0,0.0,2.1304102356249183e-05,0.0,0.0
1033000506,2005-06,Central,1.909349413017988,3.4000147740654207,2.439623389825972,2.643863292024087,0.53073816144251,4.378513938789153,2.133686850174054,2.497323827694447,1.9053718634584467,2.5486809041082985,0.8774718356632644,3.3083311244204743,4.6344976809092495,3.6146707264504783,1.5416727849327816,0.0,0.0,2.4299015828837778e-05,0.0,0.0
1033000507,2005-06,Central,1.4282712713770251,2.5984864565423273,1.9586429403609322,2.344230231856072,0.37253033838149446,3.322436153206421,1.8550250834704625,1.7839068143396395,1.5717088732120932,2.2731581189827015,0.7724996096483184,2.0465096746333775,4.131675859521164,3.0833710011827726,1.291939793563685,0.0,0.0,1.621583364026451e-05,0.0,0.0
1033000509,2005-06,Central,2.2131991438015235,4.15394735657009,3.1069307447058,3.5101471558694444,0.559048388628553,4.426499918613285,2.1771039852578684,2.933072127621418,2.374404404547082,3.2374559175872255,1.1794643875730817,3.072930901783744,5.941170137396184,4.591825669237634,1.94257044660791,0.0,0.0,2.2518482468898878e-05,0.0,0.0
1033000510,2005-06,Central,0.7211415684098055,1.1283723527023073,0.9687024635994587,0.9597880588441857,0.20151015840744033,1.871023986885439,0.7200350959510808,0.8395499451438555,0.7044514122760467,1.0225031587163138,0.41431585235604185,0.9161920090729081,1.8030157473468131,1.2894286086765903,0.5982327201770619,0.0,0.0,1.2061410649333506e-05,0.0,0.0
1033000511,2005-06,Central,2.5711559581476022,4.610632739691053,3.097330517053325,3.719414839248264,0.7558453628036559,5.929007795410651,4.043728879972386,3.3667612703454424,2.690369814029567,3.3641458450340873,1.1568538183570434,5.03710415220223,6.373755138036632,4.388184605576679,1.9778348995140744,0.0,0.0,3.501206864607035e-05,0.0,0.0
1041000202,2005-06,Central,1.421774049251344,2.2116355212863956,1.9123930237067732,2.08943272747355,0.389604828643176,3.5526360288948973,1.6148221037519683,1.7076817486875244,1.376475569300592,2.1152038642067277,0.688197979582616,1.7725726329311067,3.707887829391739,2.64533143333753,1.1131849575072068,0.0,0.0,2.2564524739963022e-05,0.0,0.0
1041000203,2005-06,Central,2.356962786933555,4.215177110449696,2.852963643048838,3.43716284651877,0.6723731587182523,5.850225766055941,3.3209213139409828,3.1373663785359414,2.3477938165841534,3.08324439046256,0.9350460966471031,4.574994293928077,5.872570507957001,4.300339067661243,1.7252740278770613,0.0,0.0,2.7988989131959624e-05,0.0,0.0
1041000206,2005-06,Central,1.9379946120378613,3.471002997640572,2.430634211778606,2.472894654996294,0.4814568701383932,3.9097899556173177,1.9390993629344448,2.4121693489303704,1.9984791490202318,2.4990842897678167,0.9493125718356569,3.1439509965908794,4.47213176214616,3.6656579937186247,1.6916799516262708,0.0,0.0,2.2794106575780077e-05,0.0,0.0
1041000207,2005-06,Central,3.3468120271676036,5.398699605632461,4.673292931538547,5.302844489864722,0.9620690346950063,7.991890760421007,3.6289744654898657,4.231007874637117,3.4081790016983247,5.148106120863124,1.4839171818722379,3.9132666381462022,8.647885217281383,6.571619693283685,2.8419327242836094,0.0,0.0,3.245160473850564e-05,0.0,0.0
1041000209,2005-06,Central,1.9867929007405496,3.5702111004291317,2.592905677762045,2.8523461546252724,0.542896332747121,4.676754230780268,2.0008092433266316,2.677979897381374,1.9344434068437022,2.734745500078326,0.8722750261651722,3.1347786533456654,5.232280414001986,3.9520840871110337,1.5931531911369623,0.0,0.0,1.8476282245822384e-05,0.0,0.0
1041000210,2005-06,Central,2.272134395540523,4.053216368058902,2.9912915962500013,3.1268633417151652,0.6046902128080034,5.035324879069838,2.2738978726278667,2.999101690667905,2.320263031744498,3.121279243945072,1.0094861829368806,3.472876933578647,5.703154255628452,4.216484775813861,1.929991124213465,0.0,0.0,2.051129749533836e-05,0.0,0.0
1041000211,2005-06,Central,4.4381290306798125,8.77012988565369,5.418534972356176,6.302706671602247,1.481820717451414,9.393878953576658,4.593826911839721,6.517996094988097,4.862995456374471,5.8353840645686175,1.8870465145968032,9.01532931160387,11.617573694740873,8.145717452448297,3.8402570367836666,0.0,0.0,4.097841080040735e-05,0.0,0.0
1041000213,2005-06,Central,2.7864113019873846,5.0188123294451294,3.4690493722929574,3.6081337293914184,0.6141530754704201,4.971737165394672,3.3509769595783214,3.349351501743779,2.8102336560033088,3.4616556902083246,1.3382858316720463,4.479360493334436,5.997498408846843,5.29153317771628,2.3537826642091724,0.0,0.0,2.9334497792432e-05,0.0,0.0
1041000214,2005-06,Central,2.714323474766218,5.584072924118119,3.5186385528658395,4.593613974465213,0.8108408599747452,6.483068179376059,3.9326666341849794,3.97949825700344,3.260938386291605,4.194853226677831,1.3812371204611276,5.271689930651665,8.213434940550915,6.109861199738521,2.4130763204040084,0.0,0.0,3.2340849732758466e-05,0.0,0.0
1043000402,2005-06,Central,2.4913848354821195,4.299639275218467,3.2474835124322032,3.2839359943115873,0.6412849802774073,5.48960077457117,2.248580065870513,3.1731239774442552,2.635269791713498,3.291631742681935,1.1446326900531751,3.6963408836840976,5.940934371209438,4.50828491252793,2.1242032312216765,0.0,0.0,2.2555883245795065e-05,0.0,0.0
1043000403,2005-06,Central,6.860090062421763,11.17361159507652,8.417104756469378,9.183774967476488,2.427188022525176,16.249672180656113,11.462409991760179,9.099200845437935,6.3510415370009445,8.099443778758042,2.4235445859449167,13.66999759053717,12.1464547066824,9.223573166186195,4.798027446264608,0.0,0.0,7.571349238114595e-05,0.0,0.0
1043000404,2005-06,Central,0.9546544899566973,1.4785553238322633,1.2942360384285372,1.3571443486021952,0.24174654559130238,2.2424181086954915,0.9239474596194471,1.0672371707296304,0.8847950927707172,1.4305864443375322,0.5693681710853808,0.9800919713518347,2.698438385298891,2.3970342289421604,0.8076106624702271,0.0,0.0,1.1385985892473817e-05,0.0,0.0
1043000406,2005-06,Central,1.4246116832032814,2.529706294180517,1.9753873925338818,2.1266397767863703,0.3377104958902848,2.8882744170276533,1.243208021332507,1.7199324641103724,1.5389502296608248,2.1189730996887093,0.8436700711645658,1.7325315189499972,3.88191939178141,3.0679887586945376,1.2569480492484049,0.0,0.0,1.8160189579691906e-05,0.0,0.0
1043000407,2005-06,Central,1.3574964873617665,2.1947485280185752,1.7078769425817568,1.7324091081771307,0.34992995688873774,3.2940398331165217,1.4760801888875477,1.603246375883698,1.3387313607734201,1.7723536358480163,0.658038187283953,2.070053222180004,3.1052819195629993,2.41799311709639,1.087803960932335,0.0,0.0,1.961430043505594e-05,0.0,0.0
1043000408,2005-06,Central,1.554942840082361,2.6117297652583087,1.9106611100948827,2.098221651572184,0.44742203964133104,3.8545725049022033,1.7641262084269793,1.9390424406582183,1.5506224698572129,2.0406665947421283,0.709413363116767,2.6385342645485013,3.7968586399217807,2.668450529857409,1.1935630076833539,0.0,0.0,2.2143652445816152e-05,0.0,0.0
1043000409,2005-06,Central,1.2890881179821867,2.311454014396103,1.769170052802976,1.7797579090319842,0.294576338824526,2.436893502353376,1.12525093829737,1.5476017462927079,1.3083967948211392,1.8071390336409008,0.8217439007405255,1.5433608603877698,3.437087416981689,2.7571710892079335,1.1724454809142062,0.0,0.0,1.4865778355541847e-05,0.0,0.0
1043000410,2005-06,Central,1.5319189209878323,2.753447565228174,2.052722633382862,2.4585777717378976,0.4295474072792859,3.622405719658653,1.679536106932986,1.9768375735913313,1.584345374698091,2.281057456052772,0.7021767501829229,2.3152465227901824,4.224702581943306,2.868507633793385,1.2485252942408946,0.0,0.0,1.6328189758270027e-05,0.0,0.0
1043000601,2005-06,Central,1.9786973239709902,3.4233760790688343,2.634085316865219,2.900315605714498,0.5708379359553524,4.969647505560221,2.1801596418350426,2.5969478096295977,2.0421557827145653,2.794728669484014,0.8873011418487319,3.005851182584052,5.083032818077721,3.8227830067475717,1.6562646552734421,0.0,0.0,1.9884355322130142e-05,0.0,0.0
1043000602,2005-06,Central,2.4825518108256857,5.220122095231876,3.178145446798057,3.87808743861234,0.6525632291510028,4.708103619945834,2.49726954353939,3.4514515310412723,2.8402061565450585,3.4866374940132823,1.2131141031600217,4.571966463916901,7.059001314573271,5.430873328909263,2.2052626811533176,0.0,0.0,2.2934678600022516e-05,0.0,0.0
1043000603,2005-06,Central,1.384726372302385,2.23261806221844,1.829621494803957,2.1310510693934024,0.3906416663377735,3.4115027202313652,2.025186189498332,1.6475140213652089,1.331053943308657,2.092364327820415,0.6832085566355904,1.825596286214124,3.675826933140125,2.664310240336799,1.158024156930544,0.0,0.0,1.556690788272812e-05,0.0,0.0
1043000604,2005-06,Central,1.7972887352110718,2.8838612810327016,2.2913653744559506,2.555626124221779,0.535913868818659,4.708287565796233,2.9875978248261092,2.239213061810505,1.7783231147095864,2.515659842132056,0.7973890904368925,2.8146268882676284,4.362813366720513,3.0964854442398466,1.4436151975509302,0.0,0.0,2.2091794670669413e-05,0.0,0.0
1043000605,2005-06,Central,2.663016808500705,5.224000883116278,3.266425077162613,4.130133731500465,0.8218668096758093,6.129245949753912,3.9316863636884034,3.8193463107767696,2.7497482883925968,3.621543937111349,1.0806550496950469,5.58498208161577,7.0221113081129385,5.05046748566812,2.0965424375857826,0.0,0.0,2.7918241285470116e-05,0.0,0.0
1043000606,2005-06,Central,2.019084907270601,3.004181666168493,2.524652754838272,2.7038033563626365,0.7073011294043327,5.447669297703976,3.472339438354721,2.4458744057179755,1.852642602796003,2.6537114857080577,0.8729700555583243,3.3277314107541214,4.314267075008281,2.847042851336961,1.4835055231493852,0.0,0.0,3.403898142159497e-05,0.0,0.0
1043000607,2005-06,Central,2.443748712755194,4.230846782865058,3.3095953063213233,3.8388722691744213,0.7156914430122,5.833305987466361,2.7417790632523285,3.2130761729006303,2.585986588407774,3.7250666524514093,1.1705605634388125,3.4774965429785274,6.559370635241891,4.608652332063345,2.0529560929354282,0.0,0.0,3.157715144056064e-05,0.0,0.0
1043000609,2005-06,Central,14.659792246697949,24.46491795494334,17.60677679125287,15.874038532660888,3.544283511925637,26.494888831790117,19.872661043602854,18.66927428773282,13.55227920582071,14.845260941816008,4.877410478813298,25.73134453179471,23.022349240311126,18.836444853493454,10.940140072264203,0.0,0.0,8.555079887149289e-05,0.0,0.0
1043000610,2005-06,Central,1.7221512916639437,2.7930349842431577,2.280795898692071,2.1977913309170365,0.43427435513431134,4.013482981256853,1.4812782523192847,2.112945980487928,1.7131360623927403,2.326035842200018,0.8332443854232503,2.2166266317572636,4.283437400041619,3.2147311158564715,1.4234624956732553,0.0,0.0,1.66511773847438e-05,0.0,0.0
1043000611,2005-06,Central,1.8351680546450608,3.295763498671666,2.448977121771704,2.8704754917563475,0.5398686804983355,4.408043612359252,2.110570205105287,2.4117631557292447,1.9318734081639146,2.601117674109244,0.850355918471506,3.0287487080864772,4.760773131347911,3.282147294596707,1.5222161324193983,0.0,0.0,1.801910431597981e-05,0.0,0.0
1043000802,2005-06,Central,4.749771010383655,11.631060268776114,5.777778009622922,7.300416301834129,1.111197430642295,7.468608231965774,5.490895397147079,6.980641711615596,5.424965675986042,6.306174142444269,2.334575454069788,10.467843910396827,12.713317498029586,12.815323283818758,4.285314501282211,0.0,0.0,4.855670204437802e-05,0.0,0.0
1043000803,2005-06,Central,2.7162892483872954,5.390935584122992,3.637260925066575,4.636964463133634,1.0264556900837565,7.344223465383525,4.166562325797768,4.141736762272727,2.918425679591101,4.10737740577765,1.189730062821511,5.2236579992322945,7.726730394945007,5.4094718221229,2.377944470666496,0.0,0.0,2.5263124454105796e-05,0.0,0.0
1043000804,2005-06,Central,2.8137329069939567,5.5830310537297025,3.756332159461393,4.496500044284919,0.7373911937391794,5.79205768668609,3.6403301549234772,3.9053282013454798,2.9402496373392224,4.240969982900459,1.2882115450439944,4.4912877113539444,8.039289103072397,6.60118002728682,2.577042923657241,0.0,0.0,2.2797221358842703e-05,0.0,0.0
1043000805,2005-06,Central,1.2992106715608578,2.1838264282367805,1.614507190824858,1.8019217430412977,0.38794449561295224,3.345056925936749,1.5243923128957422,1.6245020873169167,1.3246840541628633,1.7633257098347865,0.6338427666138621,2.169288924676351,3.291279241067006,2.354585615744712,1.0297365819560154,0.0,0.0,2.0760980989357063e-05,0.0,0.0
1043000806,2005-06,Central,2.0252363034593666,3.674049647252415,2.7811810823729557,3.2360940545914993,0.5635346028128262,4.630389220377336,2.263728694015596,2.638248134894656,2.0665095271324456,2.9371348876720016,1.0268074582610236,2.9746663899355537,5.343274686331062,3.7830747301505254,1.7292488309103993,0.0,0.0,1.8613025608277847e-05,0.0,0.0
1043000807,2005-06,Central,1.387538421780519,2.477371657456641,1.7254909847879072,1.9952493783374596,0.3829686718888541,3.1352120548918934,1.8774863274650337,1.774531955567734,1.3900185128731244,1.9258977717758192,0.6722799673393534,2.420395712160677,3.69239291611021,2.8025498173251355,1.10511948772942,0.0,0.0,2.2620612421078626e-05,0.0,0.0
1043000808,2005-06,Central,2.204255286541924,4.103982527527025,3.0681132371439745,3.8690079287326133,0.63793330402975,5.377015397182173,2.824868400724176,2.929049673322429,2.2853182920512056,3.409379705069137,0.9714016705783977,3.3654524622838022,6.075419362001399,4.477482875537998,1.8998391819514298,0.0,0.0,1.9138149411073735e-05,0.0,0.0
1043000809,2005-06,Central,2.17851143453701,3.9730925600070193,2.7257640693581195,2.891355610887262,0.5853321366366661,4.87127839462788,2.1460332749696565,2.862744453236731,2.264298870845871,2.835105106116712,0.9573048500859273,3.793081400539378,5.297578510515828,4.205930580295789,1.8190354874024561,0.0,0.0,2.1573057746243573e-05,0.0,0.0
1043000810,2005-06,Central,3.1735356415484377,5.446772231777966,4.3522775703377565,4.782070882470457,0.8937313825465136,7.430981782619906,3.2203198718550383,4.201001443233318,3.082898801018683,4.539444387328034,1.3137999115838386,4.2903583084819665,8.078267330569181,5.737712911788437,2.6181321802494666,0.0,0.0,2.26266726115697e-05,0.0,0.0
1051000102,2005-06,Central,4.052441174040397,7.722391350199772,5.048458232481437,5.476768792242363,0.8954883713829074,7.227315144594666,4.5696469275197025,5.176113878388217,4.229296490077338,4.985896888543815,1.7064462257342052,7.233807335981648,8.704046250484948,7.247404637250967,3.2301887787169115,0.0,0.0,3.313062236084186e-05,0.0,0.0
1051000103,2005-06,Central,2.3039764372633824,5.662525017472191,2.952935535164866,3.854757844229731,0.523530830295899,4.004678640988771,2.342653409255883,3.2066904552876268,2.9831747913271,3.5118502701657413,1.4148687565693283,4.522208936552448,7.238738016168545,6.834117307780675,2.2351769276012634,0.0,0.0,2.641580114892669e-05,0.0,0.0
1051000104,2005-06,Central,1.907017752464042,3.6972878635725523,2.445797129703527,2.869037208882855,0.43390090569052936,3.6846080785235933,2.3552411086823186,2.3899292036314725,2.1729798151850175,2.617527491135422,0.9945363230691229,3.273557520499196,4.853755886381094,4.28664046994304,1.65274603958475,0.0,0.0,1.826767167458214e-05,0.0,0.0
1051000105,2005-06,Central,2.7989542583972375,6.001811803199209,3.661494111743568,4.316200850829273,0.6582747438526311,5.073472143996379,2.6651115586692717,3.795505477252275,3.2953714722411385,3.931624092982099,1.357453721272389,5.002710383940975,7.680995632172572,6.3259809338686654,2.561504519094986,0.0,0.0,2.1494937918226342e-05,0.0,0.0
1051000106,2005-06,Central,6.912070363188581,15.173043118752654,8.232504321949829,10.070328299028688,1.5859671377527766,12.710911675442235,9.35311904375674,9.824801732218694,7.714185478460289,8.609819874593812,3.080130403612177,15.378067620791509,16.45263162508487,14.869162695416145,5.373825049292232,0.0,0.0,6.81138172668729e-05,0.0,0.0
1051000107,2005-06,Central,2.6764901591729524,4.459671465049695,3.2282002113864245,3.503255693727641,0.7070380340195541,5.9031792066328705,3.9625381268335658,3.265553208183473,2.650763246799902,3.2954129287107907,1.0973224047653392,4.757278437715914,5.7136479325965706,4.140604736790085,2.0373024089187957,0.0,0.0,2.7766631537699782e-05,0.0,0.0
1051000108,2005-06,Central,2.0819794294116476,3.825160178296103,2.6402260689424364,3.13745065366905,0.6060983844463684,4.7750552437000895,2.4572120268481874,2.7983143052954764,2.1154457463918455,2.87912111104331,0.8494098006154839,3.6430736825625045,5.269637341321097,3.7703154213051544,1.702883728485599,0.0,0.0,1.7260442286609457e-05,0.0,0.0
1051000109,2005-06,Central,2.395275084181774,4.531299249828443,3.0873512190249808,3.5696043699337046,0.7020549054797963,5.474527315929435,2.568398012698628,3.315727850118601,2.5329377132299165,3.277557575299761,1.0007867305367932,4.2240164455908475,6.173788646773813,4.490232978024709,2.010317368498761,0.0,0.0,1.8297703965521433e-05,0.0,0.0
1051000110,2005-06,Central,1.3603194667820162,2.5978421345496723,1.8313680452919106,2.403613323460925,0.39171393664613896,3.1619855777444403,1.7584866030844277,1.7891992018668288,1.2504647841244456,2.044873227883889,0.6644246780555615,2.1317374756940173,3.48847870214526,2.533080566277455,1.1590183014752464,0.0,0.0,1.349216623244048e-05,0.0,0.0
1051000111,2005-06,Central,2.3322803552810343,4.149741985518908,2.832508034485612,3.497086282782162,0.7524016723956675,5.587294462630376,3.3704235952384547,3.08422325916424,2.507778326253795,3.288708239601393,1.0400927424843154,4.476856231536991,6.35371105445847,3.9866566872322964,1.8589146962763434,0.0,0.0,2.9975321130582897e-05,0.0,0.0
1051000301,2005-06,Central,1.119991985239301,2.0622614717004675,1.51683195096942,1.735350529136304,0.28960691816056167,2.487136894555674,1.169894516481346,1.4419666820644186,1.2143178752559747,1.6445360661627024,0.6400125056867724,1.6355125972617492,3.11953222500832,2.45589620384112,0.9538130712015996,0.0,0.0,1.6938571487427954e-05,0.0,0.0
1051000302,2005-06,Central,2.4064021002445157,4.616465802629954,3.078632322660869,3.293609757950792,0.6268355259945266,4.8548483662545845,2.1848896154369393,3.2103030064132163,2.614571983471639,3.1520294871015504,1.1158628852822448,4.137908137921607,5.900414661620816,4.5953633598647645,2.115889754892474,0.0,0.0,2.1810016477828846e-05,0.0,0.0
1051000303,2005-06,Central,2.5077636583368337,5.066312744107791,3.1017514298055837,3.769753294566738,0.6659183811640262,4.610053801095756,3.1718416011198176,3.3996529652283636,2.6857597300314042,3.4309219499539574,1.2311099426730665,4.724234384457965,6.823606045543879,5.493297927714169,2.1779741461092836,0.0,0.0,2.8807636744510614e-05,0.0,0.0
1051000305,2005-06,Central,1.4614088010931288,2.6132425793928853,1.8199857457505921,2.3395857629170247,0.4543349831596288,3.5934603331638346,2.419249615205076,1.9106342911381116,1.5405077466419856,2.0395893719302483,0.6722306922345355,2.7274701559825925,3.776627496563551,2.666824043130156,1.170160106030814,0.0,0.0,1.7501339465795074e-05,0.0,0.0
1051000306,2005-06,Central,6.956104707008591,15.278836168582659,8.284884517913017,10.135672338695136,1.5963470003921498,12.786173384370235,9.413539432803844,9.894180157880456,7.765773096952995,8.661660452753935,3.096865665263957,15.49093806613827,16.55499727813579,14.963197445640366,5.4068002706624645,0.0,0.0,6.828339823119613e-05,0.0,0.0
1051000308,2005-06,Central,3.45492597014603,6.325680335885159,4.508430657279576,4.780148734246385,0.9931409895897779,7.981802601509053,3.097026283658478,4.717397548982106,3.592402223515397,4.560388882551407,1.4040704613200494,5.965364429024659,8.419510640001725,5.552028224318415,2.795309420673975,0.0,0.0,2.6212725106504038e-05,0.0,0.0
1051000310,2005-06,Central,1.9503360274348205,3.6191086824257024,2.4484799473206866,2.719654554779159,0.50273147470222,4.2705644932976,2.072047454492311,2.574169715975932,2.0543676314589017,2.5681480554353278,0.8561168465221117,3.4354477678893667,4.850909590616167,3.948747150173042,1.6027007899051828,0.0,0.0,1.760012210935867e-05,0.0,0.0
1051000311,2005-06,Central,2.5658639320259407,4.859606266492901,3.375045656826667,3.8795693364769424,0.6724126934807668,5.375653088064313,3.361180033537342,3.4800330653170595,2.7003361836350797,3.6709499922851565,1.164176601467236,4.2368909776838235,6.664597069547979,5.263353694991687,2.2290544927512834,0.0,0.0,2.5120808386835163e-05,0.0,0.0
1053000402,2005-06,Central,1.4645345186532028,2.847226884579002,1.856557054841388,2.172815765548845,0.3597866183169302,2.9563281832005783,1.6913750094439846,1.9289965335211459,1.5324505413132412,2.0120117085513707,0.7096739430405182,2.5620521860290077,3.875165128633954,3.4663775930021288,1.256164819329123,0.0,0.0,1.5028067017423382e-05,0.0,0.0
1053000403,2005-06,Central,1.848806683922235,3.4878755334563802,2.446720310588347,2.9390664769067896,0.5859649635362285,4.614241660045169,2.4801303234276397,2.54320650108148,1.8738511282116572,2.6945383541208834,0.8379115362907074,3.355718868459444,4.7869770056388585,3.234360643413425,1.56006313219117,0.0,0.0,2.050190241695439e-05,0.0,0.0
1053000404,2005-06,Central,6.014386437567753,11.567005599922993,7.886897450053297,8.784504738999098,1.4349439962684973,11.257934075052441,4.940070374990344,8.187441424647155,6.698530305211485,8.494169360227621,2.6012879687639936,9.473202986075625,15.359111856426248,12.573227884244906,4.937802338017535,0.0,0.0,5.171340814106302e-05,0.0,0.0
1053000406,2005-06,Central,2.1266184645382333,3.7978890560152014,2.920991005435194,3.5315323279271245,0.6159356094083,5.175821734183917,2.8343218654615483,2.888142134740508,2.0547159938189763,3.357286339176639,0.9438958613220965,2.9112302364769436,6.15273078377975,5.122568862101752,1.806079162376799,0.0,0.0,2.2907868038705927e-05,0.0,0.0
1053000407,2005-06,Central,3.6382169374014626,6.3586221393800315,4.810845178771673,4.933771290057097,0.9262269010954528,7.319967475992367,3.3546077122358122,4.698735221847675,3.7031242085955656,4.8205700160621205,1.7471299540560976,5.089649378142191,9.018276853237644,7.215533066285583,3.136625535498813,0.0,0.0,2.7254746735093448e-05,0.0,0.0
1053000409,2005-06,Central,1.9406857920723826,3.367801475822398,2.6860818415611956,2.909579296859239,0.4974678938843122,4.038727043491231,1.9102419547214733,2.4246308274483934,1.9539129824707075,2.800272526310492,1.0060762949809134,2.52053731134393,4.912259160842722,3.895690621957326,1.6788645086742318,0.0,0.0,2.1356208998813095e-05,0.0,0.0
1053000801,2005-06,Central,7.242896450710465,11.338111817733855,8.642611580481585,7.724115933526693,1.6960272495254896,13.713675801873098,9.654747983416948,8.53832096985551,6.4197793885482515,7.575155570207324,2.632678166161539,11.50686254906148,11.553903174414517,9.36513679548315,5.558995404960029,0.0,0.0,6.50606074605997e-05,0.0,0.0
1053000802,2005-06,Central,1.8341499966410453,2.990165334887033,2.484126373589937,2.557533716131156,0.4880601399575878,4.366542733408051,1.6191363703463708,2.236386253251739,1.8144602930498173,2.5217155638509188,0.8339083307160086,2.4430595301791893,4.4269589082622804,2.9213603162999817,1.4704412862872407,0.0,0.0,1.698364169683169e-05,0.0,0.0
1053000803,2005-06,Central,3.8423593887743634,8.196852916146716,5.103046107640171,6.258761008247066,0.9248611079743696,7.619854763621329,3.4098240624833194,5.384742349992541,4.837569250103055,6.10295773179677,1.9472338928327115,6.4364553041660795,11.548131584954286,9.71130119227631,3.51818984846242,0.0,0.0,3.672890824684543e-05,0.0,0.0
1053000804,2005-06,Central,2.619495152972221,4.623875280586762,3.31174621146519,3.6781947262625296,0.7461980934344095,5.7634332156129515,2.853325429872694,3.4342495484132898,2.776166193877661,3.5690800138134273,1.2464083310152576,4.198472690867307,6.832718095396737,5.070856094378561,2.210392851679174,0.0,0.0,2.757282591274616e-05,0.0,0.0
1053000805,2005-06,Central,2.0572938593460863,3.9344697799912542,2.5271949400226665,3.0157185079939213,0.571104525506443,4.149251092645735,2.8302994266181085,2.7317215095200345,2.1664613204490575,2.8035763902003787,0.9995044716014716,3.9067036865538696,5.462404477362444,4.120641338008552,1.7085013519187315,0.0,0.0,2.885142104058931e-05,0.0,0.0
1053000806,2005-06,Central,1.9578894269005818,3.5820718112844454,2.6915752221301084,3.17599919889911,0.5286129689211769,4.339597910837018,2.5146577002971258,2.57056306550446,2.0878172067762,2.98198396095077,1.0378219007517293,2.920277802901826,5.358589812238851,4.02685677444068,1.704801225376675,0.0,0.0,2.2732571949864936e-05,0.0,0.0
1053000807,2005-06,Central,1.8976389171520323,3.485653440803533,2.685319253591599,3.3645986181435776,0.5393898347653678,4.113988669358334,2.0458228766253033,2.4649765515325845,1.9777007433279707,2.895733523907188,0.9314415512216913,2.553279436286261,5.1291857462349055,3.6349493886017004,1.6396340010067525,0.0,0.0,1.920283119188489e-05,0.0,0.0
1053000808,2005-06,Central,2.4952538880431097,4.131450352004646,3.6874030644210376,4.039882487320694,0.5707444274023514,5.199161789814659,2.134163269198112,2.9219266946362263,2.5265043781977625,3.842084826877895,1.222217667622999,2.3036146152513592,6.567723790245933,5.027742364054187,2.2016946998874802,0.0,0.0,1.851879016296074e-05,0.0,0.0
1053000809,2005-06,Central,1.8983983236305046,3.0757418078794645,2.563329993033477,2.9554581513466855,0.5668363610440089,4.8216249064001335,2.1335653634403364,2.3518210107066455,1.9122632698024975,2.854342304757938,0.8720029957541341,2.404777045394512,5.140134778382546,3.715253486131592,1.588679749220126,0.0,0.0,1.809064140305192e-05,0.0,0.0
1053001201,2005-06,Central,2.6100477808013145,4.68789140773246,3.1426876827594836,3.7775590700462813,0.7675382254903071,6.011419850366404,4.104892129980917,3.4232992462224145,2.7329525583524794,3.4117549709967157,1.170867180508016,5.128132447270478,6.467183577269191,4.452956911654948,2.006932970616558,0.0,0.0,3.522933377004247e-05,0.0,0.0
1053001202,2005-06,Central,5.3761892604032235,8.537019338773414,6.593430320630088,7.143451001788469,1.8876224759932156,12.954819321635375,8.952820966658253,6.937592009211399,4.908116437560961,6.439462663138664,1.980714763767215,10.262292856779277,9.553194342237418,7.219379224512176,3.7910261643394256,0.0,0.0,6.866334322923697e-05,0.0,0.0
1053001203,2005-06,Central,2.941562530386438,4.944769870453564,3.763669028799748,4.495170359886127,0.8844401188244714,7.106398837939644,3.6290669046326447,3.7783233714237876,3.074342876840228,4.237173125922295,1.198731346999104,4.704646743135621,7.70555561589291,5.170000335381368,2.315223936522987,0.0,0.0,2.9114283800354195e-05,0.0,0.0
1053001204,2005-06,Central,1.8914993459693021,3.409256003875928,2.492047713531511,2.9143435476457915,0.5156143204350837,4.260990426150797,2.093550237240966,2.420426271318429,2.0037380434502237,2.6784835576661306,0.8790257840944314,2.9652212269794984,4.920853320890962,3.5626504766209592,1.6029186256591919,0.0,0.0,1.639973247259782e-05,0.0,0.0
1053001205,2005-06,Central,4.729541361525563,9.414363397486973,6.162169426111063,7.15542474523287,1.1693714062196239,9.601999203335424,4.111341495753632,6.566661474498833,5.647874577468508,7.134728509929361,2.2567507312663784,7.784195538516518,13.004832962816717,10.710885735651537,4.130194738501743,0.0,0.0,4.706211750492167e-05,0.0,0.0
1053001206,2005-06,Central,1.477782175519547,2.583388629296877,1.9551414905294735,2.4244632707013896,0.3985108233247676,3.411715031520667,1.7908660228388027,1.8593747987377571,1.434647847323667,2.216193623778027,0.6381099066323925,2.1818987679439052,3.990063617289187,3.038266177522397,1.1690151157929463,0.0,0.0,1.80997226269413e-05,0.0,0.0
1053001207,2005-06,Central,2.4760734882335744,3.580965750565018,3.0939836578505195,3.1673707186831552,0.8530724213425415,6.339491398812056,4.111863494210805,2.922352851248206,2.1716243167082645,3.1155322961911525,1.0884629048059504,3.9770123123190393,4.466028680159369,3.3315357293206374,1.7730789292199358,0.0,0.0,4.9482741536159996e-05,0.0,0.0
1053001208,2005-06,Central,3.139071426613259,5.9060477839977255,4.177242324652364,4.902764653895113,0.7650939417345181,6.219291267208267,3.2491613017834577,4.109430108946659,3.1659096471412287,4.467709045007946,1.4837173880676418,4.351341509503881,8.520738236632384,6.668718122412376,2.735944708142736,0.0,0.0,1.9481954960721393e-05,0.0,0.0
1053001209,2005-06,Central,1.5035947790675182,2.8320137944449684,2.052732154670611,2.4247867397969225,0.36916546254511956,3.177195710066182,1.5534936147391851,1.881427856376527,1.7261831224187336,2.288361005408234,0.7809900264376723,2.2613150400372692,4.308838767901415,3.1374634308198757,1.3287353537706892,0.0,0.0,1.5349651447617243e-05,0.0,0.0
1053001210,2005-06,Central,6.294839942438364,15.183989416198838,8.031030472282144,10.46116695516078,1.5012228917469967,11.425742357435444,7.083239026058991,9.69396753163693,7.778968654901005,9.05607060476432,3.0177053021038267,13.133365825392811,18.287215422563353,16.958915952782654,5.483945817128613,0.0,0.0,5.187284787053459e-05,0.0,0.0
1053001503,2005-06,Central,1.7572755507758253,3.4950468424852397,2.277523002607038,2.3902080305732976,0.3762360605291538,2.891697051064375,1.8710563981960828,2.1907292823528723,1.7795322168934453,2.424670000156809,1.0096270356521,2.573880124124231,4.579825659720977,4.571657014505352,1.6812495977004602,0.0,0.0,2.0501111840614195e-05,0.0,0.0
1053001504,2005-06,Central,1.2572862002619591,1.9775948968367005,1.6637861194405152,1.7307733380544323,0.3435187626072146,3.205918546680603,1.5335551744002915,1.5129585777016799,1.2222961400964487,1.825472262630591,0.6555939785448409,1.6096656507812102,3.229417549126983,2.5460017031761972,1.0573975910126314,0.0,0.0,1.7344270265527984e-05,0.0,0.0
1053001505,2005-06,Central,2.0008950420259572,3.458370534754669,2.752871515367822,3.3769246210751156,0.5535623738422705,4.668802030885991,2.527834192116702,2.464444551724582,2.049865585443788,3.0346418934489146,0.9388388731496492,2.8772982117117896,5.223103679787109,3.757770325707798,1.672673006807018,0.0,0.0,2.0168955063615494e-05,0.0,0.0
1053001506,2005-06,Central,1.9745345570426547,3.7647577916101564,2.58961387647993,3.146304112892508,0.5417549573148039,4.340288909452519,2.6363829790607594,2.6573795024176436,1.9546215840600698,2.8300891934329067,0.8775450558426167,3.3851953850314147,5.088234952195757,3.85853318605106,1.652656821127999,0.0,0.0,2.0680319208023734e-05,0.0,0.0
1053001507,2005-06,Central,1.2493865270796793,2.167330955263894,1.6869746014457985,1.7778995468604841,0.3366837864046018,2.948317340789162,1.5142690490953505,1.5958640846222525,1.2569309462988387,1.9001671272041973,0.6399612969925207,1.7234244681031432,3.4379680932439096,2.591187886031815,1.1136842779410183,0.0,0.0,1.5801713717084985e-05,0.0,0.0
1053001508,2005-06,Central,1.9267631524170552,3.5021655367471705,2.4816308172092514,2.7670514847132104,0.5022122522970244,4.142689390043389,2.1902580263342073,2.479774520800322,1.9111043981959563,2.6712444012793295,0.9195402850606564,3.0184150805189476,4.952282117000498,4.026616180597856,1.647988677983258,0.0,0.0,1.9966942033058007e-05,0.0,0.0
1053001509,2005-06,Central,2.4088693028392454,4.6337703042155045,3.0317783189533,3.2139021802263055,0.5288598682979654,4.084774389608023,2.7385191792539327,2.9966616323732804,2.4551637171482907,3.1254131974930175,1.2092787409937522,3.905787621398047,5.645339605574775,5.241852425543459,2.1535953951530757,0.0,0.0,2.5935966129785753e-05,0.0,0.0
1053001510,2005-06,Central,1.1366363597666154,1.8847563321151344,1.5598255181153278,1.6200384649045032,0.29796819984456135,2.7985232505648283,1.060922371476175,1.3995883149310941,1.1598338748195978,1.657691362324688,0.5905733967208704,1.4439594235989897,3.0852025506191927,2.3486033043536025,0.9523363459922399,0.0,0.0,1.3924609772808807e-05,0.0,0.0
1053001512,2005-06,Central,1.486917051277552,2.6445935085366274,1.8949078597777291,2.2035887632787254,0.4073765804557337,3.3562897503061633,1.8255735577913204,1.877785392361999,1.5527664373344345,2.1987393930286725,0.789947472559552,2.35859186723243,4.240078817943956,3.1369964844012888,1.246200158516429,0.0,0.0,2.3842197245598794e-05,0.0,0.0
1053001513,2005-06,Central,2.439310060287938,3.959885086044272,3.2102675287356126,3.283595820639,0.5487320876777794,4.868327089017138,2.5926629110928623,2.8228512668592205,2.3974408135519174,3.258212953886506,1.1397429267323347,3.1662416526393398,5.433040799090858,4.638465559873954,2.0082134940173675,0.0,0.0,2.4724717187522497e-05,0.0,0.0
1053001901,2005-06,Central,4.7452880456865145,8.366395634645253,5.5984598130282235,6.935042578608588,1.8671392408478755,12.220981671823974,8.64399780626287,6.712352071266542,4.834889873375726,6.183213691757114,1.8909001234505969,10.17010993893223,11.883159107016047,7.04278479991207,3.6185522625566313,0.0,0.0,6.47997815351431e-05,0.0,0.0
1053001902,2005-06,Central,1.5591939004773125,2.688676528290097,2.1339415468189498,2.4845460830271056,0.43170014620088387,3.6584747245094653,1.8377743977520207,1.961294951899406,1.6380336678130747,2.356499489797044,0.8139527502821708,2.1537229500724804,4.134088005712855,3.0139961509438242,1.3008942717161194,0.0,0.0,2.2440505592907783e-05,0.0,0.0
1053001903,2005-06,Central,1.9480006281175593,3.6061653824962994,2.6345616581065197,3.018434535800779,0.5221762840802757,4.351236087524328,2.2088425887322884,2.6225932321399172,2.0015538612714954,2.844224396508577,0.887695213943625,2.984878138972446,5.218505473017357,4.0265017261130795,1.6613783980599999,0.0,0.0,1.9935407688963326e-05,0.0,0.0
1053001904,2005-06,Central,1.2705906050169373,2.2212501933394986,1.733523773577839,2.0123210771731914,0.4168562737174279,3.3971453903711035,1.6358823973443102,1.6988837475597192,1.3663642668260918,1.9696430669768192,0.7017036088787155,1.852453209693309,3.6026643360973796,2.47640670757693,1.1242971734231153,0.0,0.0,1.9504235110445146e-05,0.0,0.0
1053001905,2005-06,Central,3.8378058357505394,7.173007312980977,5.159228248660658,6.3642210578041425,1.191989729726278,9.231451164040111,4.249151037519222,5.305553306055986,4.361601480877267,5.704900987080768,1.589262955978126,6.47771260624234,10.637385956237313,7.413398159397777,3.2456178611064943,0.0,0.0,2.8492959608533644e-05,0.0,0.0
1053001906,2005-06,Central,1.152997144740569,1.855365310409171,1.522996354151422,1.6603439553177275,0.3943936467454886,3.321338414145683,1.436325134784938,1.4676163595784293,1.1664922632012968,1.7026903006252148,0.5896297019745581,1.6349091795783177,3.0727299989856602,2.0701896000068767,0.9696437156214778,0.0,0.0,1.6839190826033004e-05,0.0,0.0
1053001907,2005-06,Central,1.9096828319592183,3.5875744175618967,2.452773409497185,2.5892779180710144,0.4605627108761768,3.683743237704005,1.8378350385483906,2.4315037771536017,2.0086629950658432,2.534164121254439,0.9439828132297177,3.0968744663211716,4.620737701974908,3.7359499591426375,1.6752383160590358,0.0,0.0,2.1176094352563206e-05,0.0,0.0
1053001908,2005-06,Central,1.2496991771269623,2.1852665754522387,1.6821216554446385,1.850249662655639,0.30694922700407334,2.709180143845081,1.3207006291545618,1.5008973118077689,1.3608120531579326,1.873562219389364,0.7114497580981849,1.6895933057429986,3.481078119792134,2.6593351618169065,1.1081631728483252,0.0,0.0,1.4751968096717706e-05,0.0,0.0
1053001909,2005-06,Central,2.087699900127954,4.124335997077117,2.79153604033313,3.44986010181687,0.5782707781174261,4.441533279394447,2.7167842417718258,2.8948122098107794,2.3300054068529747,3.2122944769149764,1.1564695674101786,3.337986105796962,6.182111688599181,4.831116816352391,1.8924004145091917,0.0,0.0,2.6854052899128282e-05,0.0,0.0
1053001910,2005-06,Central,1.1156647045773618,1.7912839356854287,1.5028415273173201,1.5904438105417322,0.30642072762729466,2.8678992959364895,1.3358408554761525,1.3606626013509129,1.1027835403024278,1.638873962107261,0.5802790599647049,1.4613185263889417,2.868458496367532,2.1558797946451667,0.931693375152523,0.0,0.0,1.6380993072716486e-05,0.0,0.0
1053002301,2005-06,Central,1.771971095115225,2.800067054742416,2.410644999919444,2.305314456083684,0.44353972527972785,3.87614910390184,1.340829371989477,2.1003368243423437,1.7959058886863433,2.5210885517733517,0.9488716590626671,2.0090328026668804,4.33349873154588,3.2063706136720067,1.4923831461605241,0.0,0.0,2.55580682639288e-05,0.0,0.0
1053002302,2005-06,Central,1.6767757892995103,2.7825100630569293,2.2077611798693777,2.477000946963797,0.5161976214717128,4.658942245252394,2.3003107813263535,2.163057054037943,1.6596632911907143,2.4246046942890547,0.7472443526254726,2.553913757701083,4.26236668779446,3.1494204035885662,1.3803357756772543,0.0,0.0,1.9750804244172915e-05,0.0,0.0
1053002303,2005-06,Central,1.8039248181766256,3.1471695082125493,2.218395701066808,2.498166140668254,0.5575357911123276,4.388335639487175,2.0397327850779705,2.3208778429695833,1.9261196084785615,2.393088886365333,0.8829214470697561,3.2006010958190814,4.4829642241408045,3.105144580189292,1.4797387094046102,0.0,0.0,2.544555301364156e-05,0.0,0.0
1053002304,2005-06,Central,2.6653479789524286,4.777133295647647,3.339509587102353,3.472873696329539,0.6622108770034884,5.288827346585536,2.6644910734256673,3.320393928003938,2.806927167856426,3.365689876713325,1.2784727910359588,4.3427400660487265,5.994462224880459,4.892287238948959,2.3116074301785448,0.0,0.0,2.572874704279741e-05,0.0,0.0
1053002305,2005-06,Central,4.490139509705003,9.428844699993974,5.934676335807792,7.205982064464557,1.0508967808414411,8.157501319587459,4.348298955161853,6.213025501209521,5.085756072351049,6.1910182951868284,1.8505828436677296,7.874894958797514,11.829463097523796,9.366149719417344,3.793474018688187,0.0,0.0,2.5112451351164362e-05,0.0,0.0
1053002306,2005-06,Central,1.6884848511995827,2.868283669928214,2.462673366710431,2.859724676366916,0.4226129975136278,3.725438422417723,1.7071790266888485,2.0793027224851244,1.7224906357665373,2.6915309815784907,0.8765072617635462,1.735750521642287,4.7629818781943785,4.0348209941318425,1.4661647700937945,0.0,0.0,1.7397330197841122e-05,0.0,0.0
1053002307,2005-06,Central,1.5083725772488907,2.327065449427575,1.9048075620102987,2.044039527391738,0.4083098949617481,3.54419825930116,2.2243368274121114,1.7649331559355215,1.4514419225579906,2.0950720411388573,0.7179791339459468,2.1203266495579287,3.697681356115548,2.7606526246611294,1.2107658906688474,0.0,0.0,1.8734399893765783e-05,0.0,0.0
1053002308,2005-06,Central,1.3467668034248168,2.2999638815160757,1.693938261258152,1.890809601481561,0.3830987105055331,3.180413236363638,1.529555631430582,1.6732778877807841,1.3748880078406984,1.8528046839889198,0.6922240882483212,2.1325384796261173,3.5000410357112632,2.6147531662075187,1.1013937822530244,0.0,0.0,1.9977847454618367e-05,0.0,0.0
1053002309,2005-06,Central,1.3184052227037408,2.2522596569679916,1.911580659178072,2.2863509530269317,0.3487524797422825,3.0174597116123776,1.5480790949973868,1.5909776497382864,1.3042964292995705,2.0709537700311835,0.7300066448518969,1.5781288259849207,3.4874550047520985,2.5378887677059123,1.1101782566995642,0.0,0.0,1.7437558814455463e-05,0.0,0.0
1053002310,2005-06,Central,4.07597162820844,7.0726020711891815,4.823967597394399,5.931095207645397,1.5975177911879714,10.625213052921096,7.42053761161245,5.670465988085761,4.122557150024768,5.361479594037888,1.6674699634643628,8.496409701937797,10.241189817166065,6.067111500117071,3.1229976506825534,0.0,0.0,6.093964269252884e-05,0.0,0.0
1053002601,2005-06,Central,4.568915227667187,6.796772167652283,5.499753804179715,4.7874845845814615,1.0521787164082563,8.966107480546018,6.060420414026273,5.111112281532297,3.9483088431760507,4.901010163729929,1.8041213043487465,6.651212348592027,7.367106007064985,5.96220319102466,3.5465219112618818,0.0,0.0,5.38438270514759e-05,0.0,0.0
1053002602,2005-06,Central,0.7884838258609349,1.2500960295052101,1.1210707127247757,1.308187216270398,0.23817907791720694,2.083906419928442,1.1441540166384703,0.9222981304298712,0.7233804665008922,1.247090682229468,0.4699120172505142,0.9184994272584115,2.0508193084774438,1.487155363584002,0.6591545177657351,0.0,0.0,1.3534694143266619e-05,0.0,0.0
1053002604,2005-06,Central,2.6124671455175736,5.213620378014898,3.2753984574911326,3.911026640074471,0.701493460279362,5.387104478015275,2.873710248147948,3.614135901373081,2.9746328963512405,3.5877652777837308,1.1916803407055263,4.936019949074241,7.19579697117639,5.505997479722234,2.204620500225809,0.0,0.0,2.3024982563773066e-05,0.0,0.0
1053002605,2005-06,Central,0.9745455741469277,1.7012416623470554,1.3396109757098265,1.4682100800427222,0.2985580306772208,2.4961982642568614,0.9872358504381379,1.2421096476702098,1.0479777909652959,1.439186601019239,0.5605061923145421,1.3635472183716273,2.69396441220358,1.8567841073267823,0.8525696693612845,0.0,0.0,1.3021474035987112e-05,0.0,0.0
1053002606,2005-06,Central,1.400127259513967,2.3946915069344437,1.9235703670468898,2.0798577187469345,0.36120992237968147,3.2115609394071627,1.500306902400237,1.7446666509045483,1.4467553262568196,2.085536541646826,0.7941635948676676,1.8496288952865965,3.8060415375807812,2.9750198424809216,1.195267945174922,0.0,0.0,1.880273700821613e-05,0.0,0.0
1053002607,2005-06,Central,2.4923995914977923,4.62306716321318,3.3106301542860637,3.4864594770683874,0.6337936932646593,5.083554318308547,2.3177473611606065,3.3024953161723642,2.690836515693322,3.4601566671295756,1.216878235617694,3.657436825231492,6.579050395729917,5.425731238514227,2.278251174610954,0.0,0.0,2.1566708488331675e-05,0.0,0.0
1053002608,2005-06,Central,2.3010579351330995,4.40111419270659,3.1358156036578917,3.5528839939242696,0.5788713063166373,4.778023494566624,1.955999548417734,2.9924624621804288,2.706664448509405,3.576986494993278,1.285094479244928,3.144466221561979,6.732691545505955,5.484925821136756,2.1929761319464887,0.0,0.0,2.465411194404287e-05,0.0,0.0
1053002609,2005-06,Central,1.8774145345463107,3.847488906781821,2.5836908000501073,3.5511329297954917,0.4884046321231281,3.9637135064284053,2.2455243197451615,2.4576135303776283,2.2328694410174914,2.960747970735985,0.9218513952024655,3.187499576445065,5.777795451654433,4.3484789836897635,1.6344325112337654,0.0,0.0,1.70048275505575e-05,0.0,0.0
1053002610,2005-06,Central,2.380552225951317,4.274095940784318,3.162954639911121,3.759558886730008,0.7109503526769395,5.941406774342237,3.5650706997879724,3.2179812047903336,2.566989127727728,3.5142474089999167,1.1233162245199124,4.114821256252695,6.212728971599185,4.545193463557218,1.9843166960708343,0.0,0.0,2.781701053858175e-05,0.0,0.0
1053003001,2005-06,Central,6.058807830423912,13.132103898496492,7.220826966747025,8.803508481700856,1.3853481541304995,11.247813389943618,8.185028656104944,8.489543581206496,6.718334496341647,7.6026609398697484,2.7548787116187436,13.20379325043395,14.466395592388176,13.04852803005326,4.73212036100093,0.0,0.0,6.466744013280215e-05,0.0,0.0
1053003002,2005-06,Central,1.674137957069039,3.3421380172428052,2.155875328015911,2.5601885802976416,0.42166090677426254,3.0679740279399783,1.9246469882004371,2.1963585359033657,1.7832160964342572,2.388780725487116,0.9114777050180829,2.8064420140830357,4.712195725006178,3.7720175008552252,1.4707107364173688,0.0,0.0,2.2293369256944833e-05,0.0,0.0
1053003003,2005-06,Central,1.9567440097699722,3.706902836153782,2.4285105611863744,2.8915070547286468,0.5209798755994988,4.01025146671391,2.4893379594816043,2.5862788825610794,1.9954103251972914,2.691874219515494,0.9218291265428913,3.5009999860986536,5.274390644000581,4.194344495108587,1.6054742677790628,0.0,0.0,2.4676996162507242e-05,0.0,0.0
1053003004,2005-06,Central,1.3738404619699793,2.325366741448763,1.8472347256373665,1.9019854760461783,0.37006372803078585,3.1662598005456513,1.6718434128744295,1.7400408645039949,1.331278742744838,2.047206174697678,0.7150563473213031,1.7900107141567942,3.6918368278623768,2.8666682278442006,1.2214582802927112,0.0,0.0,1.6776065954763996e-05,0.0,0.0
1053003005,2005-06,Central,2.073602222314119,3.8642152883810286,2.8598097987956828,3.4431491162541,0.5458278822779384,4.47084632958488,2.6296372457284103,2.7608219548453787,2.0473517074132492,3.1523288723470526,0.99682612836004,2.9133664028292277,5.695992552541127,4.498630775836016,1.7998632122210811,0.0,0.0,2.0173036857055654e-05,0.0,0.0
1053003006,2005-06,Central,4.622816612751361,8.56397901853119,6.024882511771902,6.5276589948480686,1.1301149179032555,8.396861443318665,3.9712547063590145,6.076134600801492,4.9790945814302034,6.581898856946826,2.2437719830985414,6.62501178123629,11.740238268418354,10.378532080814027,4.13166682407673,0.0,0.0,4.919932271021635e-05,0.0,0.0
1053003008,2005-06,Central,1.6626943585913132,3.1604955945081383,2.0779363277064338,2.265617061266446,0.45041773648506517,3.30014985388763,1.7255621733048263,2.195931028287982,1.7182456586491626,2.2527421851745064,0.8227306424997567,2.9014527050669203,4.410756919049293,3.383311440593326,1.4304790335957824,0.0,0.0,2.182972527656398e-05,0.0,0.0
1053003009,2005-06,Central,1.834614333659092,3.1507943281137396,2.408167544572759,2.7304995923260145,0.5791940831376978,4.935294443946477,2.428332140597363,2.3781102195659893,1.843900260159335,2.6664515526683292,0.8055895062947268,2.9488856698069807,4.602066975685819,3.0414449359463225,1.5394142272008648,0.0,0.0,2.035177621764197e-05,0.0,0.0
1053003010,2005-06,Central,2.5133085398667463,4.264954908324198,3.3456080653125526,3.6704445365954865,0.7017286585824556,5.935878013752046,3.0088072005286577,3.2648259936452875,2.4527477782089964,3.5321168154811233,1.1711266322001752,3.6508839550831684,6.400075430337507,4.929217004613122,2.060024101599212,0.0,0.0,2.4843304783750246e-05,0.0,0.0
1053003301,2005-06,Central,4.027829046127475,6.190374529025257,4.957159159216621,5.290769190042625,1.4028335871788071,9.918434450672848,6.691783852543972,5.028523047339868,3.619800342105834,4.911449913307851,1.5726878066961607,7.2572356607067325,7.191498161845227,5.4081382788638415,2.86194614449443,0.0,0.0,6.096400122251769e-05,0.0,0.0
1053003303,2005-06,Central,2.8014724926344012,6.003456363399429,3.740823167651391,4.471130917909076,0.7074408985738776,5.437102961675063,2.6100631713812295,3.9542784367420194,3.419723930855812,4.166461018639945,1.5395175397302243,4.628091448919462,8.414524403725519,7.123173805597728,2.66624862748555,0.0,0.0,2.6634824981026306e-05,0.0,0.0
1053003304,2005-06,Central,2.366741914833403,4.92199821870151,3.1490720028022134,4.068810072207466,0.6572510751226842,5.221207605113944,3.011692457513739,3.394790991408667,2.8122977224067967,3.697377321545908,1.2303511427805096,4.2529579126669095,7.245346207804381,5.464144261780054,2.114691213283233,0.0,0.0,2.739985060300206e-05,0.0,0.0
1053003307,2005-06,Central,1.9858953474301342,3.5147952755586176,2.6909076550382927,3.265926929732032,0.5617394489862391,4.781909440398358,2.4243971982695,2.5872312155868613,2.0365054268830067,2.938072599249716,0.9037203404817407,2.9928964744682482,5.199012418566495,3.8766405667922936,1.6032463981971974,0.0,0.0,2.4067281398468297e-05,0.0,0.0
1053003308,2005-06,Central,3.426592246935661,6.484234814175837,4.530044277837687,5.189181327577725,0.8054623710061214,6.657991078974531,3.2801284957081447,4.465905428229475,3.7561791893240932,4.804665905227632,1.579225305336918,5.3314925306315235,8.671677385187554,7.223441329772875,2.7817485228136354,0.0,0.0,3.355085600637212e-05,0.0,0.0
1053003309,2005-06,Central,2.3184089969626296,4.447889275622462,2.9111948330301756,3.5957609396210026,0.7373332476003869,5.5557295292852595,2.849580634707288,3.2039668883617924,2.6208480190490064,3.2225073726061675,1.066380255755533,4.572650430311508,6.196725039576443,4.22068644902018,1.9362133452801207,0.0,0.0,2.4009186662757296e-05,0.0,0.0
1053003310,2005-06,Central,4.1950833753086485,7.265523668469229,5.7218681923010335,6.292404353447657,1.0650392851323045,8.957682645976139,4.444034479108083,5.343481002253491,4.070806202480981,5.968121478082572,1.6752986299494175,5.712762726395968,10.238154554883922,7.906393049046845,3.5601048989411184,0.0,0.0,2.668635048024694e-05,0.0,0.0
1053003312,2005-06,Central,1.25296488771858,2.2868357112104998,1.6381095658537448,1.7605867279081704,0.32192298250453283,2.473945458883658,1.247504116160237,1.566359527889119,1.2951349211751413,1.7575710263043056,0.7136064303304743,1.8567740187074315,3.38266804149634,2.554748048042406,1.0853962528444312,0.0,0.0,1.79614261254086e-05,0.0,0.0
1063000301,2005-06,Central,1.624163424441124,3.1478767187474026,2.1991081369055543,2.493327059821116,0.3846452818936856,3.1180212968221084,1.5809981676543836,2.110384335309522,1.6747373953780054,2.3037664913592772,0.825693923946221,2.427306033885708,4.296262694771415,3.4119353179700935,1.4055356893710222,0.0,0.0,1.7839292418769425e-05,0.0,0.0
1063000302,2005-06,Central,1.879630232511868,3.5520814037813655,2.42422873497691,2.68499850721652,0.42727017708262366,3.536632079987528,2.0820130496359273,2.3766001923637288,1.8844012182746528,2.5596549773937265,0.9107436289905263,2.985777811718263,4.723326189840878,4.060863795057952,1.5859834104568316,0.0,0.0,2.129888783173854e-05,0.0,0.0
1063000303,2005-06,Central,2.5716685428635593,4.233769218217256,3.091968025504352,3.675851088554383,0.9976059146936123,6.968091217680998,4.685330477382267,3.3997486024975028,2.5460793745830745,3.485657046338729,1.1547785421974737,4.869038477406258,6.534720449181114,3.86768506230246,1.9917835118460951,0.0,0.0,5.0308275443591696e-05,0.0,0.0
1063000304,2005-06,Central,1.0212630171923294,1.7639394559322727,1.3143841531209064,1.4363713813517032,0.32764600882455974,2.5746557827446566,1.1394197097020222,1.309002386733831,1.0618091130914713,1.4604248942246407,0.551219909332042,1.6070012113121401,2.7459003766610612,1.9340598325106844,0.8846587683496093,0.0,0.0,1.6347877201097995e-05,0.0,0.0
1063000305,2005-06,Central,1.5024105640579277,2.809268242352324,2.026585649608288,2.336373358596669,0.403720318305102,3.4642382745460147,1.5517399875482014,1.966677062046481,1.6126889145715224,2.195356973499217,0.7194639946177832,2.371066205335124,4.182508269183098,3.1660613691331525,1.294174011105334,0.0,0.0,1.492094864066786e-05,0.0,0.0
1063000307,2005-06,Central,1.3698495739102998,2.485564618630139,1.7200399348041833,1.9635589836032596,0.3772023823673303,2.860520683304804,1.892043225907184,1.7359644176859441,1.4161861917709468,1.9206908554639384,0.7368850369088794,2.3476888169729775,3.6852653137107763,2.7772491264436305,1.1460489657418529,0.0,0.0,2.4187607805159587e-05,0.0,0.0
1063000308,2005-06,Central,1.2837991988394946,2.296979380683175,1.705618442978654,1.9869301633620668,0.3563264757667029,3.0706286024179628,1.5773995659298392,1.6529056085853517,1.2204148485987416,1.8800302883988085,0.6165801168621902,1.9535108787086135,3.3540689627171827,2.577379177797274,1.0626494279787764,0.0,0.0,1.6553151540951204e-05,0.0,0.0
1063000309,2005-06,Central,1.5628617916525203,3.0423529811755046,1.9977993389975623,2.409330534036625,0.4588199699658402,3.4100859551444302,2.2745857991910152,2.127581948823211,1.6827958684540036,2.2855705240851645,0.8535416219552715,2.8465899207724314,4.374379558065537,3.303027779151387,1.375040677416344,0.0,0.0,2.6668151992715766e-05,0.0,0.0
1063000310,2005-06,Central,2.2912414156526073,4.569928976361061,2.982415330871982,3.126131619446446,0.5876767303724789,4.584499611367263,1.8875280282669773,3.189064457640477,2.4497797864642346,3.01725497570168,1.0210150981891029,3.938757383283022,5.92136127009203,4.337053228958799,1.9944477066185138,0.0,0.0,1.8594407544262266e-05,0.0,0.0
1063000311,2005-06,Central,1.8404370351222104,3.1700244539907967,2.397082602230771,2.575797751247053,0.5969594200343803,4.893050539177066,1.902192104728347,2.456202475969086,1.9869353144120487,2.5944675073927805,0.9303734041562077,2.8607114397737265,4.83877577103199,3.4158310664151346,1.6004377290224236,0.0,0.0,2.349427992179915e-05,0.0,0.0
1063000501,2005-06,Central,3.8557861180657307,7.2665025244417025,5.045573388120433,6.294360210412861,1.1381529162461446,8.544545512019862,4.533666526655565,5.378270965320905,4.2891013194793715,5.503997101715806,1.508106963341754,6.645364668846053,10.494999277947763,7.937296659276231,3.160960803565898,0.0,0.0,2.4510456388314934e-05,0.0,0.0
1063000502,2005-06,Central,1.0229501211832621,1.831016851076658,1.3259547624718426,1.5081314337224558,0.26973284989413077,2.223697219710895,1.2625617676089507,1.282750974689754,1.0306984325872373,1.4765355469243715,0.5513398780193179,1.612853213801972,2.810369713222398,2.128004349417676,0.8327001962878269,0.0,0.0,1.8356450828780627e-05,0.0,0.0
1063000503,2005-06,Central,2.064682988988343,3.494026747837102,2.6717651033089056,2.694939625473209,0.5164839207684281,4.434972022795855,2.138183141205862,2.5364430471026873,2.1482687678127608,2.8067213379886287,1.0780803707405946,2.8687327408374235,4.955329738154103,4.169243861204866,1.8509812463311095,0.0,0.0,2.3270153700014974e-05,0.0,0.0
1063000504,2005-06,Central,1.4606126355954272,2.4131984169474805,1.8672985232775545,2.265283541543654,0.5876889857333203,4.470794148672446,2.8273358519651937,1.9456282141643422,1.470485669345694,2.176010716624921,0.6899991286331958,2.515483692268983,3.9438460902240173,2.370836244894908,1.1858605358073662,0.0,0.0,2.596194260588806e-05,0.0,0.0
1063000505,2005-06,Central,7.28213319282591,13.429045090464047,9.096051547904388,9.62061799591695,1.768994337384822,14.86035014677583,10.477083793233476,9.855491890375891,7.767485967507861,8.897416819881288,2.868783435748419,13.191371738975112,15.181560225097623,13.045478505553747,5.8041089755173205,0.0,0.0,4.900091593471908e-05,0.0,0.0
1063000506,2005-06,Central,1.7011821539123098,3.024030718165647,2.2925232962804665,2.7396563881925284,0.47360440676056104,4.087654480743637,2.0471717867072354,2.173147877399189,1.8634600136301254,2.6067349392044434,0.8763923687136965,2.536177132308189,4.659862837401505,3.4435526666458465,1.4457927149958683,0.0,0.0,2.308044312925821e-05,0.0,0.0
1063000508,2005-06,Central,2.184648774377155,3.966566814902088,2.7229580415038885,2.7811701003014737,0.48347520254940013,3.94329391204973,2.63481655633151,2.646100897516176,2.172012785026258,2.7599637131199897,1.0575223823076643,3.55379307860713,4.815928768243917,4.26938019570663,1.8539130380737119,0.0,0.0,2.682547247874561e-05,0.0,0.0
1063000509,2005-06,Central,2.0824548657698694,3.6558519719466926,2.7466765996210634,3.013577349106136,0.5370520958633771,4.508125399689807,2.6797517082168296,2.697761626435441,2.0515073411547142,2.9791066857725763,1.0260651399354173,3.1302415901329486,5.408234733521438,4.641075112030333,1.734777528995192,0.0,0.0,2.6225140236975048e-05,0.0,0.0
1063000510,2005-06,Central,1.6735397983492362,2.785354551519207,2.2690423681952274,2.4197878829571415,0.4137084620550539,3.6521576388769965,1.8317426635987009,2.03364587335498,1.6123455406192053,2.432129027537485,0.9106620800305848,1.9763201568836186,4.403202634306792,3.5559502689611806,1.4306795190920174,0.0,0.0,1.7831457568421855e-05,0.0,0.0
1063000511,2005-06,Central,1.676388710535305,2.9725916484734425,2.262454908440532,2.630305343925588,0.4827347121191368,4.072608672571145,2.0693930651888617,2.2103600002236905,1.6879151471369853,2.4980648832206787,0.7794742005330817,2.591382607017787,4.582449479397044,3.332113936002439,1.3926967836739637,0.0,0.0,1.932848616703127e-05,0.0,0.0
1063000701,2005-06,Central,1.494876317283891,2.9636875138459726,1.9691147556244906,2.4139451117122763,0.36273334900832493,3.1868124288242194,1.7514386792984873,1.9700210387581003,1.6939198921491292,2.2202340470543143,0.8066183445206495,2.5085932342417907,4.327134689536909,3.6085660026534803,1.2605388981901686,0.0,0.0,2.025545903280973e-05,0.0,0.0
1063000702,2005-06,Central,1.8212157030466196,3.2608080233334227,2.4054406097769396,2.4954404172315603,0.4987654511988496,4.119224510371958,1.536333973664285,2.379748098819784,2.0114731788366544,2.5471124215219385,0.9891303755143145,2.643353023793119,4.8019192207495776,3.6078224007318225,1.623268849072833,0.0,0.0,2.2951169853814066e-05,0.0,0.0
1063000703,2005-06,Central,1.6724264231382702,2.53704205882349,2.263523047110429,2.480253243022363,0.5047234097854765,4.477795722681279,2.0952376552356666,1.9802062147124815,1.5604150484478234,2.4842706307230475,0.7546504651520761,1.988032523011202,4.117432134956022,2.897612469920565,1.392153967723341,0.0,0.0,1.8449309829869306e-05,0.0,0.0
1063000704,2005-06,Central,2.2665059843797892,4.428607417376981,3.0708289351964493,3.713755259706419,0.5583407995595051,4.672972488243718,2.683118856963046,2.97583767579871,2.5612371954438684,3.4420027751649034,1.1376191356195642,3.534129837916401,6.386392749742536,5.03160581512962,2.0405003641637816,0.0,0.0,2.069808587980845e-05,0.0,0.0
1063000705,2005-06,Central,3.2989141176510217,7.183638333804624,4.092694687252193,5.25871339845768,0.8316332228591546,7.408800509233056,5.027564111756957,4.817604907179032,3.92463404504422,4.931031487609156,1.858054868953797,6.508523106447835,9.21631768766945,8.51500657195393,2.9232073019109075,0.0,0.0,5.297179178386808e-05,0.0,0.0
1063000706,2005-06,Central,1.9580795537900562,3.679845945829126,2.418766670022306,2.763849710863159,0.5769428275227515,4.229122113052519,2.14417141485996,2.6217376524194207,2.105242606846693,2.6374465965268357,0.9515603449224561,3.5921763967753053,5.115739176311382,3.772902111553551,1.6718252763066928,0.0,0.0,2.4814949506193275e-05,0.0,0.0
1063000707,2005-06,Central,1.2289777127035826,1.9758039882551321,1.8154406168242412,2.2047197675462327,0.3433660781922209,3.016743241353598,1.456466968196858,1.4980625432119232,1.1899678253194872,2.0393902863111433,0.6587722531117722,1.1747383568192438,3.6171835684896356,3.1027249012593043,1.074009053610728,0.0,0.0,1.1723789816016748e-05,0.0,0.0
1063000709,2005-06,Central,1.2123865288777391,2.0278739311271714,1.7634874221533359,1.9511505542315628,0.33123157342346377,2.8126107096253548,1.2649729514466266,1.5053293930939708,1.2735516553751351,1.9537680372117558,0.7542459574811754,1.2316131655525013,3.4595382231049308,2.581748817640442,1.0972632803283897,0.0,0.0,1.6848023567930866e-05,0.0,0.0
1063000710,2005-06,Central,2.0347133653037455,3.678079136691751,2.549225212614492,2.6914441768856907,0.5451224525311787,4.57291078249268,2.003116806558339,2.6505379126213486,2.1053826694230624,2.6588968907071076,0.906844104389377,3.488429282688057,4.955786075410497,3.9391005139560042,1.701774747718194,0.0,0.0,2.096713126063353e-05,0.0,0.0
1063000711,2005-06,Central,1.5650202879299908,2.5587672196577063,2.1406142748732604,2.3012323844673137,0.4322583111008288,3.7884952224288715,1.5754681487565287,1.977131995843657,1.557153301475523,2.3316914844893364,0.7484125479496726,1.9067032779854654,4.256859357687551,3.2795371663297948,1.3054591352625875,0.0,0.0,1.8215607910465098e-05,0.0,0.0
1063000902,2005-06,Central,2.113601938080716,3.3483837056249466,2.7443921719191304,2.7539435698395764,0.6011058345614426,5.221111618994226,2.309744309106758,2.611466793181274,2.0851775769702257,2.808121164907642,1.0082173984635345,3.1278555168025495,4.732284037546805,3.5577515323063706,1.6848685097697733,0.0,0.0,2.781388535701132e-05,0.0,0.0
1063000903,2005-06,Central,4.192768185757797,8.428243451800626,5.321274309633583,6.951908068758675,1.4062404252291585,10.809911996876254,7.468975041667863,6.415321966670459,4.8568987062745945,6.085063041811007,1.913387189375825,8.86351822013046,11.80102203354447,8.481982264620147,3.5352054367640777,0.0,0.0,4.569318909141229e-05,0.0,0.0
1063000905,2005-06,Central,1.305034976994985,2.2819522061991124,1.6364864464214168,1.8213016533922777,0.3235455077543099,2.855588042249427,1.639341478427846,1.584724910973537,1.308224683346129,1.8139087478468443,0.617743404677084,2.158656679410369,3.3222816302039315,2.597485239252226,1.0547778077932113,0.0,0.0,1.747055578071802e-05,0.0,0.0
1063000907,2005-06,Central,3.141241232051999,5.8240457917306045,4.066669032185091,4.602343156847249,0.8511187812529152,6.526718913732315,4.364306137859264,4.263048059812575,3.2527832446068667,4.343418710575272,1.444537138384649,5.512282945488024,7.587150922038644,6.48626052135852,2.624510474704927,0.0,0.0,3.5840247277387134e-05,0.0,0.0
1063000908,2005-06,Central,1.6470034523181283,2.8595226369281717,2.235698738411653,2.72002085718799,0.44553886042681634,4.109822405204595,2.224443861668475,2.1052647631710455,1.566964114925653,2.512074607696963,0.7273838053606688,2.3454637563536065,4.4285626293487645,3.5268461404926246,1.328371913782502,0.0,0.0,1.8661108576067472e-05,0.0,0.0
1063000909,2005-06,Central,1.6790509283357098,3.314372112720121,2.138167497804285,2.5762691383536347,0.47778859524361944,3.402592517356555,2.2577901178244346,2.2978113547347467,1.740194438752229,2.4342963783132956,0.8516216950122206,2.990709971345555,4.780858696367855,3.676228425533407,1.4826265905086158,0.0,0.0,2.1928606763602277e-05,0.0,0.0
1063000910,2005-06,Central,4.731074680240764,8.45092303335733,5.846359612020177,5.781562963836232,1.0745205404216172,7.758343072556217,5.377153166867984,5.795004995853262,4.562837750841111,5.65683224680808,2.1104580649534763,7.38783951427297,9.377932389044412,8.398865746304807,4.227989116973293,0.0,0.0,4.535150930055879e-05,0.0,0.0
1063000911,2005-06,Central,2.913986508752312,4.304182901146306,3.6182853834494186,3.764764995759766,1.0071749771285654,7.362134605065764,4.837682710562455,3.5044443536830494,2.5758729453158407,3.627809868817463,1.2276210663591898,4.876335982838848,5.236171017577467,3.917168831892917,2.0827013679996407,0.0,0.0,5.312591535452855e-05,0.0,0.0
1063000912,2005-06,Central,2.032248301743768,3.545326685914458,2.6399697351069022,2.860985201669527,0.6615578890318119,5.36543430506552,2.100152404385655,2.7438202944018864,2.206395856788282,2.8454631398748575,1.0049388940901327,3.2411622568741514,5.338370325522753,3.770710144591801,1.763055115224764,0.0,0.0,2.4514659054836014e-05,0.0,0.0
1071000101,2005-06,Central,2.3313917343805066,4.52701603606098,2.8480317357287053,3.436639603701538,0.649169399423748,4.653158579920092,3.2051907991038533,3.1406381934297034,2.469569113562819,3.150223306665051,1.101266882346753,4.554113538483505,6.167261827136227,4.652128452552075,1.9301477556194706,0.0,0.0,3.0412884063184895e-05,0.0,0.0
1071000102,2005-06,Central,1.6788777735908715,3.182297263840023,2.113218958014694,2.356680099885261,0.4576805123146895,3.6972922184900985,1.7214724326433786,2.234633240161643,1.7755127430204454,2.297058382359875,0.847504622475527,2.9353795144110335,4.448997187027853,3.59208632240976,1.430901560110081,0.0,0.0,2.4399108163541107e-05,0.0,0.0
1071000104,2005-06,Central,5.048451051610809,12.445239910237225,6.13325808450397,7.774029491452723,1.183250733145302,7.901601044872694,5.8383386079186685,7.471705329295673,5.7838046459507515,6.677686073393018,2.4542212627817155,11.253049270528226,13.494254846862182,13.606690229400822,4.545523476809994,0.0,0.0,4.976354659675642e-05,0.0,0.0
1071000106,2005-06,Central,2.108150879998515,4.147950286005265,2.688738985728713,3.102545477245817,0.514523504389944,4.109331115217372,2.22430964074815,2.798895463450595,2.2158428625258755,2.806314717437072,0.9614192151313157,3.7286873551328568,5.284495872480118,4.339186608697877,1.7765699879759633,0.0,0.0,1.954365791779508e-05,0.0,0.0
1071000107,2005-06,Central,7.451977123787526,24.347178771172295,9.035000958475834,13.920293340058517,1.864519033399466,12.371863777988462,6.959741072527094,13.235482370964045,10.785458892457314,12.356919764518759,4.3601222628908305,20.07120474400861,26.283520033641345,25.488580754019317,7.95650720596081,0.0,0.0,8.018897292434119e-05,0.0,0.0
1071000109,2005-06,Central,2.366798299364436,4.421562839138032,2.9405438515162596,3.613910372611006,0.6975406360667781,5.6477538845526505,2.8120348417075185,3.1166832813951864,2.4610600705746157,3.2609824507318166,0.9225111779877286,4.517566031788843,5.8393125406785975,3.8187227077358985,1.8966865665657318,0.0,0.0,1.795706215601016e-05,0.0,0.0
1071000110,2005-06,Central,2.2318669995988225,4.1525060549562225,2.893876135387577,3.538288081232908,0.5989998051187524,4.68926034623476,2.4181416229860786,2.910279705234881,2.392114065410814,3.0100877107093997,0.9636752147072577,3.8125888478545367,5.441359155124855,3.9786243010027382,1.7970432900560407,0.0,0.0,1.9303990151473783e-05,0.0,0.0
1071000111,2005-06,Central,1.7788708834226623,3.2590625540169795,2.3245131103663543,2.860690769082983,0.5223028887900983,4.163772168334969,2.5313815161268467,2.3625338876904376,1.9528645732299936,2.719724063274082,0.9275427624746204,2.8730070289862373,5.2148301210288075,3.779930131868991,1.5502734387569903,0.0,0.0,2.2471747631892405e-05,0.0,0.0
1071000201,2005-06,Central,1.7582438550653385,3.270059173048517,2.1759545425199436,2.6848074533231325,0.524621897023606,4.287357906058318,2.531417574285552,2.405464824443922,1.7262302757450518,2.4475886249068695,0.7342987653949498,3.36477712345402,4.64503546414019,3.4448980254882495,1.3619651138666378,0.0,0.0,2.282099459020242e-05,0.0,0.0
1071000202,2005-06,Central,3.127174330403076,5.215570855231332,3.7235416140184365,4.168371833094383,1.0907454863115615,7.859912858356159,3.6823175013861578,4.106144198377059,3.133630970401585,3.9597184401437984,1.2283404733575916,5.790588729001413,7.4491281813406545,4.599955761218738,2.3712853115453965,0.0,0.0,3.2729115578183035e-05,0.0,0.0
1071000205,2005-06,Central,1.7349248729863933,2.8603794525507245,2.266647206437226,2.4706568463608813,0.48944327334391735,4.219865202847764,2.113419261718735,2.1668857033329862,1.726964133328035,2.4293769913215573,0.7830244584902285,2.564203970170938,4.262614385782821,2.992817549832539,1.4131136073777106,0.0,0.0,1.8808198112926922e-05,0.0,0.0
1071000206,2005-06,Central,1.3987564845012026,2.5360015029920957,1.762988663971879,2.0300842365761387,0.3704068195341879,2.9489527539996128,1.7841002506873989,1.776348139912656,1.403582798298268,1.9696278599297128,0.720111530005799,2.295561447873565,3.8131809759818536,3.03742077334181,1.1552455335818053,0.0,0.0,2.134969411367663e-05,0.0,0.0
1071000207,2005-06,Central,4.166853782350168,6.130938656232806,5.0302565282161975,4.347114396778665,0.956780630416902,8.238713055208509,5.524354870886204,4.612454518178126,3.5833022758358397,4.493580378462629,1.6771038614038283,5.9475390375458455,6.7343574219216995,5.449271272280001,3.239539337211659,0.0,0.0,5.179030070170324e-05,0.0,0.0
1071000208,2005-06,Central,3.3643085669856836,5.923154446454843,4.108984872668759,4.441952397948428,0.8213078713668132,7.352467381785873,4.457840168134704,4.2665056787615905,3.3423803922203663,4.105283952752,1.3229972619546608,6.155717686396499,7.206212268696718,5.764042363208821,2.52698092173786,0.0,0.0,3.2013742573528614e-05,0.0,0.0
1071000209,2005-06,Central,1.7522632318373057,3.182605959601687,2.2342285032308036,2.4904996460550044,0.45061947920395695,3.9228572216706326,1.65903106025706,2.2032863500224855,1.8772814919470753,2.380313642519658,0.7790702102608408,2.959449370141142,4.458961487175992,3.102168468631869,1.4261525313062662,0.0,0.0,1.6067994547346893e-05,0.0,0.0
1071000210,2005-06,Central,4.713155617244567,9.018241106147983,6.032285510605727,6.641049333458541,1.0836781271790195,8.969726177384512,5.597467068249013,6.28968351304714,5.0870076442134655,6.158392496170214,1.9986170865398523,8.037591164366447,10.85359132440985,9.278804055664697,3.8957884957021145,0.0,0.0,3.590062142943188e-05,0.0,0.0
1073000801,2005-06,Central,10.968347603005713,18.322313400903887,15.652601641199038,16.7437632993228,3.0307139744827185,23.305054558615474,11.393867050291433,14.684943161434822,11.305309861415308,15.04103003850475,3.801925856582309,15.290567028907589,24.43048214068395,20.155635107515618,8.503592340888266,0.0,0.0,5.283688086510274e-05,0.0,0.0
1073000802,2005-06,Central,3.7683957936000847,6.749143352795159,4.636310096477505,4.787890189311413,0.9842103122372674,7.980199679282927,3.857611499686399,4.85861845920344,3.9966539028883075,4.533958888159392,1.6099360030862575,6.748553238573349,7.9248449141047725,6.186786743886645,3.088991921346603,0.0,0.0,3.164993367825042e-05,0.0,0.0
1073000803,2005-06,Central,5.6254120733219395,14.615679323065748,6.956037578510802,8.94548406529885,1.3147251668695774,8.244023062055222,6.098677612204619,8.521685286588198,6.577528806070862,7.544795957013934,2.779699495551152,12.333966043251671,15.659333430371877,16.785874209177564,5.3939178869963404,0.0,0.0,4.563412790721306e-05,0.0,0.0
1073000804,2005-06,Central,5.441311569749495,9.726171768413838,6.407397556118093,7.978567631505345,2.14903088121278,13.866327027021057,9.920858023525367,7.811942882044834,5.5815784641321615,7.0319209262919316,2.121377768977168,11.937549913288112,13.586754970078623,8.056899511145316,4.129485943631282,0.0,0.0,6.843155921327311e-05,0.0,0.0
1073000807,2005-06,Central,2.5797026588899437,4.2647110936252774,3.1617888833005057,3.115153819400007,0.5707005853193385,5.164354475663038,3.4247280774776967,2.978951476150104,2.4915521528706095,3.059868739750103,1.1618577064883786,4.1193131434050825,5.055092792453664,4.192177567461401,2.007771060492259,0.0,0.0,3.1350300877062315e-05,0.0,0.0
1073000808,2005-06,Central,1.902633697582418,3.5647452845104852,2.4277668879500163,2.8136225478855765,0.5231118023452495,3.9145219968377716,1.9670627746489842,2.4796332887661894,2.0648651289883384,2.612540855210963,0.9790117328281066,3.1758020733022736,5.025934353902004,3.6911333227889918,1.6344049348426188,0.0,0.0,2.2448436794444245e-05,0.0,0.0
1073000809,2005-06,Central,7.10590810552736,11.614560440314175,8.721593785190036,9.52171278908707,2.517112077574097,16.792042348549003,11.88025475704937,9.462348778899072,6.592285966529239,8.372791468770135,2.4965261421631753,14.242021191501012,12.575481864719679,9.556778430562213,4.963445393032041,0.0,0.0,7.677513770098883e-05,0.0,0.0
1073001201,2005-06,Central,1.874977106690447,3.236795367743795,2.421524526409251,2.4188000073016873,0.47195730458544766,4.037546907587864,1.9497785541708714,2.3513426608908445,1.9394010990798747,2.57266106573424,0.9525751428310263,2.7055098344926782,4.584596646904438,3.8781739304128147,1.687156762690837,0.0,0.0,2.2613411399876187e-05,0.0,0.0
1073001203,2005-06,Central,2.8061955001607797,5.470842765452507,3.590558703562362,4.317504021576026,0.7226387546157684,6.0276172392196345,3.5798678726630087,3.857033875214601,3.030518956597822,4.021620579183474,1.3833049322312536,4.815021761900278,7.869193369871471,6.902845146620831,2.3885766554236283,0.0,0.0,3.45245058295701e-05,0.0,0.0
1073001204,2005-06,Central,2.328761224477685,4.5255232375863175,3.116366132249497,3.5717886351058192,0.5628330128688779,4.639841064580633,2.2421654004758516,3.0926863096637276,2.560312817104545,3.393356450413451,1.2271304007617658,3.402535561762122,6.745404728722986,5.642264016108737,2.0586924092191135,0.0,0.0,2.3011716317418976e-05,0.0,0.0
1073001205,2005-06,Central,1.4452083188340417,2.8762447789671475,1.9083820810249348,2.246846124493271,0.3505390240515704,3.09025913001273,1.6434829190768043,1.9509961392496216,1.5645346892902834,2.253887324560982,0.7476276564817012,2.3116068311160856,4.579925196562612,4.113198980356195,1.2630470969547376,0.0,0.0,2.0047096985553418e-05,0.0,0.0
1073001207,2005-06,Central,1.248363800276305,2.2212771844044013,1.6354516536824955,1.8907768421020725,0.34108051172805376,2.784303367614484,1.6440356866336288,1.5679477209767263,1.2675563515960404,1.8310166016241032,0.7279440616850273,1.8459599549986627,3.459888212203636,2.7192543995402536,1.0671564663774264,0.0,0.0,2.0631473078100707e-05,0.0,0.0
1073001209,2005-06,Central,1.417533620777134,2.387316560836292,1.8237368936398102,1.893202030882895,0.32313237463627925,2.84307158363974,1.6679429724841077,1.6389366607612523,1.3753020560184688,1.915302495927491,0.7787521101527092,1.9536478737941645,3.437822639234174,2.998980213481389,1.186353640466478,0.0,0.0,1.9536188814999535e-05,0.0,0.0
1073001210,2005-06,Central,1.8775908517960294,3.2827518419787425,2.3083385118919226,2.5639275724067465,0.5378134731189665,4.79372120627877,2.027081384986654,2.445173510250965,1.804880070604918,2.479975994843127,0.7371689553296785,3.293581664060975,4.464989087473612,3.223946307258134,1.4426238036943069,0.0,0.0,1.8011737407224398e-05,0.0,0.0
1073001601,2005-06,Central,3.5886156499573962,6.1409151174878165,4.26183562450313,5.200023511861435,1.4021759271204381,9.45283012760917,6.532311612654264,4.9228901631808215,3.6077956091492798,4.758845625137967,1.5033055602495315,7.297626495729992,9.043050131301403,5.355944209074385,2.7593157997776356,0.0,0.0,5.7843670023246854e-05,0.0,0.0
1073001602,2005-06,Central,1.3251428853645115,2.0938555685600146,1.7335414956845603,1.8222604112808325,0.37844638920820645,3.606043636831803,1.674111218424398,1.625223314462251,1.3016574200016244,1.893786944383316,0.6412453627276491,1.8511140646009705,3.317222070577905,2.5279367633307603,1.0901446704363726,0.0,0.0,1.8536527583434036e-05,0.0,0.0
1073001603,2005-06,Central,3.0460678648790545,5.439296796855585,4.053761999992402,4.318375389330237,0.7101045492998206,5.984609565787198,2.4944556059463716,3.8586862020787787,3.283284897389259,4.474174319372057,1.5264350243029623,4.108556159537512,7.86289552055077,6.350190459125792,2.5434725831962854,0.0,0.0,3.8861469192144466e-05,0.0,0.0
1073001604,2005-06,Central,2.1908292378200835,3.6778256965511944,2.6905063482196385,2.9564352510561367,0.7963605626212761,5.806570165987071,2.3359337423682387,2.8839576193921364,2.2843248410818697,2.945959967429037,1.0427561069379208,3.7881308850956503,5.449785748447472,3.5091091162679366,1.8383137678398345,0.0,0.0,3.404720769434043e-05,0.0,0.0
1073001605,2005-06,Central,1.3805061042217168,2.385411187932864,1.9026997908706917,2.1487328930812475,0.3967906560701081,3.334537362126936,1.98087338294603,1.77747899874118,1.4010799147851978,2.173835553836527,0.767431464850324,1.8918983717572235,3.8649411311923285,2.8191961365968834,1.2250974879209013,0.0,0.0,1.9086491270752574e-05,0.0,0.0
1073001606,2005-06,Central,3.1752072149087933,5.820009442274212,3.8030925622805656,4.622383195218889,0.9381581048987061,7.200788533256762,4.995746964022117,4.254488324988816,3.3552777757931533,4.0998631204680915,1.37290446994492,6.467515437671199,7.821473015243818,5.3932129651937455,2.427204180851009,0.0,0.0,3.8160934293401116e-05,0.0,0.0
1073001608,2005-06,Central,1.941333125477273,3.3581294831489212,2.577605840837677,2.8215646130663967,0.5440735132459943,4.640873334285449,2.2650527744830815,2.5088159428504895,2.036961094650276,2.7558191112634867,0.9293333159591723,2.9141765232017174,4.880915533815489,3.613209287565313,1.6699515322823408,0.0,0.0,2.128708862622715e-05,0.0,0.0
1073001609,2005-06,Central,2.037461194751253,4.075945364397992,2.52546195956182,2.9103554643261926,0.5787046211576219,4.0747547637838375,2.180766278565993,2.8260967126287055,2.1941041807698136,2.782533150828502,0.982336424307595,3.8455251905327588,5.554336522720306,4.314691558644009,1.795847237332494,0.0,0.0,2.4105502275174842e-05,0.0,0.0
1073001610,2005-06,Central,2.3754308512549116,4.6436909956453025,3.1439087296677477,3.465702067904946,0.5739789367005774,4.720949473378601,2.339809699169558,3.1693317454011876,2.6686057728569588,3.3961554849819313,1.160900584127696,3.770565429881954,6.41288197814457,5.306540935742072,2.162475276189336,0.0,0.0,2.1895228786058105e-05,0.0,0.0
1073001611,2005-06,Central,1.728317180544015,2.881383404389751,2.1567034692965414,2.235254322004117,0.44841422168179385,4.114697781527725,1.879951857429194,2.099657566884834,1.7277296429190954,2.222395533283259,0.7910406714156278,2.7922848792868216,3.922670665836467,3.051531442975379,1.379816893546409,0.0,0.0,2.177013184476596e-05,0.0,0.0
1073002002,2005-06,Central,1.2395150862805668,2.110647294505681,1.7424512413824054,1.9223063678690029,0.338400956742943,2.8707688745752575,1.1856997276647507,1.5091807735779015,1.306616319842952,1.8776455871198947,0.7176458080380306,1.4777093758836586,3.386537170255536,2.4484024635488404,1.0941480160528876,0.0,0.0,1.589990835129917e-05,0.0,0.0
1073002003,2005-06,Central,1.9427821963709573,3.7069502378095462,2.5845687516792664,3.047820078766538,0.5653465560631715,4.494703210906336,2.192760884761059,2.6518238370425653,2.2398720072237905,2.9535576061822852,1.0762192615799078,3.0744248182279805,5.730135575408925,4.372793226720185,1.8019801070640227,0.0,0.0,2.322947369594516e-05,0.0,0.0
1073002004,2005-06,Central,1.174292667981103,1.8766208699069815,1.6010422806602427,1.7428397680545125,0.3471605610946214,3.0538162895872625,1.2266217375944368,1.4243725611807907,1.1695635953814036,1.747200143658459,0.6400875167450882,1.420166853015981,3.111047678895649,2.375109155877311,0.998450217480446,0.0,0.0,1.689893528708886e-05,0.0,0.0
1073002005,2005-06,Central,3.1303932206667966,5.391359752798463,4.270856127261177,4.855106136638468,0.8883680932295027,7.394348972234279,3.7493063856304367,4.112377700892564,3.093023554924823,4.616858034129605,1.2870453152455934,4.272608362879221,8.03230472487847,6.201966335785731,2.6849145311573324,0.0,0.0,2.3370393832721638e-05,0.0,0.0
1073002006,2005-06,Central,3.8129768443512297,5.822190532589175,4.698112754849753,4.995938895994509,1.3261421504791788,9.429424362587621,6.3332007211230925,4.730303857910021,3.4168573769814965,4.665637106483913,1.5068628130958697,6.789406147991108,6.81466961344368,5.120257081803262,2.7125155078503984,0.0,0.0,5.9579120555483754e-05,0.0,0.0
1073002007,2005-06,Central,2.8785663527625225,5.016723976391157,3.7317129299347735,3.8227797210084145,0.7770392719361847,6.3878819752870015,2.7359941453155305,3.719573071218942,3.12588407492094,3.832758982326129,1.3721640793442584,4.320772903185828,7.036317045907709,5.698622549530225,2.571478754146171,0.0,0.0,2.4522483996300415e-05,0.0,0.0
1073002008,2005-06,Central,1.20139839403197,2.323482288456722,1.5532149936077277,1.7337373681592003,0.30542205776843506,2.2258703240532816,1.4510981961899245,1.5382551435542928,1.2430050497776506,1.7538050016040292,0.7202802573856626,1.8781516275496564,3.474737841325155,2.9584722911141785,1.0962778917224874,0.0,0.0,1.9784399299013364e-05,0.0,0.0
1073002009,2005-06,Central,4.446584215711683,9.072655477027087,5.340741539702323,6.641818119860741,1.26326140580506,9.143079159451652,6.010456965790127,6.5068872322489275,4.7185769569840454,5.709925880227767,1.7000038658681047,9.841528225099765,11.432060525222761,8.606594785616698,3.406902884369939,0.0,0.0,3.64002333469182e-05,0.0,0.0
1073002010,2005-06,Central,1.6499288246229822,2.598711238063344,2.1821113383325943,2.2425359468956945,0.46593831763103716,4.262585391835019,1.4788414464643833,2.0046477977769603,1.650233980809527,2.3412976735871687,0.7554196141394119,2.1261437883733745,4.218939180282007,3.010400879520086,1.3384674341859324,0.0,0.0,1.874856214703877e-05,0.0,0.0
1073002011,2005-06,Central,3.75696556779398,7.456825284462018,5.206029315269062,6.2052296226938966,0.8730427654160867,7.262008318870782,3.876986627860541,5.051171005278984,4.298283811011757,5.712668138783041,1.614630192955626,5.564613813378521,10.453808445082908,8.97556482957438,3.347470312364065,0.0,0.0,2.514954986125728e-05,0.0,0.0
1073002301,2005-06,Central,6.7937795598473665,10.564362362756787,8.111777262186148,7.230386520547823,1.5868641716596077,12.924797399184657,9.047522883710501,7.95123713887695,5.999968518654016,7.129348116269722,2.494902481044723,10.674691655096916,10.853019745631178,8.793943857871795,5.224254981009527,0.0,0.0,6.340471632969984e-05,0.0,0.0
1073002302,2005-06,Central,3.645850084795373,7.425439046340303,4.712598514228992,6.045451231051809,1.1103771269420808,8.055198951112352,5.5300605447813265,5.389784429577135,4.16881619107931,5.375880124340797,1.7843402915705657,6.926568161066677,10.524908526676507,8.211291968451127,3.258825814405794,0.0,0.0,3.8225103548558854e-05,0.0,0.0
1073002303,2005-06,Central,1.3717541576837144,2.393263912427609,1.707463630182154,1.8594943480277437,0.3806030748762199,3.1438840668662644,1.5194271670088535,1.7370320709657847,1.36397101645815,1.8530955587836209,0.6545251789671006,2.2901972536627215,3.5173331261227516,2.6039495650595526,1.0936921222083016,0.0,0.0,2.019821474095006e-05,0.0,0.0
1073002304,2005-06,Central,1.884660236283048,2.759096481860028,2.5536563776758774,2.6939255445266967,0.6015175624772794,5.311827309350998,2.5597062181555965,2.2686123351075835,1.7805215677381474,2.74722889389574,0.8722402302161113,2.426696583875373,4.309042447172923,2.966266601150633,1.4779721481250492,0.0,0.0,2.8387262146448616e-05,0.0,0.0
1073002305,2005-06,Central,3.5468156113453047,5.660438951126455,4.548077960200787,4.480469727546583,0.933584065869288,8.23092655135884,4.022731608091635,4.39863720413928,3.447878495304954,4.422889923723788,1.3918369601675635,5.555186763052706,7.361080590773487,5.606324671784234,2.753773259906933,0.0,0.0,2.8836978191196212e-05,0.0,0.0
1073002306,2005-06,Central,1.3122336873109597,2.2402161247694243,1.6493206969102432,1.888101587305607,0.3582639561675494,3.0027508550596482,1.7698790684902759,1.6102962390653257,1.3118351749871668,1.8254623619354375,0.6793285827029333,2.1012302084222934,3.446707647606486,2.595301063484367,1.045357882335889,0.0,0.0,2.1749769741557692e-05,0.0,0.0
1073002307,2005-06,Central,1.8380033315484134,3.02408522251448,2.2761034314048363,2.3712139683697977,0.44054019503012787,4.210559121081241,2.4253762159926726,2.175397321567895,1.7673768013227642,2.3249049807820565,0.8168343349472245,2.9832278707754782,4.016676794083285,3.2103024727990426,1.401686402363824,0.0,0.0,2.4911453838962155e-05,0.0,0.0
1073002308,2005-06,Central,1.0953507523487562,1.8712201276211655,1.4076700119142171,1.4699870815019007,0.2886668386902017,2.6675423690836024,1.0651301160875088,1.345679112668728,1.110775217587062,1.5380622038103315,0.5469833203647674,1.6516222944983043,2.9035234824412446,2.366194248551747,0.912802188991746,0.0,0.0,1.4579741760471573e-05,0.0,0.0
1073002309,2005-06,Central,1.2119065833644576,2.190227279930429,1.5569649199978746,1.6637615668272414,0.30214409785030316,2.598179700716326,1.188762928123285,1.517342358621413,1.235512566486456,1.6181867074659373,0.5995143952194015,1.9598478257141823,3.0006427266175533,2.319658521191387,1.0041983197977764,0.0,0.0,1.5009649523697458e-05,0.0,0.0
1073002310,2005-06,Central,2.975130832961161,5.144883492418316,3.8275215210636575,4.01761333013036,0.7175414433646873,6.184355191925931,3.10325531221669,3.7539977890170753,2.9857763333969913,3.9705735544989724,1.3357592991271943,4.30433855668839,7.299856097987825,6.198980689707006,2.4895805830314828,0.0,0.0,2.4919031050760063e-05,0.0,0.0
1073002702,2005-06,Central,1.5374238717860198,2.7931153568215485,1.9315070471470268,2.184031137262531,0.4250779213475147,3.3662254529252835,1.706048218477364,1.9898206552014994,1.5730952830942957,2.127931636731654,0.7664301856427681,2.5463213358266703,4.132029792831279,3.2275848449000444,1.2878894979766828,0.0,0.0,2.0529259578501163e-05,0.0,0.0
1081000201,2005-06,Central,2.089562727180838,3.878054783823606,2.777697505319855,2.921952978755328,0.49802582819015856,4.061016960403617,2.058189174754635,2.6928996896117723,2.2087765976892664,2.9511279239778,1.0898846565108533,2.9445556750512107,5.477851699743275,4.713812119961362,1.925041917708105,0.0,0.0,2.122449290839308e-05,0.0,0.0
1081000202,2005-06,Central,1.3707885333087106,2.5411284063606354,1.7684415014807002,2.229889764139842,0.43003994174957116,3.4670316727149837,1.835476998292271,1.8404626170052663,1.368724669447795,1.9123573907489897,0.6194474285033584,2.5636838414314833,3.397670605327467,2.4489169047830552,1.12425907146586,0.0,0.0,1.4997385694471463e-05,0.0,0.0
1081000203,2005-06,Central,1.6155820776638008,2.936947534823334,2.2091177360758496,2.500990693351136,0.39077562829992546,3.3277994224243046,1.921751577028813,2.012578867229437,1.708699016116432,2.4543888946051173,0.9282149881857884,2.1174969130429417,4.476333671675625,3.610792972128414,1.4702827997628023,0.0,0.0,1.8218028838479172e-05,0.0,0.0
1081000206,2005-06,Central,1.6566405899505519,2.9484516084453394,2.0716513431670793,2.2889255883177717,0.4674938345567204,4.088874977268512,1.7287935286268963,2.137085652029781,1.7449776537625008,2.221515813071917,0.8281945345168537,2.8457282968133963,4.169418709868956,3.1786460584872263,1.3530954009938918,0.0,0.0,2.577213081949507e-05,0.0,0.0
1081000207,2005-06,Central,1.6458055264425908,2.8207447495608706,2.0146028032361234,2.3627286006787798,0.47388570259741886,4.1200531850675794,2.4057002187741436,2.083574790101984,1.650649757480172,2.210710210416306,0.7485405875624148,2.9660665341819303,4.153156194032555,2.9528373136945034,1.245385115116037,0.0,0.0,2.588934391130781e-05,0.0,0.0
1081000208,2005-06,Central,3.234692944998623,6.4746498266951065,4.307180519237385,4.977444124590698,0.7654901014534247,6.0325680022021855,2.848035512192476,4.315720808048988,3.742568891676878,4.997732546039438,1.7455778385279808,4.677082526546387,9.258838294692715,8.235790008241414,3.0369172610505943,0.0,0.0,3.551758822815673e-05,0.0,0.0
1081000209,2005-06,Central,1.6053108124695663,2.8028463645046595,2.098139801674402,2.4368397970082993,0.4218853635463287,3.5487930993383676,2.1682189671974377,1.9959562278115246,1.6856380455435445,2.298588411498198,0.837381601313808,2.5495777210152375,4.170158733573517,3.2211097156745874,1.3308377932202606,0.0,0.0,1.9401925278801907e-05,0.0,0.0
1081000211,2005-06,Central,1.8073939853535093,3.3565013077051673,2.3667957437334897,2.8075976021616764,0.5129206552198696,4.280004002730378,2.1291375159726713,2.446228263514247,1.9129106695557412,2.5500266967407477,0.8516828404890063,3.056669978769674,4.8050542173371005,3.5782690704168316,1.476498447781752,0.0,0.0,2.087316450193169e-05,0.0,0.0
1081000212,2005-06,Central,2.795311662308912,5.057138733322966,3.358892104059236,4.054530439504448,0.8233259143550745,6.402926399872543,4.396492893887133,3.6938434698583826,2.9362429286231624,3.6380579699098154,1.2374088123571172,5.563915864454156,6.911809122241732,4.76136126276078,2.1452225382276304,0.0,0.0,3.623479661198804e-05,0.0,0.0
1081000214,2005-06,Central,2.323830607202321,4.263463042193569,3.159041145697329,3.6856916458109237,0.6420820574257605,4.836397331486008,2.789274901928531,3.066075819149348,2.366548057699344,3.398703817654129,1.1642018415276492,3.57924271865328,5.957070686269755,4.316147648090876,1.9700957977910711,0.0,0.0,2.7284379046368137e-05,0.0,0.0
1081000301,2005-06,Central,1.9858260772565188,4.671912745092227,2.7370401238230335,3.501504865279425,0.4444498673531927,3.5437593479221694,1.9260791494672735,2.7569271684181227,2.492033529471066,3.215895496471976,1.2292998672104192,3.14305506379509,6.612370792579037,5.993559847500731,1.9245760546083581,0.0,0.0,2.1749526830434825e-05,0.0,0.0
1081000302,2005-06,Central,4.350629705856887,8.14829911477894,5.519685445988704,5.963285814948683,1.0094477032455693,8.110068110457483,5.537747855716363,5.6726837830574715,4.60434500134679,5.668321897588153,1.9735250863357254,7.094621787875507,9.955814593113969,9.080105851091622,3.7949403533851718,0.0,0.0,3.598468495662908e-05,0.0,0.0
1081000303,2005-06,Central,1.7877496521484275,3.239817195941802,2.2772892635098905,2.328004735705455,0.4296750608910927,3.436458403440373,1.7620747976377533,2.202400577681429,1.8439462094455938,2.3680596371291074,0.9420558126215826,2.7218259077630047,4.320068556103857,3.683281921397469,1.6146365805013554,0.0,0.0,2.083450079652199e-05,0.0,0.0
1081000304,2005-06,Central,1.9025855645240317,3.3155448481576113,2.3162587794833285,2.7464700385969727,0.5490689438698884,4.705281545270395,2.778717114857232,2.4476591018646356,1.9206707469687276,2.529938568825281,0.837686919242615,3.5378235247970373,4.777269550546122,3.3965413807315916,1.4345139483189013,0.0,0.0,2.751345763503338e-05,0.0,0.0
1081000306,2005-06,Central,1.2111428134342874,2.171551359982931,1.5769786249296425,1.8900005163409253,0.35254697612033825,3.094253904128448,1.9901165009283897,1.580578823885431,1.3239080273373565,1.8098653451505309,0.6944002148362218,2.0024117415822915,3.3528522425837757,2.523224449197973,1.024457082924143,0.0,0.0,2.1839157193208373e-05,0.0,0.0
1081000307,2005-06,Central,1.647072241924904,2.979650963694772,2.2326082929078153,2.598873530731694,0.4334805831812819,3.8801730786173794,1.871393752944889,2.109774105522536,1.7791483821634593,2.4751021566434894,0.7936695606824091,2.4909643184540475,4.543578948983646,3.431991452868157,1.4132523305411924,0.0,0.0,1.7627271655290492e-05,0.0,0.0
1081000308,2005-06,Central,1.1829059465834058,1.9812908472593662,1.6003538007130758,1.656962036569066,0.3287520002933599,2.681212895853818,1.3054808381599554,1.4622073454524787,1.2228261083819794,1.783778552466477,0.7731332183255691,1.4177309050937126,3.312072460388428,2.54926303942537,1.0802284312365127,0.0,0.0,1.877432519110777e-05,0.0,0.0
1081000309,2005-06,Central,1.486648952546439,2.3246049658652246,1.895909798345935,2.053120237224734,0.4259318997469927,3.8737814765165877,1.784410912350805,1.791013938634663,1.389765866113838,2.1013260781597216,0.6592034889294687,2.0531310343965625,3.73794659665191,2.8051171038644247,1.178572159801041,0.0,0.0,1.5969033813872596e-05,0.0,0.0
1081000310,2005-06,Central,1.568390908657738,2.6361497304368258,1.9994001517204667,2.3220854868345864,0.4227863730503311,3.756242990219532,1.7600246862475373,1.9060819178466661,1.581782528917946,2.25172296753908,0.6656675397440508,2.404732294240741,4.09936194698555,2.927270018991825,1.2446861117366856,0.0,0.0,1.496061151811343e-05,0.0,0.0
1083000601,2005-06,Central,0.8160285685822213,1.4401083953945295,1.0659214069841383,1.2044843974788695,0.2223097348425122,1.9005631251314412,0.8598153980978662,0.9794968404229201,0.8574637096122015,1.1229928340855388,0.43360453180474473,1.3219962844012634,2.058704038825838,1.3843628409636322,0.6821937103082729,0.0,0.0,1.0538302382581305e-05,0.0,0.0
1083000603,2005-06,Central,2.314627439664972,4.397339208040716,2.9640260205966062,3.6461725479694955,0.6904014076838021,5.266512978621983,2.763711204958632,3.1850876609266012,2.416064489350064,3.199898217508548,1.0208683455947223,4.1841023033368385,6.07282845351033,4.369571284101008,1.8848002063414444,0.0,0.0,2.3099896801034184e-05,0.0,0.0
1083000604,2005-06,Central,2.3673449557615887,4.191272117106207,2.9437916961972537,3.5584794315222648,0.7232501304893236,5.964491761954604,3.9449507098899055,3.1836949678430053,2.5401630906054273,3.3621903124758545,1.1318428926843693,4.264356567787562,6.364750627893035,4.50650152297698,1.912922548930766,0.0,0.0,3.453737551966438e-05,0.0,0.0
1083000605,2005-06,Central,5.868678940381887,10.563553910131194,7.094484394441766,7.287983008600058,1.339033534450656,11.05703775740657,7.874932974273021,7.432755588521625,5.9292029799598875,6.665901455905484,2.284062378939425,10.827966021358776,11.213825137953112,9.375286045592373,4.464106488924032,0.0,0.0,4.382244232851804e-05,0.0,0.0
1083000606,2005-06,Central,2.8935461385535612,5.74420844328924,3.546918662539059,4.34297579518291,0.7777671189761017,5.744879160474366,3.680087740696091,4.006706340730633,3.0109189857622694,3.8790694458463224,1.247338622670315,5.644670796624564,7.707748610457059,6.11359744205746,2.347824784569991,0.0,0.0,2.9026813919397862e-05,0.0,0.0
1083000607,2005-06,Central,0.9356378727289474,1.479031337834568,1.2768103210492388,1.3041625142253328,0.24359434314349693,2.282181193466711,1.2991781294979912,1.106972269161854,0.9350937509750035,1.3992639858692761,0.5554350358804726,1.149223670977062,2.377504056775187,1.7527779119799194,0.7963325257518141,0.0,0.0,1.668820247512013e-05,0.0,0.0
1083000608,2005-06,Central,2.4090909168885037,4.686605417442291,3.2829576066960473,3.5995455213053886,0.6018475594998074,4.6442551584797,2.0464588780097057,3.2355101037413094,2.683355820899884,3.4413832941942677,1.332416507530427,3.3231901180039425,6.810551949647241,5.472410317609844,2.23138507678897,0.0,0.0,2.250648309620714e-05,0.0,0.0
1083000609,2005-06,Central,1.8587842361509779,3.4412537232505125,2.4024392591415586,2.672232302972978,0.4697022637081713,4.050964375675756,1.8045489524252238,2.330545807788359,2.0938112077203295,2.572378669570577,0.9316239208059053,3.0670930183951595,4.896955210037499,3.8737429705069752,1.6090876246710955,0.0,0.0,1.7992338834329487e-05,0.0,0.0
1083000610,2005-06,Central,2.284720660434591,4.2468343844497465,2.809894202100283,3.3525135443330134,0.6257077965514021,5.076624186845615,2.4318625729510925,2.9562114244361615,2.596799223719619,3.0570488442748824,0.9629119770416581,4.275427062117061,5.757912471838346,4.031373302407315,1.8656487284253027,0.0,0.0,1.551422029247336e-05,0.0,0.0
1083000901,2005-06,Central,3.116737840479127,9.254288082424063,3.8720627278639212,5.614684759076202,0.7640858151830106,5.541993016928192,2.9081111689684565,5.038284003743139,4.326531807151607,5.464906135992208,2.1799836594743125,7.019686846361575,11.206801631985817,10.75550843785045,3.396715722166068,0.0,0.0,5.569854597399218e-05,0.0,0.0
1083000902,2005-06,Central,1.4842890939286828,2.673828852894343,1.8394010852900555,2.141911474712144,0.41009597068836384,3.334227365366305,2.0068597072976284,1.9133329750091461,1.4914668223675052,2.050134808346935,0.7067887191683252,2.6343327433992796,3.940827830789225,2.9898718474495416,1.1805830028504012,0.0,0.0,2.328919435668196e-05,0.0,0.0
1083000903,2005-06,Central,3.0437305790806306,6.095015518530135,3.681995846554283,4.531931228570595,0.8537442696940213,5.944486073433644,4.182526230825865,4.227839752532037,3.2658501230083234,4.041437522619311,1.360861914318808,6.283889395776927,7.991438417149304,6.026466806699191,2.500092264902214,0.0,0.0,3.395275477931334e-05,0.0,0.0
1083000904,2005-06,Central,5.409022096423007,9.70630726256553,6.943446431398755,7.933465485039985,1.5768788628736061,12.638308164640758,8.646574740599913,7.510370419945991,5.672975048863742,7.041305804577539,2.1750388706889248,10.38562335651782,11.862013135060893,9.640886426969761,4.1213993409659295,0.0,0.0,4.955490147741816e-05,0.0,0.0
1083000905,2005-06,Central,2.7565525295542446,4.133349586953958,3.5399021278808087,3.43359031396855,0.7485345948920485,6.712764648820361,2.504685585049195,3.257468380013391,2.606243440571475,3.5627649128227326,1.0671686742938404,3.670914331717995,5.992498719079926,4.202730082127481,2.148287323627768,0.0,0.0,2.34474338920667e-05,0.0,0.0
1083000906,2005-06,Central,2.5417983373008592,4.914973258651462,3.2368627558752077,3.7882736744803283,0.5774247964790102,4.739298577771283,2.9169205476542652,3.3027493275514086,2.5192545747878947,3.4517119692957055,1.1898772711128176,4.075450339056298,6.568454636713059,6.100360461188812,2.142393656762176,0.0,0.0,2.134680658848994e-05,0.0,0.0
1083000907,2005-06,Central,1.959229856977007,3.4087514541675836,2.3845798550953203,2.8048735953761987,0.572771931361974,4.620134382431697,3.0835761321410553,2.4903200354716075,2.025031589683204,2.6094922822970448,0.9338183327799584,3.6296100426975655,4.8991714196382,3.367031334239948,1.516725141580866,0.0,0.0,3.125163920045591e-05,0.0,0.0
1083000908,2005-06,Central,1.3583546878195023,2.3026123595037737,1.8946387864648193,2.210290967171525,0.3758500059186885,3.3805753970572745,1.7269028334916519,1.70269388712411,1.3746120067266452,2.1166104460698625,0.7031290137336353,1.7272682783066735,3.7931943343240446,2.956383437154857,1.1740867527067695,0.0,0.0,1.533928426973446e-05,0.0,0.0
1083000909,2005-06,Central,3.524479458787994,5.539005791986206,4.510649485322476,4.427190393281471,0.8892519232265721,8.141032093097056,2.8940880786466368,4.319295730678939,3.6400144259109277,4.908048210834406,1.6637410356377698,4.709191112467027,8.102035234625147,6.287895518090433,2.7759800749835395,0.0,0.0,5.380977552859069e-05,0.0,0.0
1083000910,2005-06,Central,1.1872595796474188,1.9621380458250417,1.6591070895234665,1.8866934002110503,0.3249781047884208,2.833694688923389,1.3626585991587363,1.4050919365017938,1.1783818722914257,1.8444892796374945,0.6558768020641805,1.452078573115885,3.2328265869295763,2.360721421151505,1.0237762579178429,0.0,0.0,1.5231709221393989e-05,0.0,0.0
1083001302,2005-06,Central,3.177634810473919,5.534560354490629,4.08443844582954,4.5483390353776025,0.9128295355835491,7.488641442222281,3.694036953173129,4.201470637252234,3.3647829894905392,4.288579579046396,1.3245881483004125,5.496235088089196,7.85143873457214,5.57416531655001,2.5202439255360245,0.0,0.0,2.7351663565601395e-05,0.0,0.0
1083001303,2005-06,Central,1.6961304642639035,3.392542125401491,2.120288880167953,2.4883445384270546,0.4515115010843776,3.194079255410967,2.15969591375773,2.2792909197399203,1.7829991683870596,2.387000674104041,0.8730443876733243,3.1181824231271444,4.744197591321287,3.8444029004074363,1.4875267591980796,0.0,0.0,2.469749216433709e-05,0.0,0.0
1083001304,2005-06,Central,1.86038512806598,2.675111474331671,2.5277723603590996,2.356855281596287,0.49383421360338825,4.2959461793589,1.7000593890669888,2.114925518276183,1.7240789620288077,2.5726765956828963,0.9568365723301014,2.012286911572121,4.143948534280813,3.111281343871557,1.5114843501033912,0.0,0.0,2.4655682852939948e-05,0.0,0.0
1083001306,2005-06,Central,1.4565748301234145,3.1634987187864647,1.9694553529761984,2.3691996177083587,0.33400610910639195,2.6260935600745943,1.5607611329964144,1.9683388686681103,1.6673729052950184,2.1969277065419264,0.879959925718936,2.3311317361021677,4.3469206547870245,3.9799514959716626,1.322543960132999,0.0,0.0,2.0078304939972145e-05,0.0,0.0
1083001307,2005-06,Central,1.5719614659289183,2.727051537555882,2.040727531684863,2.1157848865679005,0.4833885139221017,4.06105168565234,1.3974678468770645,2.0624915775822736,1.7678704276800365,2.2368593913561616,0.9068721428002274,2.31384663060379,4.1517114695574335,3.1643985440348557,1.4574182833487752,0.0,0.0,2.3994857685058298e-05,0.0,0.0
1083001309,2005-06,Central,0.8658162696276028,1.5492200173713948,1.1832106058536278,1.3142163935469477,0.21972133334716662,1.9113759745877228,0.9929491207415588,1.0618544217990908,0.894540871744751,1.32148625541075,0.4867721688053713,1.2187425337483853,2.458276483862039,1.8526936545884152,0.7561781666724228,0.0,0.0,1.1813711566521416e-05,0.0,0.0
1083001310,2005-06,Central,1.0372103793151952,1.9932149732510276,1.470710141869677,1.8024813178468795,0.2632438023167835,2.2192388712621463,1.0893386228410136,1.3095105564395988,1.0722259728424648,1.6012011289135664,0.5465928620154327,1.5544447878491903,2.9940194211028293,2.219575436070006,0.8939681280960808,0.0,0.0,1.269487037016737e-05,0.0,0.0
1083001601,2005-06,Central,4.3015275390029135,9.712763802755752,5.1817403188250015,6.668386562246978,1.133130781597319,7.728007608588925,5.379351531804173,6.551693174250133,4.676276476162904,5.602002029914212,1.6870875646449726,9.79606622810002,11.429871636817245,9.437839898983494,3.4874485175496597,0.0,0.0,2.9637681640445583e-05,0.0,0.0
1083001603,2005-06,Central,1.6308408404150325,2.628424917261242,2.120889793515863,2.1713785341405747,0.4351981829329129,4.105952259466104,1.8493549432581835,2.0055014345049447,1.5598243127056117,2.2972242330628045,0.7093589725307409,2.2895311408873296,4.055193009676727,3.2843790342698944,1.358346473318983,0.0,0.0,1.660848644932049e-05,0.0,0.0
1083001604,2005-06,Central,3.7715177520362153,7.4464954780722445,4.673591309523267,5.285901377996324,0.8926682325551756,6.957639321028188,4.478408348870752,5.079533252314607,3.866387637545161,4.827136047746255,1.5456904435140275,7.018809582203811,8.98660901922417,7.863493876123841,3.1010635728165594,0.0,0.0,3.012359156092715e-05,0.0,0.0
1083001606,2005-06,Central,4.0623421128337425,8.732246274930723,5.022579881314454,6.425689438406474,1.0918054796259673,8.900227613823114,4.585095712636553,5.971726984132451,4.668354346974942,5.818044220332524,1.841660894786385,8.690953332273821,11.720753253913456,9.176459513553368,3.386810172114495,0.0,0.0,4.757070868306003e-05,0.0,0.0
1083001608,2005-06,Central,3.9344514650020397,8.030272897211187,4.87897012606222,5.38223178010809,0.8808824370895263,6.426474212383406,4.491423509480443,5.191433219170035,4.126439280241947,4.967946014145609,1.770216268177697,7.1060576427279685,9.086873259647383,8.44538687162277,3.479349150545246,0.0,0.0,3.1890541682930466e-05,0.0,0.0
1083001610,2005-06,Central,2.0463871048666906,3.8331402172249374,2.514041150826939,2.919111018288695,0.5944663492848564,4.6340235630294115,2.327709020964891,2.773637091672886,2.1332133999849687,2.738028578191908,0.9076036189928973,3.846377988424486,5.3408779603253125,3.998606537753817,1.6569885412073735,0.0,0.0,2.418032854199824e-05,0.0,0.0
1083001613,2005-06,Central,2.8895148805573188,5.304441848461338,3.5130822486582876,4.069168349420027,0.9049319515148596,6.781930540417628,3.2715055974404104,3.918752630140157,3.160618258009542,3.7195231951758982,1.2923927316474995,5.620194708475883,7.089661689059305,4.922680367981773,2.3379853461603726,0.0,0.0,3.088593251851309e-05,0.0,0.0
1083002002,2005-06,Central,2.385964619917843,4.962145621448062,3.173999595883842,3.5079067415387577,0.6521242577042778,4.779064367019687,2.1195756521376765,3.4583978336352397,2.7407131473497675,3.435308601586306,1.2330121202710085,3.9385231918897095,7.055670635654198,5.866287231196018,2.290373130213466,0.0,0.0,2.424273041272948e-05,0.0,0.0
1083002003,2005-06,Central,6.420400183560406,9.923999649975316,7.671442916851773,6.820001518751903,1.4964035493812933,12.266751423252817,8.543773763670078,7.466321543717018,5.6522874391930005,6.757863162329017,2.3800273739839564,9.98715583248408,10.269663568638467,8.319074308431235,4.945013971508318,0.0,0.0,6.196925710767436e-05,0.0,0.0
1083002005,2005-06,Central,5.859133375347215,9.3898721117059,7.184252215304176,7.807485032862604,2.062584133404753,14.031545663321909,9.767153399683698,7.634926897645897,5.375078468849544,6.981784981267482,2.12535295255132,11.361805915905824,10.397835229022363,7.870322941972421,4.120420842441232,0.0,0.0,7.109243372334121e-05,0.0,0.0
1083002006,2005-06,Central,1.5895382325548582,2.684712465849969,2.1790005391308402,2.5490137397034456,0.5068896594526818,4.2183833849312276,2.5180225475105176,2.0835603242204987,1.6102514270340067,2.4151003329237497,0.7978575990407563,2.3952604801719017,4.1298654430571915,2.823940136271771,1.3267956104724066,0.0,0.0,2.2209034089149184e-05,0.0,0.0
1083002007,2005-06,Central,4.786710922842771,7.159730009269089,5.754328884615842,5.026238466448888,1.1040271134419777,9.358279864599288,6.351280704747376,5.383353140930536,4.146847329088198,5.120979523113116,1.8725658932105402,7.036006054643543,7.709469103263237,6.239813325227865,3.7122986390425554,0.0,0.0,5.490524304402515e-05,0.0,0.0
1083002008,2005-06,Central,1.2497382614240609,2.113403650291606,1.7056969339546044,1.8535585993046189,0.3846168397964496,3.2458903472000338,1.3853427990553748,1.5961764659491051,1.2547140908214576,1.7918342842132573,0.6575623165878758,1.8041638198344838,3.1696687875101186,2.160311555459968,1.048130964910787,0.0,0.0,1.5510639415034194e-05,0.0,0.0
1083002009,2005-06,Central,2.3730492627356634,3.9423422638994796,3.031079438330824,3.3135545688295918,0.67389020954531,5.638454587061534,2.958718804108853,2.9984917746647386,2.361293881943071,3.245037345356032,1.0275037358750727,3.621840321143687,5.788725081710674,4.225307097792812,1.944055587856417,0.0,0.0,2.169909150895544e-05,0.0,0.0
1083002010,2005-06,Central,2.081730934737784,3.2710697571292133,2.697686363314981,3.0239145472311693,0.6196383785833093,5.2701743766121085,2.351057606082439,2.5642212159846287,1.9970692489945256,2.9699330340406167,0.8881518824803575,2.8094534833814073,5.3309988025701776,3.8873746698353187,1.6471281045972952,0.0,0.0,2.2958659267320205e-05,0.0,0.0
1083002301,2005-06,Central,3.3362796263177077,6.824370791918901,4.2640882713581005,4.832869688949586,0.7677870358126293,6.237000492215094,3.8940182192148423,4.5285484865438,3.765837894823051,4.676514650788295,1.5686610903833278,5.8496549011133725,8.656927575539076,7.839058547493604,3.02075178637844,0.0,0.0,2.9179208396823442e-05,0.0,0.0
1083002302,2005-06,Central,2.5737113981169784,4.937234896012801,3.1388796107913097,3.8867778314335504,0.6866990345886798,5.3656727097754775,3.4754831312297716,3.4443929085815905,2.732838841127078,3.350275647578975,1.123987969500376,5.075923575101419,6.456070571871378,4.995969019194262,2.0119873036953444,0.0,0.0,2.5399984518367315e-05,0.0,0.0
1083002303,2005-06,Central,3.904011374790781,8.077992630179482,4.691992782856667,5.600632402556078,0.8835687719668984,7.498007256145353,5.258087733382389,5.210571514311006,4.240002576130403,5.028848553545113,1.9211194447004065,7.860665420057352,9.424671887617476,8.458394913706405,3.085638985048181,0.0,0.0,5.4125565778010285e-05,0.0,0.0
1083002304,2005-06,Central,3.4837594963136373,6.460735750401591,4.4178478114682544,5.077381201303962,0.9883038155840125,7.604072618486904,3.6642093470020987,4.7929170396493985,3.789734302103257,4.681571586564635,1.492379650053958,6.102643441841524,9.067027817831747,6.439768578259481,2.8234460996383146,0.0,0.0,3.027701319665525e-05,0.0,0.0
1083002305,2005-06,Central,2.9633967113073227,5.158192474152144,3.720339798267441,4.1910795322363805,0.8196272427332808,7.071479922256061,4.214833177924146,3.8657850275629984,2.905574324089828,3.760146954129885,1.1962017860985779,5.612572531671304,6.53748289955167,5.039792768834576,2.172982510066243,0.0,0.0,3.4067712847399684e-05,0.0,0.0
1083002306,2005-06,Central,2.1668541456306243,3.7355437959726205,2.8902833532051315,3.114303150781266,0.5403624844469161,4.602985707239503,2.425434875809405,2.6996135631206326,2.2128636024390986,2.932209467951328,1.033648220340728,3.2358665581413226,5.122576466807549,4.060779730714469,1.818031900538509,0.0,0.0,1.980486213706968e-05,0.0,0.0
1083002307,2005-06,Central,4.02636405152054,6.866082537647408,5.192186082265829,5.224720663234683,1.0438688712839945,8.757687024326161,4.038649396633808,5.143268130996379,4.2744556051891704,5.1798134393319195,1.6650754258054106,6.176507534761024,9.149033120235766,7.463426350027037,3.4423353662193503,0.0,0.0,2.461306049621581e-05,0.0,0.0
1083002308,2005-06,Central,4.111627518942309,8.985130474169505,5.525569283497628,6.831478836460792,0.9695375725118741,7.554086641473556,3.6790125239063194,5.743875242788754,5.096433799536705,6.469717473718297,2.115910996072164,6.607523498521238,12.497832645051737,11.201302756177254,3.9098976572453954,0.0,0.0,3.4837082430982455e-05,0.0,0.0
1083002309,2005-06,Central,1.9190019145020667,3.366995818242992,2.511224617743916,2.919657205612795,0.6592627490306974,5.203052970096989,2.6883184168861254,2.581502126443509,1.9538507121159403,2.670125395927284,0.8781183225337769,3.441308897685648,4.6601010251519375,3.1640425474774214,1.5743137951349582,0.0,0.0,2.3521854814698247e-05,0.0,0.0
1083002310,2005-06,Central,2.19101246584351,4.183368117525904,3.0192935522864,3.6724232668167027,0.6216142433140032,5.262601028421599,2.4682790430130725,2.890662476632131,2.5845868509505254,3.3594454199625465,1.0282939422853734,3.6165411249493893,6.332444057159944,4.576333824209509,1.9665132385085724,0.0,0.0,1.764295748749651e-05,0.0,0.0
1083002701,2005-06,Central,4.379411766726998,7.712019483632951,5.457057816684413,5.695628862000672,1.0379611568603744,9.226876085227492,6.240438658765602,5.611937941059591,4.5231348729449365,5.488282337889892,1.8638913507282353,7.333026547256844,9.22699042236461,7.906837261698631,3.558051616219378,0.0,0.0,4.004274998495269e-05,0.0,0.0
1083002702,2005-06,Central,2.7258700564384966,4.6599118084645195,3.294570010512671,3.909517254200082,0.8921855208216999,7.328641584650182,4.126823051032474,3.6384319198805493,2.690160511823186,3.6289948653874315,1.1051733244595738,5.2063971391890265,6.914185306529632,4.572743633639495,2.0314996467514073,0.0,0.0,3.9644182046800535e-05,0.0,0.0
1083002703,2005-06,Central,6.400349589391017,15.453015843151752,7.863028156472701,9.948556615638676,1.4856200398812691,9.950273473993967,7.406814288576899,9.3559105177367,7.432325115922257,8.35589211669839,3.115399900714138,13.807371849806204,16.68773205172085,16.89526525367673,5.725471204728475,0.0,0.0,5.4011316705346635e-05,0.0,0.0
1083002704,2005-06,Central,2.6562694433929566,4.573538773143113,3.2636965386657533,3.5766506022402327,0.7059843028886345,5.797300405905337,3.459893843909785,3.3024997792292807,2.751942295234394,3.5280527401777615,1.1588765386398434,4.611516721724135,6.1989096315345895,4.40448389722646,2.1556548320403977,0.0,0.0,2.9052136962332242e-05,0.0,0.0
1083002705,2005-06,Central,1.3184498250674774,2.2279533977786694,1.6697337171792344,1.710854867660225,0.3087695162216319,2.802119888724135,1.6350469408349326,1.5624005207593277,1.2644728701780623,1.7579441761502683,0.6531918992465465,2.0107658412415077,3.120214750210538,2.6372657260596846,1.0648574584166293,0.0,0.0,2.037500740598232e-05,0.0,0.0
1083002706,2005-06,Central,2.9882077561910028,5.007955384049342,3.5708481027608183,4.2997479450745315,1.1627796159498398,7.993182330613816,5.440880372005483,4.016910213917244,2.978741507259614,4.010146262547697,1.2987345874011536,5.849856953846289,7.5636143118590855,4.478224516101545,2.3076605322190655,0.0,0.0,5.36040950961841e-05,0.0,0.0
1083002707,2005-06,Central,2.2599352181744568,4.442555241221812,2.84946044547122,3.1808586783285815,0.6019301884427938,4.45992854595246,2.0913385493561036,2.9871871337264557,2.5348031830493234,3.050681652191905,1.2689760256873837,3.847783890335117,5.819811455795263,4.822112535586042,2.08817969880485,0.0,0.0,2.9250641878432438e-05,0.0,0.0
1083002708,2005-06,Central,1.663473413267972,2.6674528523161434,2.216616235009443,2.3515716861679623,0.4788536880774996,4.26011152089103,2.0530206094568095,2.0811001615717104,1.5974755522169852,2.374171805478738,0.8228667414236596,2.2989629163190477,4.178007304432493,3.111919523325629,1.3458242408520869,0.0,0.0,2.1480342498402914e-05,0.0,0.0
1083002709,2005-06,Central,2.128339782032529,3.941249099541598,2.988728552640854,3.2301509654550005,0.5127595836984644,4.300140526263975,1.9496002969300819,2.74741731820102,2.2462596192619775,3.2397155407317517,1.0588891702309888,2.8368330150308236,5.872793170679579,4.54927250174663,1.9051634630523462,0.0,0.0,2.1691773352536045e-05,0.0,0.0
1083002710,2005-06,Central,2.1681043812645995,3.814483723057098,3.062572187386486,3.2546592260926186,0.616232947287351,5.056960061637696,1.9335414497293066,2.9097126539846494,2.2704519800515492,3.18137932148815,1.0289248392357764,2.748503345310006,5.865362062738166,4.208777900802724,1.8905981009431547,0.0,0.0,1.9034132783584334e-05,0.0,0.0
1083003001,2005-06,Central,5.2564581443342036,7.9474758011971,6.304119602236892,5.541575673898121,1.2162435195213963,10.200174505681263,6.979760786851675,5.975221547796342,4.576892310774786,5.593852147917273,2.0194544261287253,7.873645910226333,8.446998671169743,6.83812604708415,4.068658086456128,0.0,0.0,5.708705753795309e-05,0.0,0.0
1083003002,2005-06,Central,1.852178721735208,3.183149449678201,2.510376987691644,2.6883920469483873,0.4978064069609233,4.1657307400829495,1.912065058200738,2.336047081225941,1.9199256378329526,2.6697494156759514,0.9810863015439523,2.40505742540332,4.897132618245729,3.793276507129241,1.6642023965786201,0.0,0.0,1.83623925056752e-05,0.0,0.0
1083003003,2005-06,Central,1.958723074864526,3.4568482680167167,2.4016086088971305,2.763962363375521,0.589671264399484,4.878902991901803,2.294769764901175,2.56665789535162,2.0386806689253025,2.58337416669109,0.8723425543984767,3.5844324833312573,4.899584803427651,3.5005059703691885,1.5370470977030128,0.0,0.0,2.467770778864601e-05,0.0,0.0
1083003004,2005-06,Central,1.891587820834826,2.9758792056672396,2.487394313646365,2.8811731522511086,0.6086001399642548,5.389204795744686,2.616019717105774,2.3852432302609703,1.8217267722146187,2.7869837148072247,0.8026687346913377,2.7067526156242967,4.864124835968189,3.3517966828352193,1.4689116314514852,0.0,0.0,2.5926679177377565e-05,0.0,0.0
1083003005,2005-06,Central,3.922613414027403,5.876784810735391,5.154977909279142,5.233986786425564,1.1284470818010104,9.61513085081912,4.395083626733958,4.775096433028181,3.7129828475421576,5.1798941824732365,1.5523341753460436,5.611697810617135,7.92895332561219,6.025485043360353,2.8951532899215,0.0,0.0,4.409850005728919e-05,0.0,0.0
1083003006,2005-06,Central,1.7263429915411999,3.3231654287247605,2.3085155433523026,2.721589678535351,0.43907847989065124,3.620443991576719,1.8336107020993655,2.1966743916075155,1.9382412123757184,2.5102273812334923,0.8968073173091443,2.7896178758927697,4.667254723193156,3.4610675687616306,1.5409800425923805,0.0,0.0,1.7461464200263045e-05,0.0,0.0
1083003007,2005-06,Central,1.24557180279546,2.1224317595988795,1.6761874510777026,1.8931587620699475,0.37309153163817316,3.01371766803605,1.4984810837543976,1.589900475956992,1.302321421464914,1.8836109016081115,0.7039451665958321,1.6929660187339934,3.505776445964766,2.493136345928673,1.0883803218038353,0.0,0.0,1.8002072108317447e-05,0.0,0.0
1083003008,2005-06,Central,1.4191977555463153,2.6883943631113834,1.778191941196663,2.127913216587341,0.37546495292698523,3.079504456209802,1.7751874512839498,1.8438772560323473,1.504728569121444,2.033228358562825,0.7048045813216955,2.556787383275096,3.978143597723624,3.0547169715939813,1.1674320483014253,0.0,0.0,2.089275604306357e-05,0.0,0.0
1083003009,2005-06,Central,2.212202484916837,4.0792662080756195,3.097467867179562,3.5565414981838828,0.6196695876637592,5.109480563905966,2.3345559297958296,2.9385175791876725,2.4649293209098357,3.2986163533494257,1.1260491718868257,3.2829937313184034,6.248370246673223,4.551982554204927,1.9660255423969801,0.0,0.0,2.0476848511510818e-05,0.0,0.0
1083003010,2005-06,Central,2.482411824320103,4.5920022584984945,3.4803148993283517,4.1334281728188795,0.6071163132529921,5.018064442942318,2.5710889650065307,3.1642816695197458,2.653808083299906,3.671019999081228,1.1662433249520843,3.6198052087352983,6.302347263869894,4.846529130532668,2.0616441914254886,0.0,0.0,2.3982247622357896e-05,0.0,0.0
1083003301,2005-06,Central,3.3961449182822987,7.391526647174203,4.399793351033158,5.198889806544271,0.843539283637911,5.896753138889157,3.055884676051554,4.744307810186891,3.928122110824361,4.628015294949648,1.7873244182705423,5.945273870035354,9.259415441570786,8.042149356189881,3.1786097358299976,0.0,0.0,2.9414879398081793e-05,0.0,0.0
1083003302,2005-06,Central,2.1087751623073565,3.494950897254358,2.775536590688351,3.046220167433309,0.7051509163993924,5.790596579149089,2.5761282437708894,2.780648845748762,2.1565879970681827,2.9405945641660804,0.9405757587024303,3.3593515997556036,5.3185100890783295,3.706062317988878,1.7326203385179941,0.0,0.0,2.2184170923027613e-05,0.0,0.0
1083003303,2005-06,Central,2.874575031458576,4.772571002545428,3.9637711771449986,4.416036274134586,0.823625111194987,6.822995743075607,2.5911755349005734,3.6547936281446356,2.9378029594706576,4.083703673736691,1.1745994023885014,3.6805591586316946,7.07061744321746,5.0205974986821875,2.3667947097629276,0.0,0.0,2.1623337328597827e-05,0.0,0.0
1083003306,2005-06,Central,1.159380425907663,1.9848247065967142,1.6865237272487013,1.9746194729338893,0.33869567930589073,2.9560733891246382,1.3773204525463036,1.4336442056860705,1.148432807605781,1.856882039600322,0.6702768981234417,1.3883580179757486,3.210907649468372,2.18633260650924,1.001737415974204,0.0,0.0,1.506975536013996e-05,0.0,0.0
1083003307,2005-06,Central,1.0522279345622707,1.6037897596028103,1.3173969611857943,1.321050438483523,0.27719699941313547,2.6274741481685564,1.2190348317921293,1.1934586295105727,0.9897194513914803,1.3831887581533,0.5029488114123677,1.5343444893796128,2.4136269004456024,1.762391784288911,0.8051823114812021,0.0,0.0,1.6027245726735242e-05,0.0,0.0
1083003308,2005-06,Central,1.2332124095162857,1.9719723175170298,1.710524607579583,1.8431137637144344,0.3631336652993556,3.1532303881734274,1.2313228362177715,1.495004015899422,1.2586333003583507,1.882785038162001,0.6456241644384909,1.4595740667401789,3.3030179711647367,2.215538215717979,1.053371899121465,0.0,0.0,1.659830008011438e-05,0.0,0.0
1083003309,2005-06,Central,1.0960222860602056,1.921165274360802,1.6275764418385903,1.911530468776355,0.2829501987932159,2.4232171168210055,1.0599866515590588,1.2883952920937403,1.1511962850858306,1.685983009138647,0.6494705352231347,1.2943037086624503,3.0307477338912108,1.9744597082938244,0.9479255077128684,0.0,0.0,1.259205235169606e-05,0.0,0.0
1083003310,2005-06,Central,1.391697403969876,2.391817309287001,1.907504739518259,2.204735234220848,0.3866923623803454,3.4688726682779016,1.871388783437475,1.775846443854839,1.4210793260074217,2.1243654832205694,0.720292844129069,2.0326300810518174,3.746366860810969,2.735938424454225,1.149229627483141,0.0,0.0,2.0018700013079194e-05,0.0,0.0
1083003312,2005-06,Central,1.1772061210077198,1.8043028611308243,1.6509785880188224,1.7411103708408182,0.32165191542116817,3.119634632412874,1.2874254853263198,1.3739594918082427,1.1469083122227073,1.8249998814844284,0.6243411773159624,1.338119413241013,3.0538209136677876,2.1640381823631083,0.9689466857064645,0.0,0.0,1.7225223970703805e-05,0.0,0.0
1093000401,2005-06,Central,1.4395090778402175,2.4162694359367993,1.9206697594527777,2.047768042469216,0.34202866302332297,3.2533144547489212,1.5108160113610003,1.7454613609812195,1.4285603571062084,2.0796082953994066,0.723452670561053,1.8922516625427797,3.7958521247646804,3.096856897104988,1.1789876915731639,0.0,0.0,1.7132848118268352e-05,0.0,0.0
1093000403,2005-06,Central,3.8457135834474925,6.658658456541604,4.830378273789579,5.905376826913399,1.1549195428261003,9.315697958125837,5.174665826505936,5.135665567610293,3.861757960321191,5.155898777383573,1.3710931503970465,6.8141791561650065,9.303678257883691,6.623109518835255,2.829337326895436,0.0,0.0,2.9919774399353734e-05,0.0,0.0
1093000404,2005-06,Central,2.4319524006519417,4.525282138696878,3.219166543124364,3.5999608340360103,0.6698515288981883,5.35749520992939,2.7771006496910684,3.306915895696487,2.582186957208355,3.4552453146584514,1.1070203421792975,3.9183105730656207,6.353032375333374,4.8911785528753065,2.136624294462231,0.0,0.0,2.28087230346258e-05,0.0,0.0
1093000405,2005-06,Central,1.9273209607509927,3.2560589236673656,2.3981229173732417,2.505811149415488,0.5017247523918141,4.549964825632544,2.0975209955629253,2.37161757493955,1.93878222703357,2.4616740379416555,0.861301115044484,3.190051326518994,4.359588814714527,3.390056618219093,1.5353454824588697,0.0,0.0,2.2799191686970482e-05,0.0,0.0
1093000406,2005-06,Central,2.2917056685003314,4.045504131865864,2.962812362396746,3.125590374775794,0.5721334737150231,4.92643296560018,2.4652963158879535,2.9510741244957774,2.3233831384268826,3.1713941305759334,1.061635683183727,3.39825790245068,5.917178823192912,5.135428408129822,1.9738369234200022,0.0,0.0,2.28018845752711e-05,0.0,0.0
1093000407,2005-06,Central,3.5980023920419124,7.789324735376119,4.480684176840819,5.028702934510888,0.8019634511006614,5.692918281493801,3.9562826591926834,4.91366458518345,3.7906346125785637,4.682250900030287,1.640781123501263,6.641214857288251,8.871804042108595,8.565885500931426,3.312174556688135,0.0,0.0,2.936395702511874e-05,0.0,0.0
1093000408,2005-06,Central,1.7539273594131028,3.0817675189603464,2.3242393177118146,2.7500326126123023,0.4921500755732598,4.109046997140456,2.2130416718027335,2.2373434119305093,1.713555642447015,2.6097201754938735,0.7790495926796885,2.5931560282755997,4.657806226102708,3.319967519132524,1.4671824629265913,0.0,0.0,1.658532421436015e-05,0.0,0.0
1093000409,2005-06,Central,1.7034294053818326,3.0516403668063643,2.1252020827041784,2.2498547410445897,0.470518496606317,3.8252138513902185,1.5840379042426185,2.2142059670171013,1.7265151802043641,2.2564413853634546,0.8015768102600871,2.7863263752848386,4.387826251004257,3.2531952191813955,1.3992159431502185,0.0,0.0,1.8774346222955792e-05,0.0,0.0
1093000410,2005-06,Central,2.675658068636099,5.07192493280004,3.579435547261189,4.215801597853064,0.7757292915073516,6.253201118407614,2.8617652947802816,3.626015124832398,2.6553643889330774,3.7599707978271146,1.1987323646414105,4.4025492814320515,6.7560025136578785,4.532672655484335,2.229166240358302,0.0,0.0,2.1037093077749205e-05,0.0,0.0
1101000101,2005-06,Central,3.6627134308415608,7.699704691830198,4.429365894629619,5.371042324880997,0.8366742922044736,6.921193742741298,4.944354039069313,4.940837740722174,4.136219679855926,4.598058723110581,1.7260993341261748,7.73600793977775,8.807998165271526,7.832644655264857,2.861813739207013,0.0,0.0,3.7914595764186793e-05,0.0,0.0
1101000102,2005-06,Central,2.0925095107489526,4.096636296393547,2.6678350981424,3.48907729593317,0.5618359516238516,4.3945080400389225,2.6436296994099244,2.782721278541261,2.426642474757541,3.041017310004634,0.9695386597848821,3.8731296926285017,5.940222592099492,4.25849793110766,1.730599302713565,0.0,0.0,1.9562746397810766e-05,0.0,0.0
1101000103,2005-06,Central,2.8905634313106434,5.560224762892558,3.664145453597834,4.147322443539824,0.8563418876290632,6.9719409065032,2.849815679417837,4.073685913576794,3.353500382050975,4.0513725325555905,1.5220080527358149,5.049882845598924,7.605243646823734,6.033396869088173,2.6358972090387485,0.0,0.0,3.697749864296648e-05,0.0,0.0
1101000106,2005-06,Central,2.805274361926556,5.252696520791373,3.5995497210320218,4.1122465499232845,0.7921912831257553,6.202299153883587,3.1920205278621427,3.778208770544989,2.9997862981515167,3.718119405703918,1.214729297656288,5.086130032692676,6.658834214910982,4.844138400357946,2.335526038037971,0.0,0.0,2.465224480177387e-05,0.0,0.0
1101000108,2005-06,Central,3.7764141594918494,5.632812946915258,4.964660429424171,5.029040869297452,1.0847468060156407,9.281228889519342,4.2296719510269,4.577473724655314,3.566713161088333,4.99788182304779,1.506880342392885,5.355123677573182,7.637503480180754,5.7995682997429,2.7896795476826077,0.0,0.0,4.339522262336055e-05,0.0,0.0
1101000109,2005-06,Central,1.5207039711423134,2.8422287087320455,2.030741471413238,2.460431211405373,0.4411819565263138,3.6500195758838654,2.140757891671546,2.0657464306366746,1.6884251792510554,2.3794916479593837,0.8689333866595588,2.408444223665777,4.458450260499155,3.250125015956375,1.3329978807217489,0.0,0.0,2.5399747603105743e-05,0.0,0.0
1101000114,2005-06,Central,2.2208420848658683,3.6066663177275844,2.737701936456937,2.661598781503013,0.4892656406492295,4.500000792725514,2.94709278303234,2.5217104062038316,2.1284876292422505,2.6575471264841077,1.0347227900981015,3.4317874475564873,4.373645741555022,3.624007687374672,1.7322618454940881,0.0,0.0,2.9404409568699646e-05,0.0,0.0
1101000115,2005-06,Central,2.7554139088618355,6.215918893052944,3.5312170077044183,4.417365564796818,0.66651282404353,5.042635820350042,3.435508067756548,3.906816941181463,3.2275293515864045,4.176604672576044,1.6977746598255972,4.811019838552556,8.108844010184088,8.324852739545165,2.701066137448231,0.0,0.0,3.922899256040539e-05,0.0,0.0
1103000502,2005-06,Central,1.5653380605968152,2.8220185258434034,1.9626038786678333,2.2407506273586746,0.45942939699875746,3.820587642647232,1.6147350818990498,2.0252932760940805,1.7189726478298564,2.14534429052991,0.7591403723183825,2.7494225488162307,4.14795885804989,3.000060618997541,1.2934155294576473,0.0,0.0,1.925618291724182e-05,0.0,0.0
1103000503,2005-06,Central,2.172397536557048,4.249787709937212,2.7520631043045394,2.985155563549623,0.5156286797197547,4.169805567271004,2.1500161843572014,2.906857475740322,2.1869305254761904,2.8801898584029186,0.9402398829294357,3.7986470946026945,5.426466962074671,4.409776713153209,1.810537390531064,0.0,0.0,2.141807842380136e-05,0.0,0.0
1103000504,2005-06,Central,1.3733449318632938,2.234199989961813,1.7206024612890656,1.7556224570164412,0.3590995963215064,3.4403652541579746,1.3890252906376117,1.6564013810728944,1.3287365696946822,1.7988445379631013,0.6207085071016852,2.118017568979684,3.2229204050864007,2.48649560293011,1.0698150907724069,0.0,0.0,1.770817577094424e-05,0.0,0.0
1103000505,2005-06,Central,3.9454437665451856,6.04897789724026,4.857777325947953,5.177697184665545,1.3734066206186462,9.7311222647257,6.554230343947182,4.913953453746655,3.541898922853111,4.817281294557814,1.5474806393688538,7.077425481264988,7.0470205497131575,5.29772984888446,2.804694532917601,0.0,0.0,6.0439086701433795e-05,0.0,0.0
1103000506,2005-06,Central,2.4360856695049917,4.598098934442956,3.0701161597996323,3.2341268578487425,0.5923731285828095,4.5741905978100466,2.405148257105897,3.1171424754985932,2.560515541930359,3.169089191197005,1.1904424517327075,4.00574862708818,5.8366034068059784,4.973307986058596,2.189195502039185,0.0,0.0,2.381640098222566e-05,0.0,0.0
1103000507,2005-06,Central,2.3790577219034192,4.6307492781555135,2.9038122704373728,3.5098817408185394,0.6627841273369814,4.740336446534654,3.27044601495308,3.2123332198970815,2.522480171966894,3.2102640050982836,1.1188391117200411,4.667871447003606,6.2896563965469205,4.744376675039436,1.9685525715611747,0.0,0.0,3.0671403401005056e-05,0.0,0.0
1103000508,2005-06,Central,1.7664349555648635,2.929674964293029,2.3164416673895922,2.355626850493643,0.45393171186993037,4.173074730332798,1.7051879678386248,2.1973663011061975,1.7864526382762078,2.405414861975131,0.8223019156020441,2.4911164388202063,4.337435452246408,3.3284105713882965,1.453859585454688,0.0,0.0,1.923239436765858e-05,0.0,0.0
1103000509,2005-06,Central,1.136610713188445,1.630628980626278,1.492735570327511,1.659112991217928,0.3484285449102498,3.156640025138867,1.6619359037016461,1.3189422979131304,1.0758949884906106,1.7059495142510357,0.5391254714379257,1.3793865689487113,2.96939037637299,2.068879688723378,0.8814350061916412,0.0,0.0,1.7122135021363047e-05,0.0,0.0
1103000510,2005-06,Central,4.752076054195993,7.792624295015157,6.101165230115667,6.276416609756271,1.2423984048647245,10.7287175183336,7.160753000981047,6.0462456859034335,4.672655257161176,5.901117536228078,1.7886947469755463,8.011550545432655,9.514937178719784,7.662329944276481,3.6067374123903893,0.0,0.0,3.670478259561654e-05,0.0,0.0
1103000701,2005-06,Central,3.7456010349970548,8.27417230249917,4.631459130254865,6.0066152744413595,0.9472313838543882,8.33044409306936,5.70872453366478,5.545425788866089,4.484765240174398,5.553219262621055,2.0523466313845313,7.59465441531959,10.439125929732525,9.648182949437954,3.310952467445166,0.0,0.0,5.587919119940232e-05,0.0,0.0
1103000702,2005-06,Central,1.9253391115848661,3.1329615596859792,2.46333632260693,2.431409483958484,0.500641446099049,4.580415940762252,2.0432613183670414,2.346175692037455,1.983529103250726,2.5654587014497463,0.9637027883851456,2.7568463422878438,4.394020001789484,3.527355488838355,1.6604267084926794,0.0,0.0,2.4241940864825e-05,0.0,0.0
1103000703,2005-06,Central,2.033211685441211,3.5789207025924727,2.774779591875362,3.148797436828259,0.5512576380143885,4.756025840482585,2.3311996208174897,2.6430350892689383,2.0665566267077815,2.9755721535118127,0.9839812888254942,2.965281350842643,5.403704109843084,3.9934644933926724,1.6878780018019235,0.0,0.0,2.1495110719962814e-05,0.0,0.0
1103000704,2005-06,Central,1.9519509923192782,3.640857145832883,2.3890494867012,2.852114086800529,0.5420245022907308,4.282881865750081,2.6329412632944003,2.5984040770102577,1.9864560273984089,2.6437976516886406,0.8702509014005497,3.699263727572086,5.136991985694491,3.889107687883325,1.5423015989655118,0.0,0.0,2.615951542026013e-05,0.0,0.0
1103000705,2005-06,Central,1.9882109563737027,3.5681276011520593,2.456079452763325,2.9198814058006937,0.5456617201087988,4.395261353216768,2.67454890713916,2.5560419616675167,2.0263047120457385,2.6882617576759777,0.9256701796897364,3.517596441584571,5.14278918191152,3.8774977026685913,1.57156679173277,0.0,0.0,2.6005627537076068e-05,0.0,0.0
1103000706,2005-06,Central,2.903867429407498,5.758164943891758,3.699278879808554,4.031502012613002,0.7670836225311332,5.7776711049892,2.69261429864975,4.016891608086022,3.2006435084951863,3.9881363299061987,1.4671693004171793,4.904168172196267,7.733936626942874,6.510342753335053,2.6564113847886803,0.0,0.0,3.279917896282299e-05,0.0,0.0
1103000708,2005-06,Central,2.5172349713461246,4.839239304534115,3.0534946234818676,3.7116773685479836,0.7030715727910887,5.407458836455097,3.3921734981452034,3.4519871013037475,2.5934643692606527,3.3500950553950837,1.0627849096162145,5.037588009855519,6.574476581014395,4.96637777326892,1.973513057237172,0.0,0.0,2.90551610135354e-05,0.0,0.0
1103000709,2005-06,Central,0.9654524987808093,1.3653439194982548,1.3540709709320222,1.3513323654876426,0.24119727860113271,2.398697472998888,1.1996477252304811,1.0661634396893132,0.8793021300260275,1.5009712137951783,0.5891746124695587,0.8277813311495222,2.5365444909853556,2.1078505948174433,0.8061302211945683,0.0,0.0,1.4528355711399442e-05,0.0,0.0
1103000710,2005-06,Central,1.0629033539180655,1.702275786015405,1.390631828297897,1.5021571972308516,0.2711081167181826,2.521386074303223,1.391894645897649,1.2378922024279453,0.9858122383332588,1.5180662442726631,0.5709337107424901,1.4039720810137826,2.695771862744014,2.1846141198975912,0.8551513008482228,0.0,0.0,1.6322950886053823e-05,0.0,0.0
1103000711,2005-06,Central,1.3991718608526948,2.6152427587739475,1.87948884146099,2.3799578683434546,0.4325833009862277,3.4644482104268257,2.1489591036294597,1.900550644518631,1.5249109479682166,2.1303529272515753,0.7424285921215512,2.353248072249496,3.939020638922856,2.8191677701319495,1.1995442554299545,0.0,0.0,1.99530884731347e-05,0.0,0.0
1103000901,2005-06,Central,3.5387798177092304,6.684680355800453,4.5625939850319615,5.215195539129661,0.8444895412148021,7.269777456349182,4.263820113783721,4.685817058938981,3.8430443400532353,4.891260778117068,1.5456401543780118,5.929622289082731,9.090490469666689,7.890962014845349,2.9632899730102307,0.0,0.0,2.835522773046398e-05,0.0,0.0
1103000902,2005-06,Central,1.2304416703176952,1.9986111452919346,1.6792314493708618,1.7770899633062704,0.31819208265884735,2.8653709763392374,1.4033554883465773,1.4790909827614067,1.1997354397041746,1.8298120575200763,0.7018154544098789,1.4394545179011824,3.2808879063099807,2.6089284842157014,1.060426269385846,0.0,0.0,1.6056020976771186e-05,0.0,0.0
1103000903,2005-06,Central,2.3717838692830053,4.445303772098599,3.1348477739610963,3.5886924005204386,0.5471341074832682,4.792657941149929,2.677756009923473,3.049999366544959,2.5326752478928563,3.4066913211675436,1.131860156950564,3.6084330335197072,6.3044554880004995,5.369498554187124,2.0215686047257466,0.0,0.0,2.274184407967226e-05,0.0,0.0
1103000904,2005-06,Central,1.5014634203576782,2.8558639860561046,1.9478415525780743,2.318604272022715,0.38150996577061824,3.5839462169076155,1.8645531316840234,1.9859904960480788,1.6833367065533025,2.3136574876249996,0.8408585502163319,2.452433642117423,4.460724923131881,3.708940235534113,1.2825948586637244,0.0,0.0,2.5325853549373378e-05,0.0,0.0
1103000905,2005-06,Central,2.1190747673274704,4.166375292589633,2.6619285211897212,2.793153576471089,0.4682142487232402,3.6018108079844597,2.419632048133185,2.693314992603071,2.14518894133118,2.7787047363322706,1.044400114125292,3.5666418953320043,5.062139002850475,4.726976713907139,1.9018602390607742,0.0,0.0,2.487334544519115e-05,0.0,0.0
1103000906,2005-06,Central,2.790761467117568,4.68172999867624,3.5830931103241386,3.9837692681620087,0.7953763613956606,6.8072760085807875,4.433605684422256,3.6067931265897437,2.8124646671322027,3.785486760381736,1.2804849973815378,4.727190523086245,6.175407636243234,4.967478276331296,2.172980723031266,0.0,0.0,3.7791055070276204e-05,0.0,0.0
1103000907,2005-06,Central,2.192019194002388,4.215964164414477,2.8789744544018374,3.4524936952248413,0.6774075081760186,5.4512531399184425,2.5528386121422724,3.0853501718230003,2.577352041737965,3.288579325077869,1.1341225075196124,3.8238898566245414,6.359653878872843,4.645535407063887,1.9766731322191053,0.0,0.0,2.5929711382880028e-05,0.0,0.0
1103000908,2005-06,Central,4.92970049231497,9.289910406290467,6.480850762558693,7.152066136515032,1.1677349146617622,9.354119488738181,4.042669893628588,6.571262831469913,5.435043679149898,7.041056342967042,2.214511736776163,7.453216178438582,12.62377441846639,10.295276397038531,4.072222412843006,0.0,0.0,4.76662930457105e-05,0.0,0.0
1103000910,2005-06,Central,1.6637205206220604,2.7941382024539485,2.152525475080907,2.2940193599067036,0.45572779999390345,3.886531216685359,1.851627049796486,2.063021560549321,1.6426947010747968,2.237849344756911,0.8336699664071163,2.5830312058723246,3.9837767929449255,3.0933309814142413,1.3448148683782561,0.0,0.0,2.259258827206637e-05,0.0,0.0
1103001201,2005-06,Central,2.635470702875632,5.205926156674953,3.2156133766228754,3.7169182238223106,0.5921578130411312,5.229991806009254,3.549684782955287,3.3657732507658755,2.812099842920462,3.4806658854831602,1.4144113070082764,4.875773115683405,6.434237701414991,5.752074845137759,2.0957896567479146,0.0,0.0,4.586102481775031e-05,0.0,0.0
1103001202,2005-06,Central,1.2852310102124243,1.8951619692478585,1.7912624311207817,1.9712677617283632,0.38440977012605826,3.6683270365012297,1.792291658438494,1.5146010154813916,1.146176930516503,1.9909781876720134,0.6428049540581586,1.4140871944660502,3.241736795139117,2.3711676319076416,1.02048604371601,0.0,0.0,1.972409653819874e-05,0.0,0.0
1103001203,2005-06,Central,2.2324888200053548,4.088502747320202,2.988458232010985,3.42310160422051,0.5605317912268581,4.767810865811192,2.2842700953507187,2.87834595359188,2.370348037993467,3.272495860764534,1.0464512188767001,3.206923907383169,6.37310344552343,5.1593388325254885,1.9326723193570292,0.0,0.0,1.8211994046395428e-05,0.0,0.0
1103001205,2005-06,Central,2.6886158687711608,5.026905124700018,3.5439093620824536,3.951887563650346,0.6512538281288061,5.684332177883345,2.330536200953356,3.5166306044913878,3.116753662862487,4.193721762475246,1.4487368929254425,3.885090048191602,7.469684697444818,6.1002511765870135,2.3771991377349897,0.0,0.0,3.699486034114447e-05,0.0,0.0
1103001206,2005-06,Central,2.9043475455637653,4.851234315068518,3.4744236543655207,4.174079275122,1.1294625544228223,7.787716112806837,5.288668194705925,3.8918525398597716,2.891372934824292,3.9049232108787186,1.269906396115154,5.650667613014619,7.3566499787584005,4.3554347948846415,2.2442394951263087,0.0,0.0,5.296686974945434e-05,0.0,0.0
1103001209,2005-06,Central,1.0239181209711044,1.5114717641362125,1.4376879872040382,1.3817025633827222,0.27714648422307897,2.51079688226528,0.9246930641486768,1.1850041540069505,1.0112967032616267,1.5247333037131843,0.6174677277928599,0.9646666653568656,2.704748924868982,1.9757326158230413,0.8719002459086841,0.0,0.0,1.3950159640847052e-05,0.0,0.0
1103001210,2005-06,Central,3.0117269108267295,5.009395645729972,3.9458952256524245,4.535844526748786,0.9966562114922964,8.195567224577456,3.7671053254501654,4.0243763273340925,3.1530323069965065,4.442271679654623,1.346083145455237,4.655270907724894,7.734080754176977,5.2726577127356276,2.4585025825264974,0.0,0.0,4.032917058579562e-05,0.0,0.0
1103001211,2005-06,Central,2.3530189546149534,4.311598598254998,3.192569690085964,3.384200393917991,0.6132873485261171,4.769387609000055,1.9226583493405356,3.0956132438452095,2.5410319999233084,3.473233756215796,1.2163474832161503,3.139635908058567,6.3460054884128505,5.0866063931527465,2.166252952714994,0.0,0.0,2.7851772239379256e-05,0.0,0.0
1113000102,2005-06,Central,1.1795431940991843,1.8346398622276676,1.5435765441725207,1.6343655448584802,0.3312993906906915,3.29095591609329,1.5033693305337557,1.4320335380950147,1.1193550198918418,1.7059016853942928,0.5584636124027922,1.6039397579123813,3.002745272027224,2.364086114492263,0.9417043151514002,0.0,0.0,1.7230021333676216e-05,0.0,0.0
1113000103,2005-06,Central,2.6243918831730824,5.003702804237528,3.4504105293773386,4.010799423030029,0.6243540121440956,5.4278362594231435,2.601085843725719,3.392816906884203,3.013862593822051,3.855161137370704,1.3249677411076977,4.136225031718768,7.019086541798145,5.8866463245325,2.216885454266255,0.0,0.0,2.9860414543545282e-05,0.0,0.0
1113000106,2005-06,Central,1.2461833935825264,1.9946409423895701,1.6765821035283184,1.7619955807041645,0.3319538899955448,3.1298389646801543,1.3599515608509125,1.51718185988848,1.184152663270355,1.8141199791163853,0.6298206272822271,1.5539766649156725,3.23429397486167,2.5276095751032392,1.0180072344071363,0.0,0.0,1.5818462923112143e-05,0.0,0.0
1113000107,2005-06,Central,4.57584054836882,8.299103710045015,5.586662637571253,6.085785951892193,1.1309037332686425,9.786037198910627,6.0961985647851185,6.007789179007716,4.627882649855894,5.493258726925744,1.7155187005596868,8.78911640109238,9.707141763314468,7.784789048869809,3.3978227216801824,0.0,0.0,3.616387326208317e-05,0.0,0.0
1113000109,2005-06,Central,1.829481828060366,3.6061456299055434,2.3738272334318653,2.613012566819113,0.4343203722676519,3.512534063501553,1.7488283058263714,2.36188136926673,2.0269739804226266,2.527827136337057,0.9307573261272849,3.0654038528912197,4.733705026109575,3.80481087039913,1.6395102357080658,0.0,0.0,1.9497734436459585e-05,0.0,0.0
1113000110,2005-06,Central,1.6764937158130473,3.0548886665171735,2.301804424857862,2.643828195812216,0.457652765969471,3.818462545378186,1.9917081575731008,2.1877435230255204,1.7477372525272183,2.5600683869000638,0.8501965746116417,2.367576613446816,4.681250286366878,3.520719026202855,1.5118133324711522,0.0,0.0,1.7561874083819972e-05,0.0,0.0
1113000301,2005-06,Central,1.5395560149719933,2.5953878389351557,1.9767987752410134,2.2628967001551197,0.47206729421878213,4.024755432131168,2.5729496041552937,1.9442267021962654,1.5356175941370407,2.1417327093050207,0.7149469172490783,2.5932719113103,3.6715730017761126,2.532503971035088,1.256454628652949,0.0,0.0,2.1196792084174707e-05,0.0,0.0
1113000302,2005-06,Central,2.9738337478935906,5.628205438943593,3.772078222255675,4.289315623185208,0.7817697835360015,6.211227788233192,3.2582180629178565,3.9083248807104702,3.221275450508136,3.9612440197680616,1.320540116362123,5.306608379817195,7.252108900703913,5.400599545460736,2.51832882947814,0.0,0.0,2.3760990684626585e-05,0.0,0.0
1113000303,2005-06,Central,1.4535087202554409,2.527663666291609,1.8894602813664045,2.0208578403728237,0.331508392581325,2.9303870054011294,1.6521162136030965,1.7275432617117925,1.4352993957266855,1.9725943879219237,0.7528859832402741,2.1179324479417363,3.520011081044164,2.9000163735845903,1.1910837273161157,0.0,0.0,1.9563785127838085e-05,0.0,0.0
1113000304,2005-06,Central,2.2916676153249917,4.203021559930214,3.0372301270199036,3.3323012952177753,0.5522865331786021,4.903111450227689,1.9864642471955645,2.948228286921917,2.6359444019920586,3.6089076508413176,1.286115952076696,3.1737124632694496,6.389467108836305,5.2033014700252,2.0304133617474918,0.0,0.0,3.4468278230607366e-05,0.0,0.0
1113000305,2005-06,Central,1.6737888623472188,3.0110208809215453,2.252725348067535,2.7699130746217127,0.5132521496666558,4.284740024907658,2.6436398722952057,2.2204612091342413,1.7710279984948811,2.4931815242840747,0.8165395785918762,2.8805662066079556,4.403890651532294,3.1390886442081416,1.4052617376144514,0.0,0.0,2.039859626786427e-05,0.0,0.0
1113000306,2005-06,Central,1.4219601413004155,2.436213680119692,1.8625192754673265,2.0157119809363917,0.34426746612810566,3.073546450393977,1.494127171837315,1.7204996814722089,1.38637286005217,1.9722640950478652,0.7320439152481321,1.9753203864223805,3.604970848837058,2.966728246862093,1.171319743388399,0.0,0.0,1.7523553106706972e-05,0.0,0.0
1113000308,2005-06,Central,1.7573158975899428,3.102569917438695,2.2787368739436427,2.435672055395086,0.45161142229431,3.8447964051762646,1.6876385218138996,2.2028370059642763,1.8200693134368218,2.3567257536728046,0.8567817775227198,2.6880360773583383,4.3349663552710185,3.3761611595700693,1.4843210061860073,0.0,0.0,1.8763726187131288e-05,0.0,0.0
1113000310,2005-06,Central,1.3256391547276316,2.428284460957224,1.8254557312316446,2.2247343785608673,0.376936094916423,3.075957465218631,1.672866206894184,1.7014531053428514,1.378189791079708,1.9588003897973756,0.7151244393590351,2.073485210012288,3.5062069753981855,2.484618119945015,1.1390158460352784,0.0,0.0,1.5507084250543393e-05,0.0,0.0
1113000311,2005-06,Central,1.5941744948587506,2.7691059548990293,2.100896543162773,2.2436502794644664,0.4317852022983258,3.6488125516899834,1.479812587191201,2.0265327458406674,1.678326128474865,2.160097845995695,0.7499550868734429,2.3799303696130614,4.0132778798933595,2.8126303281238028,1.3309790890842952,0.0,0.0,1.4709721921558157e-05,0.0,0.0
1113000502,2005-06,Central,1.11899551059086,1.9763358140715344,1.5560509521823984,1.5948442475530094,0.26417440135672654,2.2251308639148966,1.319202707632584,1.379278496612322,1.1093813147714788,1.728523758617292,0.723123431349507,1.2604594213062161,3.1876981178744517,2.7417674643619385,1.051040558753525,0.0,0.0,1.554445021944019e-05,0.0,0.0
1113000503,2005-06,Central,1.3615853260622557,2.3108590222542804,1.7559885539711109,1.8427892279689035,0.34024616311875333,3.0751799189557625,1.4122976434710972,1.6448218052919141,1.3695149812081013,1.8246796072178832,0.6721509330360419,2.06510630390014,3.2388596438911215,2.4901839451992505,1.1088897898888053,0.0,0.0,1.8476722061182564e-05,0.0,0.0
1113000504,2005-06,Central,1.2075054559419052,1.9967934564604315,1.607269008479475,1.682666119790791,0.32008235077457253,2.827127341531101,1.2805737168508886,1.4204821208761442,1.1964812317614608,1.7117326019548171,0.6689398483843358,1.5889795723887081,3.0670570148259086,2.183502595544109,1.0291826847877863,0.0,0.0,1.4411790335948277e-05,0.0,0.0
1113000505,2005-06,Central,2.2128412998255427,4.2561379293756305,2.782202501354825,2.900515655225096,0.5786936543306296,4.439392120413824,2.043568689975495,2.9604986353295213,2.3581785691798562,2.903799682576079,1.03742272705044,3.8402159878373054,5.5116537381340365,4.513080806218002,1.995548353103581,0.0,0.0,2.152427327288848e-05,0.0,0.0
1113000507,2005-06,Central,1.7087992453145557,3.0776721632949555,2.180787677253392,2.218230744511861,0.41009417510333007,3.2961365747641334,1.6841185843164852,2.093630687515047,1.7577982834081722,2.269645799371928,0.911166274715559,2.570369453780583,4.134717038915335,3.525380999459389,1.5441595929992529,0.0,0.0,2.0423717344710933e-05,0.0,0.0
1113000508,2005-06,Central,1.9989976691206186,3.6404705922697507,2.643601276957645,3.0014538553525973,0.5870068183264072,4.7413039495643305,2.197792138715244,2.7028833924955777,2.167838035245183,2.8971675155311387,1.011683529911753,3.1569156952295367,5.426074778496255,3.884404050287974,1.7175847994699134,0.0,0.0,2.4897722599431336e-05,0.0,0.0
1113000509,2005-06,Central,1.953460090156595,3.606798224019269,2.4576226444432825,2.8129267216052987,0.4578266121588165,3.9821316182246504,2.372515002990394,2.450966575382475,2.0092223470877864,2.524304791908168,0.8641856477972978,3.476722886872282,4.520846374217816,3.6160884417313794,1.531868608708461,0.0,0.0,2.0877389204649958e-05,0.0,0.0
1113000510,2005-06,Central,1.3009969998813324,2.2481479525461707,1.7823934550444822,1.9754818159912295,0.3235691166856779,2.976895006625894,1.4226006473825048,1.5830904072242535,1.3468672385939175,1.9679442729366672,0.7006034611236086,1.70309375647109,3.582216009544548,2.737835421213749,1.1162003192671415,0.0,0.0,1.5424755642689747e-05,0.0,0.0
1121000101,2005-06,Central,1.168978254863396,1.9483643415954741,1.555404149968962,1.6139886781860948,0.32737808185324657,2.85914169745434,1.256587793925681,1.4445024738557684,1.1469886480956983,1.6690676204323565,0.6203938628931012,1.5792770474323679,3.0290725024342255,2.2738525000852667,1.0011628084062674,0.0,0.0,1.3670074435335545e-05,0.0,0.0
1121000103,2005-06,Central,2.241505714394385,4.146943516893133,2.9446124353341006,3.098607028512474,0.5498179786430204,4.523809650488567,2.2318688614132025,2.9267016646733155,2.3890459176518912,3.108913070316497,1.0957098353011268,3.3836577679554742,5.695691759991825,4.737126370075865,2.011478701678937,0.0,0.0,2.2816733767992754e-05,0.0,0.0
1121000104,2005-06,Central,2.9258428663168847,5.836245854855369,3.835458984570651,4.281192220035663,0.7227295499786724,5.543787654787944,2.6157114982515677,3.97152335082105,3.2695614872813623,4.095219010098151,1.5305388171276202,4.564909936117481,7.970082341777687,6.657302357626113,2.65454565801603,0.0,0.0,2.920527289616333e-05,0.0,0.0
1121000105,2005-06,Central,2.973556625486917,5.220070374149955,3.9204121994763046,4.084075364713997,0.7160897327265243,5.579646040966214,2.5491119004758005,3.7234412020518097,3.1298468904392576,4.343367600387399,1.608374599568645,3.7959497285430106,7.618226080702517,6.687011732649067,2.6740452265870496,0.0,0.0,4.0587173170659645e-05,0.0,0.0
1121000106,2005-06,Central,2.4326620308492783,4.523427658789709,3.1085075787874574,3.395476147871853,0.5571851552545829,5.055608928375304,2.9873614197707563,3.0890171765530248,2.693158030145109,3.407865784725999,1.2275808380473452,3.931190739548496,5.972640078243806,5.140590393822816,2.1238606208031303,0.0,0.0,2.7120481266338716e-05,0.0,0.0
1121000107,2005-06,Central,1.5529622039317086,2.9678520441612966,2.0882536609903246,2.501293692984868,0.4132688371397444,3.5394308852657286,1.6210986064880253,1.9879845802856781,1.7491497356780674,2.2772386452474853,0.7549231558847291,2.6171341148645366,4.264778566500285,3.091713002353715,1.3419435520316825,0.0,0.0,1.5898366945215677e-05,0.0,0.0
1121000108,2005-06,Central,1.7636105863502407,2.953792064329961,2.3162716814305035,2.933384047537209,0.4971383494255815,4.128007808435056,2.1190808650488973,2.1266832660532216,1.6743752145489614,2.6166997324693613,0.7957634306641955,2.3271719706622673,4.5724862330858675,3.3422434146172675,1.4445949712616177,0.0,0.0,1.462167959933692e-05,0.0,0.0
1121000110,2005-06,Central,2.9134494029767364,5.253680354670712,4.017598402421829,4.97779153582389,0.8423579895945293,6.884343423084964,3.6351477996677137,3.897000533446011,2.9256303110567154,4.350708057352225,1.1927198084156194,4.417967432656277,7.795111485586028,6.11495353578283,2.4177515189783993,0.0,0.0,2.240388726013494e-05,0.0,0.0
1123000301,2005-06,Central,2.115651823301046,3.8125280757215005,2.736570053380928,3.2917832753066034,0.656323641461612,5.478420422547483,2.6885863761209428,2.873833507301343,2.27874475332952,3.064402903193413,0.9403233838600926,3.651042447368106,5.890258248465866,4.243438335485691,1.7335973870490957,0.0,0.0,2.26775389275864e-05,0.0,0.0
1123000302,2005-06,Central,2.8498529144381757,5.166210576046106,3.422590827392877,4.136066776379434,0.8397768208637258,6.5178656903099235,4.482417998967701,3.773862781843674,2.9962274817904095,3.704535963302769,1.256936112617268,5.69285534734248,7.042575460566821,4.852115416209521,2.185835556943006,0.0,0.0,3.652202272882361e-05,0.0,0.0
1123000303,2005-06,Central,3.2666010965232366,6.764799111541192,4.094048857612316,4.480060443909417,0.7937138013714441,5.7503212987923815,3.2083567577268246,4.494424644564551,3.499564840699602,4.266353809982856,1.485510980088904,5.91009275809797,8.177795743583406,7.211791675983273,2.992425245003008,0.0,0.0,2.6121861690090273e-05,0.0,0.0
1123000305,2005-06,Central,1.8652492173794022,3.1666236672861228,2.489006469954678,2.608109950867153,0.5261688584093049,4.470929231520059,1.9643927121132887,2.3826284896685723,1.8448436131749342,2.6861693664203647,0.9258698465577071,2.4725955335493204,4.96945381489556,3.814869546755628,1.6457634338825466,0.0,0.0,1.7486992831945846e-05,0.0,0.0
1123000306,2005-06,Central,3.6707854094553096,6.824939288620234,4.8155360296203025,5.632170187840247,0.9938322966235845,7.3024175649398275,3.833606552803949,4.9772519937926925,3.8565841847439635,5.278620051217665,1.5465770347786603,5.810359149803309,9.851026429981863,7.3774894721062445,3.0615081283842946,0.0,0.0,3.3992477532917495e-05,0.0,0.0
1123000308,2005-06,Central,1.2548319915470854,2.2926748332593374,1.7283402904280123,1.8177021889422582,0.32516882434866856,2.763592850153399,1.063689564467133,1.582266202348559,1.4667194467221507,1.8798312239272834,0.7965740294218479,1.6467399223810504,3.7303348118229596,2.8165097667490007,1.1772359842674018,0.0,0.0,1.553455400542237e-05,0.0,0.0
1123000309,2005-06,Central,0.9436926613127142,1.5144562298560498,1.3436667849113368,1.4562880860785274,0.28145798709669206,2.49082879273331,1.0267624089629415,1.1328586475173095,0.9070132654705221,1.4555711994247993,0.5713815278069956,1.0585309617786975,2.5708601987910624,1.7688636523521994,0.7979849310653736,0.0,0.0,1.3182403811985315e-05,0.0,0.0
1123000310,2005-06,Central,1.6344743087557914,2.9149922469911034,2.522475691005976,3.216596500302219,0.4128764409942565,3.4525889272863948,1.7616649024840878,2.0331735293588564,1.6108050797493085,2.7236353441682177,0.8615545051717461,1.5569514298310816,4.590388822246334,3.390882091440181,1.4313504848500849,0.0,0.0,1.614646565428811e-05,0.0,0.0
1123000311,2005-06,Central,1.3214497319132994,2.377351346711849,1.6705762854385353,1.9111663836613446,0.34970782229183084,2.7994928746812864,1.6865475229913662,1.6669255170431143,1.3225411673530916,1.8682407976302433,0.6913917827538667,2.1347033123656622,3.609800072654041,2.875828865651496,1.0923241685120333,0.0,0.0,2.0821252081617125e-05,0.0,0.0
1123000601,2005-06,Central,1.5167994799965425,2.1893380327827434,2.080221057124443,1.9672297717246428,0.41797976434543554,3.6497423316359012,1.4387638904597129,1.7378106095437096,1.4382480977257501,2.1820369074703083,0.8471437348790429,1.5928373857627398,3.5230029559281713,2.66645877378933,1.2775120564197724,0.0,0.0,2.2786794730643282e-05,0.0,0.0
1123000602,2005-06,Central,5.316388899070156,8.778267340076262,6.738141384529774,6.8161396350777395,1.3602424754971445,11.898987920706134,4.37726843627228,6.822479617535229,5.607688351852329,7.23056103306564,2.3000198185369527,7.828039539387339,12.13539646997037,9.450080061659229,4.161203712498655,0.0,0.0,6.406797018751856e-05,0.0,0.0
1123000603,2005-06,Central,2.8851206175449193,5.910040857512848,3.9014224431081383,5.031538413946923,0.850092734894369,6.527239263031372,4.125894985785669,4.1735699080646995,3.2353987211742767,4.286256409186748,1.2613275027356414,5.680757094854067,8.02948872982327,5.969876961055112,2.477117571607156,0.0,0.0,2.389820534782354e-05,0.0,0.0
1123000605,2005-06,Central,1.362926423408701,2.2194280569872595,1.7941744776832627,1.8957849261613386,0.3786108591565835,3.6413852429787865,1.4397693217852394,1.6858387820277192,1.3510162532834444,1.9634838304646571,0.634878272822559,1.9029554805803461,3.587757506288694,2.79411058404701,1.112860141964975,0.0,0.0,1.5816778635785092e-05,0.0,0.0
1123000606,2005-06,Central,1.4797030386372252,2.5043087310856618,1.8195497331273294,2.1146132336101555,0.4254442779933353,3.737916286638261,2.1647317805092334,1.8513520755147013,1.4771084098049743,2.002563204372798,0.6901642041641189,2.60294130761966,3.7481932332909937,2.6648739462072144,1.1222694173590742,0.0,0.0,2.4744514192056523e-05,0.0,0.0
1123000607,2005-06,Central,2.9510882596101573,4.961931454192425,3.7498260185066488,4.2508139998174945,0.8938990611937554,6.683689915863924,4.012299440668081,3.8059932597499655,2.879885210741496,3.922924226727056,1.218915316172217,5.177978560135922,6.72381479465257,4.576534912962033,2.2342172784657484,0.0,0.0,3.433095945523061e-05,0.0,0.0
1123000608,2005-06,Central,3.810517448959868,6.745580258646837,4.894163719293252,5.354663977603612,0.9217636678029902,8.100866892800976,3.868723883042582,4.86904399851885,4.083789355298868,5.129509801529349,1.7010380464698622,6.024013612836833,9.016101351064119,7.472852363617994,2.9753559960351783,0.0,0.0,4.029026380435853e-05,0.0,0.0
1123000609,2005-06,Central,2.4390868307910036,4.447103626949481,3.199456879836163,3.9136718919140066,0.7916001963555037,6.007481175528241,3.0617549241241053,3.3376455948018253,2.4625235369320446,3.5204732071820746,1.0106045460375728,4.110127483593346,6.295684425638591,4.4142574128556165,2.0110825035487947,0.0,0.0,2.294261047439052e-05,0.0,0.0
1123000610,2005-06,Central,1.8836371734361363,3.3138040833139817,2.5417823927876886,2.7542216596772717,0.5450430047291809,4.599465671265332,2.0656969047266274,2.527012281761226,1.884138807727713,2.694851884513773,0.8783986433475787,2.8661520083940197,4.952138040269959,3.6360282356815077,1.5657257298664933,0.0,0.0,2.0979077657648406e-05,0.0,0.0
1131000201,2005-06,Central,6.196826525465509,13.460999014713504,7.384047592866612,9.008500146064872,1.4177312740003898,11.485129916529628,8.373624021595372,8.704304207680178,6.878916596034914,7.765936527769914,2.807626030851421,13.553720387650174,14.788031592824828,13.34284372602857,4.836280993943475,0.0,0.0,6.524695299501357e-05,0.0,0.0
1131000203,2005-06,Central,1.981238978488586,3.5010689095886938,2.428566608230849,2.796830535593011,0.5966089605675872,4.930575615654449,2.321158508419638,2.599549047138968,2.0633304147344695,2.6110439131331393,0.8803498566622112,3.63407513765697,4.954268912403625,3.5394650521521287,1.554187926650657,0.0,0.0,2.4794145502597763e-05,0.0,0.0
1131000205,2005-06,Central,3.897356798252498,6.647688324489597,4.596938789029116,5.634279122651679,1.4856324542452277,10.097228013632831,6.972355764535012,5.33484083339778,3.943865671727035,5.0477063408746785,1.483332662265589,8.0249920338702,9.67703615642947,5.73861435105115,2.882831028255679,0.0,0.0,4.363386573670541e-05,0.0,0.0
1131000207,2005-06,Central,4.1927638486817616,9.701790990923895,5.171951500034115,6.433985889625789,0.9611955741779401,6.7189553147189685,4.8288309285795075,5.847827959130965,4.762559252820383,5.609120787582207,2.2028794479229767,8.392142640515821,11.051229690029457,11.099318363555728,3.8006461168460066,0.0,0.0,4.55329600596697e-05,0.0,0.0
1131000208,2005-06,Central,7.872577369390118,18.721534503422117,9.691060762126398,12.927600646656444,2.0342210405135925,16.63019127036307,12.070157976398189,12.60726915731349,9.809272175028717,11.164333822720256,3.789924929949329,18.205806567519105,21.690964021886476,20.111180786825184,6.800505430344697,0.0,0.0,7.537365725996265e-05,0.0,0.0
1131000209,2005-06,Central,2.0297216055791254,3.754101339773696,2.587954420283307,3.0022233770228604,0.6998978675797545,5.32403003899498,2.317406964792698,2.821469024308866,2.1736789378081443,2.775033663589278,0.9462106976320402,3.754920607835691,5.180732850870267,3.495614428804434,1.7075440758094576,0.0,0.0,2.3041312075358755e-05,0.0,0.0
1131000210,2005-06,Central,2.7291006664557194,5.388665231326282,3.380883436244095,3.7197026455757647,0.6908647755308416,5.436525630785923,2.8703109573882677,3.7507243689319734,2.8141155592767673,3.562678839120004,1.1378081806667244,5.122798014722325,6.7789116208395015,5.675896806945446,2.2962131130661687,0.0,0.0,2.4745232320435436e-05,0.0,0.0
1131000212,2005-06,Central,8.218220349726556,14.22148767134523,10.387938345712055,10.689195647500531,2.1361410303061583,17.830435590337224,6.803359842338393,11.067338322414304,8.880067603908753,10.90996165760485,3.3049130045826365,13.1962690714345,18.647802331916257,14.576522489739896,6.3584907129294965,0.0,0.0,7.649613010034549e-05,0.0,0.0
1131000301,2005-06,Central,1.5461230217069255,2.8627321092688502,1.954399529520197,2.1818436500473366,0.4301354266751404,3.1871234394823964,1.6499245119417563,1.9950149725235014,1.6405872712549128,2.147655160939851,0.8367980313719333,2.531710438164814,4.175592051943042,3.2288630535364287,1.369520428805058,0.0,0.0,2.1139595273404376e-05,0.0,0.0
1131000302,2005-06,Central,2.6344821708324004,4.933767664881426,3.3140122120626563,3.983601760221297,0.7119539254556911,6.641698505148001,3.71044971450898,3.622625773905247,2.818794963295167,3.7312031794961964,1.233184986304208,4.780857786989641,7.145276084720851,5.817424259172205,2.109769686867048,0.0,0.0,3.7884786936717746e-05,0.0,0.0
1131000303,2005-06,Central,2.3243368031838356,4.131521150474727,2.9849961811824306,3.3734375644395582,0.7435711387376476,6.028260350129048,2.750101349694704,3.1753223550398815,2.506467171059793,3.2726448412728852,1.122453285731326,3.9171110473957937,6.102261892874471,4.308015759247389,1.9716540357842505,0.0,0.0,2.9301491035689058e-05,0.0,0.0
1131000304,2005-06,Central,2.135284854500455,4.02785878343951,2.707954829156141,3.483242726792007,0.7560034445310273,5.729245885567573,3.8416270373406456,3.034664303051469,2.3048946666181584,3.0651765269960323,1.0012555756158754,4.317017440601372,5.717088085403206,3.79681744213549,1.7622897207452357,0.0,0.0,2.96285401590855e-05,0.0,0.0
1131000305,2005-06,Central,1.2515336706302693,2.367329732412988,1.661200023977432,1.9580007139597528,0.33930476355626754,2.907166423259135,1.4110522107617556,1.6170654987743556,1.454883663489808,1.8840128863429515,0.7139900697849498,2.038071231086874,3.6247798240981193,2.6896408060187627,1.105126335086755,0.0,0.0,1.6772515180365858e-05,0.0,0.0
1131000306,2005-06,Central,4.886062746570987,12.002096893075837,5.939919231238851,7.516531338282018,1.144053121128084,7.666376738749212,5.6493676787912275,7.204317922357417,5.588555019231718,6.475825639609669,2.389232336624995,10.825479019562549,13.069774778741616,13.17647476348275,4.404168148459561,0.0,0.0,4.9113771753711016e-05,0.0,0.0
1131000307,2005-06,Central,2.7130618512191003,5.229041492534011,3.533462389293034,4.147444408113956,0.7084471266743495,5.512044733962261,2.747434019301589,3.6520503757704708,3.053951062658244,3.8666464331809354,1.3085330782590665,4.411525281850186,7.637606841556683,5.719529099733833,2.344812596646887,0.0,0.0,2.4217453361775078e-05,0.0,0.0
1131000308,2005-06,Central,2.2380292680085434,3.930114994495593,2.82762275248903,2.9866430045058645,0.5945781333071954,5.035155373966972,2.2002998475564866,2.838179446009885,2.3345508434058724,2.903212483811483,1.0271148253127178,3.649790249561193,5.345126149014808,4.236255785426301,1.8686193451104018,0.0,0.0,2.1535315379653253e-05,0.0,0.0
1131000309,2005-06,Central,3.1463368538731467,5.589020815506109,4.042916419512548,4.2145729370976674,0.8012049116373482,6.567014997806141,3.2694332299544686,4.052175635144648,3.3655933973954095,4.173723777429441,1.4923044447507694,4.815484439132761,7.486250729642956,6.297953949173426,2.7965181054416712,0.0,0.0,2.7878463739989863e-05,0.0,0.0
1131000310,2005-06,Central,2.0039065856986977,3.823229722951879,2.7597420717092622,3.003188305188134,0.5025376325897521,4.037587295388079,1.8263562273729055,2.6840749207592265,2.188958821614215,2.8759764235653646,0.9993770326838575,2.883482929120855,5.429252523962063,4.2343309351543645,1.8100729046852448,0.0,0.0,1.8961273562798215e-05,0.0,0.0
1131000404,2005-06,Central,3.836887682935466,8.2279929449875,4.691470271841382,5.762963612791552,0.9813943494402998,7.416385610517082,4.689284839066888,5.547567116105242,4.132140482541669,5.036806236827951,1.6437503693902866,8.213799352462091,10.12725632225956,8.664051539825117,3.108691775233593,0.0,0.0,3.912304096205157e-05,0.0,0.0
1131000405,2005-06,Central,2.905302826132791,6.244885722156641,3.6746079081148286,4.134842696005664,0.642248044458443,4.728201325909145,3.070738031718758,3.945846845645011,3.070966154224226,3.8462107998531434,1.3259864975922862,5.3249956030274985,7.228229910643255,6.567541089658333,2.587514088529722,0.0,0.0,2.6386241078470742e-05,0.0,0.0
1131000406,2005-06,Central,1.196521977867992,1.6167530852075276,1.5105339585807724,1.302429894568891,0.30082730123557866,2.932338427910053,1.326948198268627,1.2484420932459437,1.0533489489406793,1.497753546674292,0.5529820206945274,1.4899537478493081,2.419430898691501,1.7295927513530882,0.9229930918358811,0.0,0.0,1.652762639502624e-05,0.0,0.0
1131000409,2005-06,Central,2.571067958762124,4.839623633450092,3.2063759106313507,3.728475372963285,0.698559349372897,5.690178636010212,3.5735725867485963,3.479433356104523,2.581598539818219,3.4243811969642417,1.0456728800423754,4.898869068013377,6.2207798330859685,4.817139047323514,2.0615737682569346,0.0,0.0,2.5773712307431953e-05,0.0,0.0
1131000410,2005-06,Central,1.9361266335186527,3.5030114791000355,2.596034840594767,2.9382289170279687,0.5234538840399532,4.4725656972720715,2.1881026306852047,2.521190649957618,2.118522621357079,2.8312028865642707,0.9435918856393982,2.976939928444511,5.12959246513437,3.807487310975588,1.6987788684791498,0.0,0.0,1.993966322585536e-05,0.0,0.0
1131000411,2005-06,Central,2.9112387025195896,6.332948316711803,3.690267264209679,4.039681382630029,0.645848503701537,4.77140380302018,2.9715751801594217,3.9535360395577297,3.162574305185725,4.071182616668184,1.4359935062075975,5.118845494751677,7.586682152205314,7.1390032026248536,2.8585477893114,0.0,0.0,2.961995066996933e-05,0.0,0.0
1131000413,2005-06,Central,2.892922761969038,5.252454070688272,3.472908856440447,4.200452134786647,0.8527762391454347,6.608532995733312,4.550296477954555,3.8371674723526685,3.0436384634273446,3.7569877952219914,1.2723375816898672,5.794872326164295,7.145797697255423,4.923770740282488,2.2178754175108253,0.0,0.0,3.674616973669058e-05,0.0,0.0
1131000414,2005-06,Central,1.5697296352189787,2.7395613150894236,1.9624225725240152,2.1548562498647907,0.4608024053763639,3.5430856471514107,1.7120031872468666,1.9946373047282813,1.627432053296502,2.211781709960673,0.7534712907632203,2.5986043105985983,4.243642520191059,2.864495298492143,1.3073137970730435,0.0,0.0,2.104755346081607e-05,0.0,0.0
1131000415,2005-06,Central,2.6381418481843344,5.533901032539045,3.2784660881832575,4.115893065305156,0.7488666390393087,5.141899272166103,3.167866256353001,3.741039845393005,2.993953819547742,3.8977243499266856,1.3133958039333824,5.23559345672944,7.888059388442243,5.81934254436134,2.382798640877581,0.0,0.0,3.3739789669714435e-05,0.0,0.0
1131000604,2005-06,Central,3.736334361608156,6.896837929075864,4.848393309251263,5.1988753564884,0.9539286292599692,7.819110452903355,3.7697069083318264,5.00094948097739,4.096633089770315,4.938243531322283,1.6375374118366355,6.1209589274624605,8.906603691780239,7.116614993424357,3.1897514259677004,0.0,0.0,2.927842325239793e-05,0.0,0.0
1131000605,2005-06,Central,4.160407071608533,8.54454839551693,5.153755491653416,5.7045594000562785,0.933925344521944,6.767962562627252,4.753331291437102,5.526504999423344,4.3782946218743355,5.238297232325672,1.8515795471796426,7.595708252515423,9.593385909527937,8.917770060585973,3.673180605917363,0.0,0.0,3.262755735018363e-05,0.0,0.0
1131000606,2005-06,Central,2.082329749695408,4.467714437563005,2.6426103097535862,3.3568885514750106,0.4939879283344844,4.159178687664867,2.65595522879366,2.8225096721168863,2.5654532965290175,2.9470314721173634,1.1268736248279014,4.1042531125318735,5.814378657786915,5.196350972030073,1.7865371793076708,0.0,0.0,2.2836304628265422e-05,0.0,0.0
1131000608,2005-06,Central,1.7990418645269088,3.130166064419866,2.299916466068072,2.508274963698823,0.5384782402452787,4.513346640827626,2.00852085136863,2.4027653339020527,1.7880232932939542,2.5188839216081513,0.790950637098255,2.8841140194162658,4.767234837219022,3.460230090632289,1.4528621998504636,0.0,0.0,2.032427943929614e-05,0.0,0.0
1131000609,2005-06,Central,2.342493141732251,3.924666885415141,3.215344870367398,3.726731258678902,0.6676838834393173,5.56905232400998,2.724513097247741,2.987868545195749,2.398525259873899,3.3562201112285184,1.0283172372835525,3.336399563950258,5.808957190912733,4.312734348945723,1.9068707211682363,0.0,0.0,2.1347482472192492e-05,0.0,0.0
1131000610,2005-06,Central,3.047787070122976,5.456119395978502,3.918105339108814,4.603834264340446,0.8945196057474566,7.5532801105207135,3.909935012091137,4.109821650312513,3.2148975864370324,4.2433523910680035,1.190554296003512,5.373396095607962,7.804733878925124,5.777080409146638,2.4367474213364284,0.0,0.0,2.336141060400469e-05,0.0,0.0
1131000611,2005-06,Central,3.9839980485595876,6.896046413555522,4.71777623329119,5.793123129390049,1.5605871406852085,10.404701291419013,7.2527464203813565,5.528623797115299,4.025146695330763,5.248054840150676,1.6365963614177974,8.268767186231852,10.015250463099312,5.932962837099469,3.0545545791785957,0.0,0.0,6.0375683952380595e-05,0.0,0.0
1131000612,2005-06,Central,3.565599859316477,6.542423807176833,4.425153122498292,4.871711533851399,0.8735299336436533,7.676693579650463,4.189543443690144,4.634047851263862,3.719788472983601,4.673587844362082,1.4699992541125935,6.449580393947535,8.343344409047955,6.612712203540611,2.851026121007782,0.0,0.0,3.4472958288013176e-05,0.0,0.0
1131000613,2005-06,Central,2.4941826225929224,5.197550194204158,3.1068165172773305,3.8804841283022737,0.7068705811208057,4.883535340281882,2.996332045563874,3.5151436983903133,2.822879899314665,3.699613205911125,1.2574460023289846,4.886215588393061,7.467776034108721,5.508298083712668,2.2565516719720833,0.0,0.0,3.2944669991895177e-05,0.0,0.0
1131000701,2005-06,Central,2.8315401857566043,5.635315498612183,3.4944799004117377,4.308438356117516,0.7929142509759203,6.018276051063645,3.4671776463571207,3.9722102930541316,3.0479460148714552,4.005626608314859,1.2241934244965085,5.6104185145396555,8.061380179720334,5.979133958209055,2.3314128068614672,0.0,0.0,3.183409818777357e-05,0.0,0.0
1131000702,2005-06,Central,2.627869205295789,4.810526333900567,3.2337417702847997,3.635790347662044,0.8479501048177709,6.329489803232103,2.6238952966078655,3.573581572740074,2.9337091483191364,3.3823436280028956,1.2045252135244535,4.953055953983548,6.506096021665685,4.534796115269637,2.1879677710937533,0.0,0.0,2.638596377099504e-05,0.0,0.0
1131000703,2005-06,Central,1.8253506147353005,2.9461619528113188,2.5306224991432584,2.8151566337752216,0.5021944642874148,4.42152154730881,2.4614341526019405,2.255156676975635,1.7652209815749167,2.8258341557086,0.8739405783126247,2.1327552030701726,4.798907601753911,3.751284530435344,1.5930813012396654,0.0,0.0,1.950610754984919e-05,0.0,0.0
1131000704,2005-06,Central,2.8930027966591725,4.873147201049527,3.5722202269738994,4.081862598719832,0.8756142090757719,6.864425325591428,4.605610862285555,3.7170851255432753,2.851144028308693,3.6655193086970264,1.1681359380565286,5.505950773548795,6.31802932104449,4.440674688711721,2.137006270035665,0.0,0.0,3.212315673657037e-05,0.0,0.0
1131000705,2005-06,Central,1.732079380156232,3.52084463089545,2.346420007657737,2.8761644304927745,0.3913020216549455,3.298666966073869,1.7715838541734668,2.224590430592334,1.9231059549036125,2.5426178650312194,0.8438946246772927,2.8516319841276885,4.724788134976133,3.646511898367513,1.470641401862346,0.0,0.0,1.7989796447550858e-05,0.0,0.0
1131000706,2005-06,Central,3.3462497046351736,7.552097370251146,4.151763386239269,5.087500419401651,0.7630467576908718,5.456193474425428,3.850110357702353,4.550962599955183,3.758671761587848,4.539634043846011,1.8449818329511185,6.393852552064142,8.875734726276002,8.881847297105324,3.0488295239028576,0.0,0.0,4.144570073203854e-05,0.0,0.0
1131000707,2005-06,Central,2.8980198546608222,5.459996491143324,3.8880992225794824,5.396131487211561,0.8135978145638866,6.232046791118175,3.466927138215138,3.788297945714055,2.744505276685313,4.280644620143767,1.1068628865109145,4.4930682696195445,6.997293501043965,4.4708177960410564,2.4154202662840274,0.0,0.0,1.833390788955196e-05,0.0,0.0
1131000709,2005-06,Central,8.188299882358816,26.993051481027692,9.9230279058958,15.332246215260644,2.0544741490807237,13.503320855565613,7.65479271412313,14.690233670136758,11.907965791287761,13.50254653533978,4.720431657214459,22.396001984150548,28.829343568690252,27.995388654196386,8.71304184398234,0.0,0.0,8.325613289608261e-05,0.0,0.0
1131000710,2005-06,Central,2.1336768706158424,3.7261062551372888,2.895093766181331,3.390392686398709,0.6584596792891799,5.427447125006885,2.20369110818434,2.7624002631665494,2.3458851435978074,3.229121442814503,0.9855321200823324,3.1141495237715757,5.928872365445376,4.114400653092146,1.8565793402840682,0.0,0.0,2.098184017031851e-05,0.0,0.0
1133000801,2005-06,Central,1.9578309743336213,3.209937411239153,2.5213860296227497,2.4899122339638664,0.5428930424863245,4.81516220120322,1.8653427841428891,2.4361061650013696,2.0731903976703756,2.6173171460208615,0.9662566609434269,2.8314393960933413,4.639577299544351,3.6217000554719045,1.716686535572137,0.0,0.0,2.1882564481174997e-05,0.0,0.0
1133000804,2005-06,Central,1.9574552102136624,3.6487160777709784,2.48225222656285,2.936383230915741,0.5573008516956885,4.261264978554474,2.8273850283273148,2.6422553012171623,2.0941952174858995,2.865829737343669,0.9999207105046499,3.3537586656929537,5.568196632960095,4.319967004142086,1.6918849964829334,0.0,0.0,2.8603759029210958e-05,0.0,0.0
1133000805,2005-06,Central,2.0331609874403442,4.424104986362536,2.529032181012753,3.0305561498916065,0.5287289156476427,3.5712536464466385,2.453364930694609,2.8865910712531604,2.161577375379304,2.865639038530294,1.0003438958627222,3.9946548619798565,5.876290344062184,5.030546396846813,1.843354432019886,0.0,0.0,2.529135324050075e-05,0.0,0.0
1133000806,2005-06,Central,1.1396837603573473,2.1473960316029244,1.473856159749813,1.6804336347176054,0.29585872643306826,2.336133348457834,1.5246489906069798,1.4789818619688915,1.2035195223649282,1.6859256560181988,0.6480345529531072,1.8234757386612357,3.304428818164404,2.8098518101168204,1.001335252685938,0.0,0.0,1.8353975705589926e-05,0.0,0.0
1133000807,2005-06,Central,1.8187623511943696,3.3628283683755984,2.232592220781347,2.6497006130845815,0.5043228125253983,4.014696257201209,2.454480317720572,2.4011094625673333,1.8447576421908392,2.4757451304618514,0.8241748684693239,3.391375648212596,4.797047267218895,3.6339132495220063,1.4397767924916671,0.0,0.0,2.5394823211625486e-05,0.0,0.0
1133000808,2005-06,Central,0.8799507242848641,1.4038253649594845,1.1593540424621094,1.208574406141423,0.2253046539486832,2.1675293854086877,0.9143937080461121,1.0319780401404464,0.8286028004841925,1.2519152607116344,0.47273353500060317,1.1379483704793085,2.261175969747545,1.842392148067741,0.7034928801350463,0.0,0.0,1.395240512822147e-05,0.0,0.0
1133000810,2005-06,Central,2.4654018499885018,4.695280370799074,3.336239781262915,4.121789917908403,0.67243718519299,5.420531992614964,2.8178430237494605,3.290029609454724,2.7469927646228496,3.6630221228307254,1.073799095780262,4.0392010042358155,6.749516419159521,4.778725754561134,2.111398063224319,0.0,0.0,1.9463718869382847e-05,0.0,0.0
1133001001,2005-06,Central,5.762834215362759,10.415913179467013,7.179497290981689,7.565792125538146,1.38334767424403,11.925783275816801,8.247967313316257,7.60707684246541,6.054669165644847,7.119486341657978,2.3452972558588567,10.096553400467714,12.072361188066349,10.35468374254,4.63775980358062,0.0,0.0,4.471129631292582e-05,0.0,0.0
1133001002,2005-06,Central,6.073002754599889,9.330776741775077,7.262523271210894,6.438269905102414,1.4124866841700274,11.652517722343914,8.075961716952715,7.017891305201056,5.3299392786433275,6.4114547719024815,2.272834756211387,9.351327230958933,9.726336104628214,7.877201623837841,4.684402540682238,0.0,0.0,6.058086076891027e-05,0.0,0.0
1133001003,2005-06,Central,1.429011456203358,2.5425641794624996,1.9407696108490644,2.1691791290125546,0.42576410547947074,3.3440912403320144,1.7588994381771679,1.8894192440724829,1.4850080859145909,2.218810031797387,0.8366951618645043,1.896848235504979,4.207344328139704,3.2193626552618397,1.3310485558461984,0.0,0.0,1.9204862896765158e-05,0.0,0.0
1133001004,2005-06,Central,2.4701726934700408,5.141622002898949,3.078185441213074,3.84123918378373,0.6998768607731652,4.840341580473444,2.967732850018926,3.4776086511352413,2.7943995647800755,3.6665049134556043,1.2480836307806207,4.828234784784208,7.3976436640476,5.456383820267848,2.2354587590897066,0.0,0.0,3.280902971794314e-05,0.0,0.0
1133001006,2005-06,Central,2.8593575542050065,5.824523040593345,3.543546853338312,4.330071733038304,0.7000955383549015,5.5837941591265245,3.580709958655411,3.876301380445115,3.1234848312444967,3.721780691198844,1.3258062996495883,5.669032942075445,7.273977164473976,6.269033426227786,2.299334193042802,0.0,0.0,2.903234210309243e-05,0.0,0.0
1133001007,2005-06,Central,4.908046182565592,10.324056343320368,5.878308019818536,7.398842472620408,1.3987628876999447,9.245745451771388,6.764823796500951,7.195492324387863,5.395816569473598,6.334167346041215,2.0212624195868223,11.012735841075969,12.725382490308363,9.59909586800334,3.957735334360178,0.0,0.0,4.106106473364697e-05,0.0,0.0
1133001008,2005-06,Central,3.6721159982398337,7.117574130009031,4.659648659845888,5.228847614558407,0.8557152178121434,7.41772209602827,4.523326706023391,4.86958966195356,4.166827694327751,5.024416496534752,1.7029872046562515,6.427714198145624,8.927320066332395,7.695810282199126,3.1699097328127217,0.0,0.0,3.222993790166445e-05,0.0,0.0
1133001009,2005-06,Central,2.769711067148666,6.023549548210714,3.6755184120149806,4.631718588800492,0.6443949021927098,4.875193105984419,2.7587484139219898,3.8556307890495765,3.0369925017188453,3.930279906238947,1.3204339099247557,4.812893674999916,7.758434744480937,6.530423641730548,2.3341473404807513,0.0,0.0,2.6397311921393315e-05,0.0,0.0
1133001010,2005-06,Central,2.0369240864404996,3.9991395544553563,2.754125987249248,3.5640232335228004,0.624782726618402,4.934926610446841,2.8921973967259214,2.8878589987466667,2.319804268496133,3.212341747112151,1.0230580575389194,3.526149629100762,6.1100281461980375,4.306915826833206,1.7950013285408077,0.0,0.0,2.4160531607507248e-05,0.0,0.0
1133001202,2005-06,Central,2.5625073786290047,4.317454796714791,3.1983268795731865,3.3711658438679883,0.5933885688971362,5.448198754286644,2.7757997118999005,3.1012511347646554,2.419228166624766,3.297294579322052,1.0388884684817143,3.9432409431289916,5.802853240634116,4.825756685499326,2.00842905719008,0.0,0.0,2.0619270551814747e-05,0.0,0.0
1133001203,2005-06,Central,2.5483571631717217,4.344416379389286,3.2110641955484955,3.2116593180349753,0.7253268287791523,5.968278874461412,2.134972911925412,3.269067353840104,2.6335351351034837,3.2429238630366495,1.0667255004907599,4.070669335859761,5.980900309020978,4.033788357834283,2.0889350184146425,0.0,0.0,2.0503594812886676e-05,0.0,0.0
1133001204,2005-06,Central,2.5232274089140905,4.7908170132591685,3.3211242126689826,3.8751632071964837,0.7325759234586591,5.9218732767160125,2.4845173347844804,3.4174688496951373,2.846295026228136,3.495343195730607,1.0698466269225138,4.389627658762976,6.741744105980797,4.6331042886206,2.1306481642663457,0.0,0.0,1.6629613563232132e-05,0.0,0.0
1133001206,2005-06,Central,2.507770733229247,5.169718289511074,3.209786292413114,4.134779493887644,0.6303178704479336,4.925414081853309,2.823584069678439,3.3880850062425005,2.8605151934597375,3.58805562966303,1.1671581442450019,4.691460931829778,7.133390776721451,5.467343360753022,2.088234731425666,0.0,0.0,2.3231909624229118e-05,0.0,0.0
1133001207,2005-06,Central,3.2708239796562535,6.750492301999454,4.152346894866707,4.981330030064155,0.8695977133812078,6.498238510574551,4.516815105341121,4.71314082712112,3.5232151494504844,4.499215838773398,1.3734722356163542,6.405137402530668,8.500251177688172,7.09584678791556,2.8245169389716627,0.0,0.0,2.5740269125899345e-05,0.0,0.0
1133001208,2005-06,Central,5.3064308241645834,9.461654648622803,6.25033555952968,7.776397156281498,2.094289562760605,13.548453920919458,9.673048871873531,7.5976815259482935,5.4364366178338255,6.867854261155622,2.0768378136555374,11.59317515028498,13.256911702992317,7.860384598517947,4.0308039656963786,0.0,0.0,6.775417505543036e-05,0.0,0.0
1133001209,2005-06,Central,2.6335613361625207,4.196079697950728,3.1744724840495775,3.2804184176483626,0.6505426727276795,5.717130753641652,3.7787817620410467,3.064204963633339,2.5200347991542515,3.1764582763788556,1.0155144875017827,4.444132612774764,5.241392408293775,3.8846992144822354,1.9961620590391935,0.0,0.0,2.3012842753634394e-05,0.0,0.0
1133001210,2005-06,Central,2.3359527265614592,4.414145616567297,3.1826303086478096,3.8091370928244,0.6165828962065405,4.886362338901527,2.33938107131959,3.0944803536846406,2.4144249772488378,3.309848476242247,0.9936555224691161,3.7277278608731517,5.927187511245869,4.1044563916305945,1.9352747185985129,0.0,0.0,1.9086340527194777e-05,0.0,0.0
1133001211,2005-06,Central,4.093268500402295,7.373521606993074,4.941192552588858,6.019762453934802,1.2759462634880605,9.536751978601806,5.1379520473375155,5.61519919523811,4.452986746230973,5.435935038332178,1.531385496867488,7.861039153052285,10.55709604937935,6.956539244158075,3.119775607826477,0.0,0.0,2.7046147664444543e-05,0.0,0.0
1133001212,2005-06,Central,2.8807267491182236,5.228022742935907,3.458658859977685,4.182220427762525,0.8490944551088225,6.582867477892815,4.531073147449643,3.8192313570347993,3.030209384289191,3.7421389940410985,1.267978020707035,5.76596701602406,7.116572045171372,4.903481164259014,2.2088055252782337,0.0,0.0,3.6682933494966235e-05,0.0,0.0
1133001402,2005-06,Central,4.454206351470337,7.811449214663123,5.390232145913481,5.492443667543226,1.0043421320851726,8.553249478497273,5.94506344422079,5.470355899667545,4.430185541794694,5.127236442405088,1.8073164464613316,7.880251877848618,8.581276117651095,7.146765271109442,3.421316537938916,0.0,0.0,3.9283194505272826e-05,0.0,0.0
1133001404,2005-06,Central,2.513911767844121,4.9623799074873975,3.165873597196032,3.886985383101769,0.65082930800066,4.728498712829025,3.002939017543047,3.342402976616489,2.7209697617655313,3.4499146366206395,1.2274547752040084,4.543613713244421,6.725185282044373,5.1151899874646665,2.103853778812805,0.0,0.0,2.7718844066029576e-05,0.0,0.0
1133001405,2005-06,Central,2.0924061636355047,3.6674288801381465,2.734605211933693,2.8932815547375705,0.6139351445657234,5.067424754859974,2.2681983051261914,2.776730396730453,2.1992331201014017,2.9321923309997278,0.9705211311428125,3.2474598980876577,5.403952099552134,4.145798601622951,1.8492196031683963,0.0,0.0,2.0915480534084203e-05,0.0,0.0
1133001406,2005-06,Central,1.3648443661306862,2.295727405778733,1.718655028280813,1.8228702342407288,0.3719825684844048,3.3939252722682736,1.3946112845818626,1.6667926096874637,1.3443022789076968,1.839521028586604,0.6082750869897195,2.178110872146619,3.296903079421826,2.283185932568773,1.075676161376326,0.0,0.0,1.4931779922432924e-05,0.0,0.0
1133001407,2005-06,Central,1.8240891825584529,3.431778918175599,2.440764903128349,3.1371619752941595,0.48222043733161063,3.7912094351197494,2.254094290528862,2.399223055222312,1.9710130362999736,2.8099287303872895,0.8617567358444229,2.730961851010506,5.4825147005758295,4.062869202231351,1.5534526206261046,0.0,0.0,1.7041194053513874e-05,0.0,0.0
1133001408,2005-06,Central,2.3260207329782596,4.459457519161253,3.114635944867684,3.562713224416375,0.6168783904058488,5.172283475409106,2.5364505998343403,3.211292489958246,2.319651266501756,3.4100911253725865,1.0032161120680159,3.664251141493036,6.381413954167058,4.887878710772199,1.9864580090984987,0.0,0.0,1.9534877931111242e-05,0.0,0.0
1133001409,2005-06,Central,3.3333197579909215,6.059412680097543,4.185160536731591,4.800704993757494,0.9388127464236476,7.4917129057712994,3.811868250496917,4.5200636767210725,3.32762748638074,4.251657906400997,1.2557362812975505,6.316354268843093,7.713438682360865,5.400990476289198,2.492099688394174,0.0,0.0,2.7474457457200645e-05,0.0,0.0
1133001410,2005-06,Central,1.6281532495455275,2.8351791988589845,2.214976962567924,2.28962459581114,0.398156449207286,3.441153238519472,1.4506124690342186,2.0014131641395614,1.6919319297565862,2.2117731172175144,0.9451757081712515,2.1568690285596412,4.273782288459917,3.053611533635797,1.3821205191181427,0.0,0.0,1.4957325561226653e-05,0.0,0.0
1133001411,2005-06,Central,1.6912117993088767,2.7462996885853763,2.1857048816534324,2.398940789459732,0.47092716549492175,4.483883805373562,2.5811463283070992,2.1143361396780014,1.6552008179799507,2.3877228598615687,0.7647894001221568,2.5666217479388935,4.155964672299255,3.1753392808354275,1.3521641215257898,0.0,0.0,2.256892794232301e-05,0.0,0.0
1133001601,2005-06,Central,3.146210010311457,5.761532327297621,3.7691419252434515,4.579046601089352,0.9293730894344316,7.1401009361741306,4.949942955305927,4.21143292648502,3.323194740566315,4.064709971158244,1.3626020475646572,6.3981149932394805,7.752131775262431,5.345003283441004,2.4057532419973375,0.0,0.0,3.801971965044642e-05,0.0,0.0
1133001603,2005-06,Central,1.255673441957649,2.088332631836184,1.5507629615266172,1.7931351466604382,0.35536680066749604,3.2869875857990536,1.7757670917030794,1.557050482136915,1.2152128997837661,1.7188364422940625,0.5731323013357194,2.128875819232586,3.199663840149658,2.3532077566756318,0.9356546629491986,0.0,0.0,2.1539667900382582e-05,0.0,0.0
1133001604,2005-06,Central,1.5220918594219952,3.134277351874805,1.9012143776832147,2.3243941150188863,0.36502551606391176,2.889457356823319,1.8615830824820523,2.0098679587619652,1.6471656511589658,2.045487739517402,0.7901050301471523,2.9028553713350487,4.047332379155715,3.591353757487633,1.2772276950793442,0.0,0.0,1.927966974670779e-05,0.0,0.0
1133001605,2005-06,Central,3.4557208614747683,5.903384468984032,4.199612830304553,4.225191330390068,0.7717693931215642,6.761801647578784,4.597196711212871,4.1244538305430325,3.389633598833655,4.031679311042082,1.4664012832066826,5.848501753023512,6.709183558432607,5.574440232964493,2.6733869813051223,0.0,0.0,3.5428074653115395e-05,0.0,0.0
1133001607,2005-06,Central,2.0077678128736456,3.60566464041328,2.6038277417482947,3.0662268490439284,0.5969636841734912,4.874159130130615,2.415361605746766,2.6610466264574955,2.026503559134879,2.7876077862609527,0.8438213740378561,3.3939601807967916,4.925631970566677,3.407406000772058,1.6346202965536476,0.0,0.0,1.737314989825226e-05,0.0,0.0
1133001609,2005-06,Central,4.5911308291642206,7.4522893118236615,5.834710823800422,5.848213906351386,1.168699574016718,10.390018407163538,3.7755874126875857,5.7958173625431115,4.805505857264514,6.296729347009226,2.0447958306060947,6.5413410241100305,10.504148137501794,8.170607972443618,3.6034288150292575,0.0,0.0,6.025066375173883e-05,0.0,0.0
1133001610,2005-06,Central,1.9000432400639264,3.3785028100565495,2.523928233537018,2.827759491434536,0.5577509151336669,4.6846627075566545,2.130251748539242,2.4965111981178136,2.04343953882181,2.6525977617930114,0.9143903635389348,3.1518316753436326,4.881777827239693,3.5134458982377614,1.5954226596728665,0.0,0.0,1.955501367878059e-05,0.0,0.0
1133001611,2005-06,Central,1.132656828358855,1.917594942226994,1.4918573093256564,1.6566522861188517,0.30318060757630305,2.6840085353990895,1.225277694675542,1.358584262342491,1.1217590378425846,1.6157415820777938,0.5754707094715982,1.625490181128489,2.9046421411256045,2.0768302639085956,0.9324255427485308,0.0,0.0,1.403160277457915e-05,0.0,0.0
1133001901,2005-06,Central,2.370401341251896,4.909760875086809,2.9591968344030604,3.6782186945460307,0.6708479357342343,4.660521175537493,2.848919022091186,3.3220804282544765,2.676215322640962,3.528710517631055,1.2090779088500678,4.588233957537433,7.106099229086828,5.240535867143929,2.1476928302286873,0.0,0.0,3.223555850963149e-05,0.0,0.0
1133001902,2005-06,Central,4.229494124669728,7.422073602042842,5.271686585181447,5.4931301105881065,1.0009064534804253,8.93224030332122,6.0242057859841776,5.399355281723351,4.35903100728365,5.310489070742291,1.8112981878339933,7.037992235796191,8.917751807367425,7.641484854180421,3.439897970551635,0.0,0.0,3.9477516121060815e-05,0.0,0.0
1133001903,2005-06,Central,1.8180910807717678,3.273290000223042,2.4502037705938,2.805328431842867,0.4392807405860622,3.6468202424008203,2.072365096635011,2.294714717621104,1.8891204242141548,2.620348794584084,0.8770665191173357,2.6221178288870286,4.672472767451809,3.4843623004313713,1.5154727922077575,0.0,0.0,1.9406792336043412e-05,0.0,0.0
1133001904,2005-06,Central,3.370048354499186,6.942181209627108,4.145800110110119,5.20270435447469,0.9063904793687287,6.643084438871859,4.119787627442338,4.837554757400373,3.5695042879783894,4.487267309931323,1.3534291305811144,6.979629376060088,8.92399202570721,6.7686176688139055,2.649256099585044,0.0,0.0,3.0227033140800868e-05,0.0,0.0
1133001907,2005-06,Central,1.6000537540016428,2.963758552391835,1.9910164989465848,2.315074058779915,0.4418060428160459,3.2968242540533312,2.2060212288796572,2.0640175640886604,1.665667113334234,2.2189303076965925,0.8263159798099187,2.8574164157859756,4.282091910113363,3.2291595116043945,1.3355059837908763,0.0,0.0,2.589633593213685e-05,0.0,0.0
1133001909,2005-06,Central,2.3106507946113957,4.1927001107268245,2.9933747988202066,3.3645374137550763,0.5889146105048292,5.111298400072164,2.5728752754634314,3.0195595782179514,2.450856270827135,3.1060377457423662,1.014173498361089,3.8343206749665475,5.678832904246543,4.552871061312404,1.8828139320679167,0.0,0.0,2.1177495090766866e-05,0.0,0.0
1133001911,2005-06,Central,2.7969637982047355,5.273502549885951,3.6030462352913455,4.284843040074737,0.7296343630604262,5.894451868944055,3.5760626650402965,3.727236213036612,2.849311634359526,3.7874629434624634,1.1775004378978744,4.940908303625696,6.812991630345148,5.2557519118728875,2.26450981781838,0.0,0.0,2.4966448478188967e-05,0.0,0.0
1133001912,2005-06,Central,2.177241156787741,4.212577726634469,2.7148769995542055,3.1316979237244076,0.6113938729653916,4.368535195179423,2.321373350280367,2.9270103968783996,2.3534317903825244,2.956430080195164,1.083709583957285,3.882210806936272,5.825531679087839,4.5027672656034206,1.9150827444250407,0.0,0.0,2.4482538852732848e-05,0.0,0.0
1133002101,2005-06,Central,2.4501245360617236,4.704734960908516,3.124877458858792,3.6939017442557787,0.6634454947906036,5.41249535320166,2.5655957436180463,3.2836910364323084,2.888537492770431,3.530493928300886,1.1890599167603368,4.330206643926912,6.9935407315973,5.071421917521706,2.102638929259681,0.0,0.0,2.3806771001549743e-05,0.0,0.0
1133002103,2005-06,Central,2.448991378872239,4.961132350648316,3.058954170452862,3.765010339932908,0.6826691388435578,5.230642537740077,2.5773791703047007,3.331774474280126,2.988178126834982,3.42689314921808,1.2075216643204143,4.881444424075771,6.8216164158585295,4.9063479984713405,2.1102916371196723,0.0,0.0,2.3800644299939836e-05,0.0,0.0
1133002104,2005-06,Central,3.1687596143120946,6.194309260845731,4.302196755964257,5.133597164375568,0.8555464557306836,6.790992684655774,3.4732402102369915,4.3939085622488845,3.5823575145602753,4.585610179829271,1.3867618411158391,5.2943790750948825,8.491711128621077,6.328166441276147,2.747670064118241,0.0,0.0,2.3542139981344813e-05,0.0,0.0
1133002106,2005-06,Central,2.067528473554871,3.7092531097432366,2.663152228389133,2.767229588366222,0.5727300144457547,4.703830975756347,2.0060685110551475,2.691696688162308,2.168835046073398,2.8555700259249375,0.9548149320960945,3.325656229643286,5.2329329176544865,3.7734323624742365,1.8217616087308386,0.0,0.0,2.113659574738237e-05,0.0,0.0
1133002107,2005-06,Central,3.130612344528558,5.840561397071841,4.016796324383786,4.274900446279462,0.7869568970065601,6.013191809334454,2.8792875808479867,4.013313098019556,3.417553425223037,4.072152596736638,1.5673350433969542,4.8693234019636416,7.679140322723563,6.433357873615145,2.856299717419177,0.0,0.0,2.3432390689854128e-05,0.0,0.0
1133002108,2005-06,Central,1.8394258091130942,3.1681127256996526,2.4114785336736326,2.667458865154459,0.4975586857138445,4.330597608240879,2.0637752052790597,2.3107382591087653,1.9743461230501749,2.6425159198788943,0.8944303664380775,2.9042431580492782,4.83172722502851,3.444950109042871,1.52045235744224,0.0,0.0,2.035852108142058e-05,0.0,0.0
1133002109,2005-06,Central,2.4874646074700064,4.262670336167987,3.075844414379174,3.111442124080384,0.6382948559811708,5.424766929130521,2.530963097457417,3.056952635432696,2.57386498155242,3.060235290126606,1.14296927876479,4.131003621683035,5.291297879264896,4.11804517552331,2.0633408278763046,0.0,0.0,2.6711251536388248e-05,0.0,0.0
1133002110,2005-06,Central,4.390473858955156,8.727134183578425,5.67440193706806,6.699390083449304,1.0689538629574655,9.208431258004088,5.244195943090223,6.053521803200953,5.114095125706639,6.123205564264227,1.8283326287615322,8.189476978210921,11.559717054901997,9.665291153412694,3.607380720410425,0.0,0.0,2.99064251524581e-05,0.0,0.0
1133002302,2005-06,Central,7.093780200328891,11.080807644870522,8.466218083220959,7.5601777360157305,1.6597409708998245,13.452054978094644,9.452980510703089,8.342951294574048,6.280203892502778,7.42725589440348,2.586978695994638,11.229971513558326,11.321290402395006,9.175484493165998,5.447990254804934,0.0,0.0,6.451893084176747e-05,0.0,0.0
1133002303,2005-06,Central,1.7757336456253439,3.2488081840748504,2.1396366857190454,2.5894009198287553,0.4393427799697888,3.890798583012339,2.103602935001572,2.217966757651917,1.7609224925066234,2.4272489555486008,0.6706237542711777,3.335081248507516,4.337346307797271,3.3091070861748375,1.3827158548127492,0.0,0.0,1.4965265117743468e-05,0.0,0.0
1133002304,2005-06,Central,4.4421633186965765,7.669881789096027,5.229004108180861,6.439167805686909,1.700245135099206,11.394111075860495,7.952429950851619,6.165289303842891,4.524469659232785,5.707666712784839,1.6569491978614421,9.342135989189776,10.992582424304114,6.520522981236467,3.2678310538722157,0.0,0.0,4.5951149507029696e-05,0.0,0.0
1133002305,2005-06,Central,4.10949279671436,7.0145922394365,5.074923310270625,5.5496765852146,1.2939276858208668,10.10405251840606,6.829077677662361,5.468585167620138,4.082204148400416,5.222689079006507,1.6228632788853383,7.558881370493246,8.81813005825701,6.14339488604993,3.2811813302840656,0.0,0.0,4.2380145393320604e-05,0.0,0.0
1133002307,2005-06,Central,4.348263678767045,9.762646260179158,5.360651761614582,7.016843224603097,1.103953096299119,9.563561289826325,6.629889826407776,6.54175608818074,5.246528392858551,6.38621499727837,2.3114896532975906,9.087394051487005,12.08717359852921,11.175538472987926,3.830533673503909,0.0,0.0,5.94470779273675e-05,0.0,0.0
1133002308,2005-06,Central,2.8506894356487633,5.670832433940059,3.7722343095674016,4.534011011924355,0.8059230410828443,6.33551711779364,3.0395116849798822,4.038857918103371,3.289669402789256,4.160511425179722,1.3529145365371325,4.987999749899683,8.124987115767414,5.918210223346594,2.479697149641102,0.0,0.0,2.6585324845505733e-05,0.0,0.0
1133002310,2005-06,Central,8.917892764740078,15.558160572219778,11.27714075905539,11.621802486611593,2.3251088775564477,19.242735587610422,7.3926931069932715,12.116989571365869,9.681795633123292,11.787176118179435,3.5449991087689527,14.528446946835176,20.21472993896539,15.815739912403213,6.8809742350905605,0.0,0.0,7.901806555250985e-05,0.0,0.0
1133002311,2005-06,Central,1.8857544046567,3.5921265186832443,2.4229366900692697,2.562650136083885,0.40962209436245306,3.3184167095009096,2.042279059746371,2.329560812060358,1.931169775912251,2.500071113627994,0.9554317385311161,3.008593088719963,4.475701325065733,3.8882478913465426,1.6256024892928589,0.0,0.0,2.2852120933192324e-05,0.0,0.0
1133002501,2005-06,Central,3.639156929619953,7.724639837334012,4.656953862059755,6.0087324175730945,1.1276644432802871,7.977758049360976,5.541326393050786,5.575624785342873,4.177738989654268,5.36780241873514,1.7146558312219904,7.450909403850114,10.716334818505421,8.351246537810281,3.257302307675235,0.0,0.0,3.864272518707835e-05,0.0,0.0
1133002502,2005-06,Central,2.3646348864068725,4.488510738333152,3.400355623132559,4.226598172487777,0.6928546651531514,5.616932188967414,2.480505559722177,3.189865912307611,2.600406035882465,3.6202377051991257,1.0194967045295844,3.476618605668724,6.792121039418367,4.587552267033796,2.0618508284898187,0.0,0.0,1.6069066218009417e-05,0.0,0.0
1133002503,2005-06,Central,3.068409686803058,6.097777255258186,4.011791776966662,5.062816416859435,0.8590456764979291,6.311750357710396,3.167853370773039,4.3268104818760955,3.464948296491322,4.281373544949373,1.2507129326069857,5.456868033536692,8.314641868889314,5.676900431891938,2.513665443352792,0.0,0.0,2.0687716573576325e-05,0.0,0.0
1133002504,2005-06,Central,4.06980453801475,7.640790192130477,4.85472632610704,5.958448749731324,1.2106917374163437,9.059022332620646,6.414132883580999,5.601444785317753,4.352327292926429,5.17808753683872,1.6882458091546966,8.636829895501409,9.953961645361133,6.879971897808092,3.0835746368915067,0.0,0.0,4.2135304196895235e-05,0.0,0.0
1133002505,2005-06,Central,3.3383870557215936,6.163809646656652,4.40396211378519,4.908136977952308,0.9961529986510209,8.081417134844243,3.6278154536581755,4.6030977426068995,3.806882498727597,4.619812232725744,1.4577690746248972,5.773205527357057,8.643967093441882,6.437397714148264,2.8880446327421425,0.0,0.0,2.4462348003548772e-05,0.0,0.0
1133002506,2005-06,Central,1.0840870006949725,1.7013083279566819,1.4234152069593229,1.4447725578743404,0.3169532141575241,2.816133597266379,1.255029304513319,1.3158865555427257,1.064596933676173,1.57894287392544,0.553358462028777,1.4272286219497736,2.8310967539781458,2.1232187823509765,0.9309504951553991,0.0,0.0,1.475282566268994e-05,0.0,0.0
1133002507,2005-06,Central,2.535615885653804,5.11804918760516,3.295652816126183,4.08016102534516,0.6934505509018005,5.245257151184471,2.8116210842487224,3.6302286955655108,2.759015942082336,3.5416610071871992,1.0884708703198778,4.611880524130119,7.016393847143335,5.385174452633528,2.0907783802714905,0.0,0.0,2.2300136894770676e-05,0.0,0.0
1133002509,2005-06,Central,2.345633090616776,4.325613003873915,2.958658760920458,3.4936036103627313,0.6348541779535956,5.184053844964042,2.7578425001458644,3.067354637750237,2.56463029773209,3.079321861894155,0.9743385691330101,4.474982510784324,5.535639655504714,4.062959361845573,1.915830109628909,0.0,0.0,1.6398564561552165e-05,0.0,0.0
1143000301,2005-06,Central,2.211068756481754,4.186791251015417,2.693475710021966,3.2460763609880727,0.6156457684750903,4.800873156180567,2.9805757691810335,2.9866173765101744,2.263626269465948,2.968822496649825,0.9590427727385489,4.306954253238169,5.796919527081903,4.38395060128371,1.7407218518423853,0.0,0.0,2.7550158674453597e-05,0.0,0.0
1143000302,2005-06,Central,3.2779815069097813,5.201457435498878,3.9595672291380244,3.9427669501441622,0.9469365244613056,7.608274264694911,3.507188348683944,4.008890127320492,3.1482589732445754,3.94161981622373,1.2691546401856169,5.424209521232722,6.8105315814490455,4.64149703775245,2.5244495509622493,0.0,0.0,3.079199750432995e-05,0.0,0.0
1143000303,2005-06,Central,2.291551875758767,4.306535444611024,2.9309300462169303,3.7071735828071697,0.7530288527894399,6.17011670812997,4.068591142647301,3.2769834069218544,2.567699894428784,3.4584176276637266,1.1703483077655716,4.264626394072697,6.506675209414672,4.639025022082751,1.9681849795524682,0.0,0.0,3.561019392459478e-05,0.0,0.0
1143000306,2005-06,Central,1.6235490411507731,2.8246703700057547,2.2236916046101802,2.3778601938504136,0.48663632955443964,3.9599451153792344,1.7666708007334926,2.153504385241815,1.6855446926707964,2.378540443373735,0.8391024380391248,2.343336934519317,4.347028306262046,3.1614924000252014,1.4279287267789065,0.0,0.0,1.982772478427707e-05,0.0,0.0
1143000308,2005-06,Central,1.6047067409908145,2.846161368994549,2.188659813897306,2.4698474393577268,0.3972168318809684,3.5017352706904172,1.8920574482983108,2.0254074218917535,1.659384309311723,2.4044860876385012,0.8812334306421504,2.2513721155703674,4.3528535450319605,3.516224958730797,1.3500485503420818,0.0,0.0,2.1233717210189128e-05,0.0,0.0
1143000309,2005-06,Central,2.248515954905,4.184577847007946,2.9073425216751456,3.432827542868741,0.5652661341853086,4.723009097603263,2.8068370267431515,2.8716000018163568,2.3349447293903896,3.1509760819925763,1.0587417567804007,3.7063682368856945,5.777444428985738,4.640938332041699,1.8978520113636423,0.0,0.0,2.1701519041771868e-05,0.0,0.0
1143000310,2005-06,Central,1.1625112903469956,1.8704380096403859,1.5911350254202328,1.849696785706795,0.3568112916512503,3.006207084917998,1.3550307070559757,1.4201062428612765,1.1557369142751088,1.747709452414648,0.57934956753282,1.4708403225493782,3.04810300421542,2.1546809005135708,0.9632567691384,0.0,0.0,1.4320449148826415e-05,0.0,0.0
1153000401,2005-06,Central,1.3544735906450835,2.2552147381257823,1.8901693455244568,2.0160026752417175,0.37693128009390847,3.2448732564988343,1.3784282008035094,1.6714248154987077,1.3598822493243887,1.9968751836969028,0.747989519338132,1.6940496238081328,3.6035873677010875,2.4218935698726614,1.144667401013418,0.0,0.0,1.5522576079707532e-05,0.0,0.0
1153000402,2005-06,Central,1.5089706497648514,2.2698775969397986,1.9743380722965995,1.998710389437036,0.4098792978439966,3.920938392556875,1.7601263993791691,1.7712315202232416,1.35477283320108,2.1045540488186307,0.6970843739619509,1.9444219755282879,3.5891889687297476,2.6509416036195836,1.181214008175973,0.0,0.0,1.6500102961944934e-05,0.0,0.0
1153000403,2005-06,Central,1.6401585698231322,2.8357699583203457,2.1388828053375843,2.4408447608508776,0.5214277126456225,4.562156040328039,2.0619329457189726,2.199803985853365,1.7273144897614443,2.3926429814839123,0.8078941030630488,2.6158445038874087,4.482685884066182,3.2994689873268026,1.3733648153254518,0.0,0.0,2.385917890443488e-05,0.0,0.0
1153000404,2005-06,Central,3.302933955888352,6.176203334308525,4.235184548466104,4.858847248552557,0.8990856406455963,7.135896056569647,3.866458167747276,4.445754669788684,3.419598139875958,4.3915608984787236,1.4039053455073245,5.767667054822429,8.0735070027427,6.389458639103393,2.7418468097045827,0.0,0.0,2.5386810625373467e-05,0.0,0.0
1153000405,2005-06,Central,1.7354040425936708,3.351989770077311,2.2610122945675966,2.738703468233352,0.5449698613737732,4.4924420472655235,1.9259396374773423,2.4493131917254805,1.6565949644096647,2.5179542084324003,0.7234239429498143,3.026409180056784,4.603193342520785,3.484311463556326,1.427583811417158,0.0,0.0,1.558572292672204e-05,0.0,0.0
1153000406,2005-06,Central,1.3878884399509228,1.9734226708371914,1.9648300727435126,2.0020634381153375,0.42187978023201417,3.961057820716956,1.3889004266058451,1.6261970828223118,1.3723994767140837,2.1762836042513083,0.7273373920201296,1.3103498830915752,3.5319354422334936,2.5071216979129187,1.1816814640858482,0.0,0.0,2.0967385927558036e-05,0.0,0.0
1153000407,2005-06,Central,0.9125438327333057,1.6256837292233075,1.258987677500919,1.4168477766292233,0.22217009991305134,1.9992858784407166,0.9333449722999552,1.1078682866325344,0.9330022523878893,1.3459794976322528,0.5025869782933162,1.2665624332803427,2.42746227517156,1.812377898303134,0.7579639694893983,0.0,0.0,1.383707435037728e-05,0.0,0.0
1153000408,2005-06,Central,2.4950185913243033,3.9429953969262495,3.2320258521843663,3.4452983447681196,0.7923134300028336,6.512097175040834,2.4650654897001996,3.1499723758465343,2.5487836674735647,3.4787369571499998,1.1071324212334954,3.547988580654157,6.138864935306576,4.236993104475867,2.0360679211448174,0.0,0.0,3.007373992729607e-05,0.0,0.0
1153000409,2005-06,Central,2.4508019696158705,4.068451030993183,3.265798319017974,3.6378042750896067,0.6397316152483596,5.481007986756203,3.038326263900489,2.9891916579720506,2.426866473871804,3.430707479540569,1.0894593562048347,3.4163428892486976,5.76227093592016,4.484670047477725,2.029021505660016,0.0,0.0,2.370429808372918e-05,0.0,0.0
1153000410,2005-06,Central,1.6704347420247583,2.7916155080722658,2.2039545259858437,2.5690887980130643,0.5109909318113233,4.362666152993322,2.5930953942120665,2.1373887289298454,1.7113700505780118,2.4764319673527653,0.7959512562007481,2.668606277002792,4.353039244601341,3.006472060541655,1.36272650025515,0.0,0.0,2.1799295680745634e-05,0.0,0.0
1153002701,2005-06,Central,2.48953719075205,4.1903058174410885,3.310992252607588,3.383419407158719,0.6800739870951628,5.389400304211367,2.0136200605189187,3.1369094489011493,2.6297389386470376,3.5761119699926103,1.3237603815641348,3.1260687606667403,6.317518284840622,5.03929488850815,2.2814054594057236,0.0,0.0,3.1295669250931025e-05,0.0,0.0
1153002703,2005-06,Central,0.9618732675627644,1.637699938368421,1.2622108213917778,1.3526315908659228,0.27492441620701125,2.407424559014343,0.9584704641348958,1.2266327341415029,0.9624934765154615,1.3800207655303225,0.49960318053758057,1.3682284783729994,2.6643748006259282,2.092745825232523,0.7910162678429453,0.0,0.0,1.3564725281906367e-05,0.0,0.0
1153002704,2005-06,Central,1.262448626202915,1.9389928383065016,1.6964190760637894,1.7087633175296422,0.30874877062235356,3.005826718131666,1.4560845899519281,1.452914444380604,1.1702819478801252,1.795773252738475,0.6316023559216318,1.506350424777359,3.0492186490776128,2.3748636353245085,1.0319796486162325,0.0,0.0,1.482593159620217e-05,0.0,0.0
1153002705,2005-06,Central,2.471807452276133,4.422904145895781,3.488414753785632,4.190538618044438,0.6714949522070662,5.691315106052833,2.8208906374845992,3.184034572598328,2.645228188915165,3.8713350658140047,1.1468980824533777,3.519676672417793,6.601899470701514,4.710866194241769,2.1091037072261107,0.0,0.0,2.4961944311978094e-05,0.0,0.0
1153002706,2005-06,Central,1.8830266724668334,3.0148196252193835,2.4425103585044736,2.6231916819974774,0.5312951047069581,4.726674056830484,2.99302285805649,2.3316489192768564,1.8580358417337475,2.62204462541354,0.9561307821830638,2.8998821611643084,4.198216367526293,3.3571618967147776,1.4768823294688715,0.0,0.0,3.186201747666134e-05,0.0,0.0
1153002707,2005-06,Central,2.6308192913669792,4.418718901888773,3.630002816580092,3.795295482770577,0.7193546685113253,5.928506860834707,2.513285546526647,3.3614090093310365,2.5438540940854066,3.7598445952016926,1.19999424226891,3.3595749079253747,6.512234118196973,4.666385440735169,2.22022496678057,0.0,0.0,2.3845183943512758e-05,0.0,0.0
1153002708,2005-06,Central,1.1737665354688591,1.5893065413668317,1.5407186802297572,1.3332980226321236,0.3679384522895064,3.064976127971038,1.1345058322291297,1.2891670893796559,1.0439311801661575,1.5249332182687827,0.6439715964198711,1.4265407887066792,2.3541647897961924,1.6387059067133638,0.9070858825623732,0.0,0.0,2.5518267908402682e-05,0.0,0.0
1153002709,2005-06,Central,2.504596622993043,5.094006100333367,3.2125475241020562,4.002974713453362,0.6916587928695918,4.881066571026833,3.3056332508369994,3.437310138224503,2.750102827475288,3.578308052809211,1.3447520772026946,4.479225137939635,6.966886690104887,5.6151077105941,2.2719884112997777,0.0,0.0,2.9465782254476767e-05,0.0,0.0
1153002710,2005-06,Central,2.941407492859284,5.4700997610391235,3.971510517039726,4.791214436066621,0.8260815266139943,6.496889485737024,3.2769045398818197,3.958889864583869,3.2561627802979594,4.571562667760639,1.440694644747446,4.350501917384908,8.372441648506934,6.341879175930388,2.6330214799170064,0.0,0.0,3.128615208844463e-05,0.0,0.0
1153003102,2005-06,Central,3.4961645897311113,6.712250790207972,4.399480643283835,4.605045083114237,0.9137002240569614,6.6024595344703805,2.475750676389284,4.6373199438234805,3.7116724545833257,4.550351108197165,1.6985824712800133,5.781587205674367,8.535915111310075,6.351177335612474,3.0606916417951235,0.0,0.0,4.066091615579465e-05,0.0,0.0
1153003103,2005-06,Central,6.7194709585787455,14.710831510666265,8.00359944658926,9.78448455464055,1.5405971955391113,12.3814633714677,9.089008984687997,9.521874018210504,7.488768233485317,8.382929647223303,3.006879663855673,14.885109946161332,16.004744370296127,14.45796337482582,5.229437283650182,0.0,0.0,6.736307169136725e-05,0.0,0.0
1153003104,2005-06,Central,2.4980997266181384,4.465759683312534,3.012154716193868,3.6101953713095343,0.7338986465660012,5.77397811775914,3.928884340184335,3.2608075306167543,2.610470526699207,3.274613023485225,1.1304855176935165,4.8665640814690425,6.198167583802748,4.2664809797644665,1.9231110813005297,0.0,0.0,3.4597768524997535e-05,0.0,0.0
1153003105,2005-06,Central,6.3057160590682555,13.720832612618706,7.512934179446814,9.170207371853104,1.443298692180581,11.672171935626732,8.522510967935757,8.874083405023736,7.005747162333479,7.894647899151628,2.849201019413427,13.830303382789296,15.04168698847341,13.575089090000535,4.918357516218989,0.0,0.0,6.569783575927718e-05,0.0,0.0
1153003106,2005-06,Central,1.9825137452767077,4.187830879047447,2.7102207526800393,3.5077251598794175,0.4842693638956138,3.8245773494504762,2.087725187587464,2.6987768963354344,2.353554079419541,3.107403871293422,1.027739991442213,3.2133490577306345,6.187349883254506,4.651232650875696,1.7489906257245686,0.0,0.0,2.0335184412172267e-05,0.0,0.0
1153003107,2005-06,Central,1.5174311794494353,2.281625226446871,2.0817420578705357,2.131426945508532,0.43900940797249544,4.123171907870949,1.6177379012324722,1.8135721776149363,1.5077624477753935,2.241933522476946,0.7414495242146204,1.7252496942454327,3.793185817396461,2.8871529224523864,1.3051334659688947,0.0,0.0,1.73814427940751e-05,0.0,0.0
1153003108,2005-06,Central,1.8432283881033205,3.109079690192659,2.2159297934046704,2.6545806798796967,0.581951948074964,4.534697570325478,3.0162426834132248,2.3334446092656336,1.8754200209683616,2.444810373799353,0.8161466135055736,3.4444139696181484,4.584592250530474,2.97627677291587,1.3995388555072725,0.0,0.0,2.5845190965180898e-05,0.0,0.0
1153003109,2005-06,Central,2.8325028668414873,4.431656145338196,3.3796029103490075,3.681042758030439,0.8766491952625441,6.957634103546265,4.5806990748297665,3.4667595063744123,2.69162039744359,3.553312019543006,1.0690466964830685,4.944701191906281,6.158824702659246,4.035432861619237,2.104009159103342,0.0,0.0,2.961811549592005e-05,0.0,0.0
1153003110,2005-06,Central,8.657984869389956,14.721441858924155,10.466198551182504,9.75064970872497,2.332181894076805,17.364303392881784,7.520579974425895,11.218153571003729,8.487704114031843,9.405534856488078,3.078266356924947,15.106116308435741,15.915163732273417,11.827083567392549,6.758454162769892,0.0,0.0,5.238171793606779e-05,0.0,0.0
1163001101,2005-06,Central,1.6573873057166446,2.78057330115942,2.1866754910249124,2.2627664168025015,0.4733994261519695,4.201902551854972,1.6370273810663891,2.0824092365865843,1.773348919955334,2.335665182137029,0.8126844709347243,2.4042112117910857,4.278895711525041,3.1172105490192084,1.4426418933546767,0.0,0.0,1.7089854409399255e-05,0.0,0.0
1163001102,2005-06,Central,1.7013752524904313,3.019887412481984,2.140224125445192,2.607735868609847,0.5117889929003813,4.10776028376075,2.5027995412253494,2.219558815574165,1.712939967587722,2.384163977044952,0.7922448979674725,2.9777457358139365,4.465862865595469,3.2027529921468982,1.3571484416820216,0.0,0.0,2.2898963898472094e-05,0.0,0.0
1163001103,2005-06,Central,1.9393609402091339,3.4632204784693585,2.6396486712656686,2.88939726250305,0.46202487099359363,3.9557499851791156,1.9596675953224771,2.4512592966930824,1.985874518582247,2.790401028615392,1.0084012404910592,2.515350161079156,5.156896307236738,4.275097875386012,1.689286343443388,0.0,0.0,1.9480795816457712e-05,0.0,0.0
1163001104,2005-06,Central,1.2069120442835273,2.013719492111334,1.5241418826268647,1.6028679924603797,0.29093052959760307,2.760927838596193,1.5155233464923747,1.44570432785151,1.1324778402087603,1.639560153230171,0.5694056001929721,1.8560220670486112,2.9431397248744426,2.4744715484470055,0.9427247341688045,0.0,0.0,1.8913697330552036e-05,0.0,0.0
1163001105,2005-06,Central,5.54322080746283,11.792082040369142,6.633110107157279,8.374472126537347,1.5871489466887763,10.354286245498658,7.653033508797784,8.236639476535405,6.133769178920153,7.107671598744103,2.2426453976003122,12.66516695400181,14.327455742385109,10.812935249299718,4.445184039414193,0.0,0.0,4.303798799831262e-05,0.0,0.0
1163001106,2005-06,Central,2.255044454835627,4.251066348879267,2.9699463072572256,3.394416582156147,0.5730312676579331,4.5371127750579054,2.441609041648487,2.9265805564185285,2.4113752401578448,3.282784920818935,1.164541902307882,3.7750090871096966,5.6040873238538715,4.338689998299567,1.8938513991094703,0.0,0.0,3.06904790803056e-05,0.0,0.0
1163001107,2005-06,Central,2.175703397762575,3.963939497252124,2.6881481376992284,3.2623296539690387,0.6357758504199034,5.286854247040625,2.8322714804108005,2.8921874138302934,2.3108485285100495,3.097177122193829,0.9854165045417469,4.060238128519394,6.005429202697487,4.163278045879626,1.7284662026175124,0.0,0.0,3.0577861386414375e-05,0.0,0.0
1163001108,2005-06,Central,1.286270155285292,2.293699993428464,1.6870413170792269,1.8470971277800519,0.35720769385814244,3.0262043386885416,1.3702018805266942,1.6535111611151185,1.2958964016866084,1.8094191155027795,0.6285817354519757,2.0163785108713985,3.3027099868362817,2.4854618540787863,1.0899112078475341,0.0,0.0,1.6347327766887217e-05,0.0,0.0
1163001109,2005-06,Central,1.3457445043754384,2.428502090114234,1.8151602065245505,2.065645529297701,0.3600998921922728,3.137831418297266,1.4882705896181454,1.734368971196117,1.3735315980583924,2.05215740924176,0.6422595466200041,1.9629641529714048,3.8790875982982542,3.0095667435752382,1.163254903361489,0.0,0.0,1.4969127322839531e-05,0.0,0.0
1163001110,2005-06,Central,2.2008914362212098,4.195542186509125,2.707478731503126,3.1228089557742997,0.6507939153771319,4.709758413894593,2.409609853002727,2.987880513699033,2.3808859763848225,2.941396384091924,1.0433170332342643,4.1440718212841805,5.733301473730462,4.226310904100027,1.8731869436466817,0.0,0.0,2.605693267631254e-05,0.0,0.0
1163001301,2005-06,Central,3.839273932933934,8.992739909271931,4.877566136311854,6.2702553502535565,0.9366135810493881,6.856500669059664,4.786479898237769,5.640506076003985,4.577164711681444,5.694987552590856,2.184898186154067,7.2409490228280955,11.221862866211119,11.556831141272921,3.739244323009631,0.0,0.0,4.5221403405653066e-05,0.0,0.0
1163001302,2005-06,Central,1.5785548682443704,3.0754555148213947,2.096696928985913,2.585313395308099,0.3945995506101242,3.4532508633779595,1.991181469094284,2.0126456033404074,1.8613847897110578,2.3893089360690682,0.8232017419011252,2.726726493426144,4.443099474262611,3.4519250574953078,1.3978246734219024,0.0,0.0,1.6595700380921976e-05,0.0,0.0
1163001303,2005-06,Central,2.4769601343341803,5.302789916595668,3.0776486669411973,3.7472209140106454,0.6400343351096439,4.319380724448025,2.97170936845277,3.4644298809818217,2.654942825427225,3.4397546914406156,1.2176021887807948,4.74635482176932,7.010127768642781,5.9648014116311305,2.2311295705501344,0.0,0.0,2.718765773988525e-05,0.0,0.0
1163001304,2005-06,Central,3.466436264242776,5.958363472077609,4.3318506357486095,4.463452277003454,0.813574166694346,7.423783023385686,4.927659989552277,4.330419813485983,3.5302388130389724,4.401306467964003,1.5417165016432988,5.554499754122542,7.340794417063613,6.289772966014504,2.8346467576329344,0.0,0.0,3.636234660570507e-05,0.0,0.0
1163001305,2005-06,Central,2.1538017975096064,3.9197166513791055,2.66197003135328,3.2281776041782173,0.6292494827205902,5.237943884857834,2.8039555521540658,2.8600053402161802,2.2865028124959728,3.068216164994484,0.9776537361985853,4.010672834025576,5.946699115092801,4.122464069494022,1.7115980591017073,0.0,0.0,3.044808790888612e-05,0.0,0.0
1163001307,2005-06,Central,2.219429260870877,3.8564576680356883,2.933927618891318,3.0017569564256585,0.5768332000083538,4.597514564186571,2.309610526916405,2.8386112037969013,2.22845672724345,3.0711540949067118,1.1337798019153653,3.1877061731494987,5.53085401192722,4.53332599730375,1.9247004963037693,0.0,0.0,2.5225747218389336e-05,0.0,0.0
1163001308,2005-06,Central,7.196232313493357,15.856484005706452,8.570821016436364,10.49194631323936,1.6529946144684033,13.196208914569976,9.743261071861824,10.273277644199359,8.04741246838384,8.944145001053883,3.188050615777345,16.107477135258502,17.1129868839908,15.476132374833874,5.586385729508622,0.0,0.0,6.919514734095292e-05,0.0,0.0
1163001310,2005-06,Central,4.191955571650969,9.69972010177179,5.17097469292662,6.432699405946586,0.9610055172784041,6.717757580279468,4.827893847729005,5.846574717519914,4.761594777437366,5.608105092126023,2.2025406186652194,8.390208276092451,11.049156722052299,11.097200601886968,3.799932232116539,0.0,0.0,4.5529340978473074e-05,0.0,0.0
2013000401,2005-06,Eastern,1.5723857749163623,2.2721406747872988,2.097819868075949,2.093505147483781,0.4347432080165962,3.8339799668544576,1.6763422370070835,1.803849278154696,1.4906721514753067,2.3090778417110265,1.054294715680024,1.5931839807087755,4.413164897501344,4.057321964952541,1.2307414381403459,0.0,0.0,1.9245534475632863e-05,0.0,0.0
2013000402,2005-06,Eastern,3.0123652832167997,3.8927439760424076,4.02349913490239,4.077397116693321,1.0162940279602546,9.062378682964685,3.8680382824051747,3.432910289712899,2.6549993697701084,4.45125772376716,1.5019726927144446,2.9473163148280186,7.460424006369197,6.187053663069094,2.2533938678691823,0.0,0.0,2.5229904632538616e-05,0.0,0.0
2013000403,2005-06,Eastern,3.4144121224662225,5.514673020812531,4.751574940168674,4.5915962956506045,0.8371032468746552,6.7167399169022115,2.82398441960312,4.157351572743923,3.425752099216745,5.284711806565804,2.3664791971357153,2.8255906117316423,9.959137279461618,10.39062272518061,3.172694475719504,0.0,0.0,2.7826178011350097e-05,0.0,0.0
2013000404,2005-06,Eastern,2.6466438981893363,3.664409260938713,3.5389817466025133,3.3987571122706415,0.6899709903129907,6.580185562928792,2.8051140912526087,3.0200621495726545,2.3478308488661876,3.8515915011612387,1.5194719856806043,2.410969158646193,6.9695872181442855,6.449931222996654,2.039054958009665,0.0,0.0,1.9467265625442067e-05,0.0,0.0
2013000405,2005-06,Eastern,3.1702958793657356,4.79411621695804,4.006692589762548,4.133824232987476,0.8907705586865704,7.557951761206291,3.439001022087162,3.8049670029051486,2.9773895719360115,4.3085728758034145,1.6830912624693422,4.032153366813142,8.213024686419883,7.564462299136857,2.3791334444410492,0.0,0.0,2.7627622285816577e-05,0.0,0.0
2013000406,2005-06,Eastern,3.1769632247776847,4.334138291691909,4.355462413053672,4.209592220659773,0.8097666329680377,7.687313282129598,3.7312482141890118,3.6503098427325966,2.8479529065746534,4.909864152000387,1.8494936871912186,2.615161712514037,8.506511369950667,8.893951048671225,2.4995836168459267,0.0,0.0,2.7287078887709016e-05,0.0,0.0
2013000407,2005-06,Eastern,1.8207852362446737,2.4086836667028693,2.4160978923338385,2.1067451474516123,0.4399593117894076,4.406339988336305,1.9304701355495233,1.9966763444540907,1.602820356022558,2.7367678195291756,1.1746150661243409,1.4488144079545777,4.996434007002919,5.424976807929606,1.4840612242094706,0.0,0.0,1.8960521867931747e-05,0.0,0.0
2013000408,2005-06,Eastern,6.579764552003742,10.24370934739068,8.68145075270055,8.871845472768975,2.1077571130918935,16.91977867494626,7.535599668283904,8.580029144198587,6.635264434540594,8.945975481191319,3.3176283034589793,9.065371914215055,15.414701432508066,14.952006873920102,5.126132119354032,0.0,0.0,4.47662415132088e-05,0.0,0.0
2013000409,2005-06,Eastern,2.0388213471409027,3.1024224710574986,2.7931258343521,2.7990014382525605,0.6090214463258256,4.975210295682955,2.3281423628850373,2.4793693036421067,1.9785444476122487,3.0040523213909616,1.3260563200151692,2.303052886403977,5.381971344752856,4.817086241144366,1.6605097332995562,0.0,0.0,2.2238323406894814e-05,0.0,0.0
2013000410,2005-06,Eastern,2.696216947309124,4.425156701803409,3.836780659644079,4.053145971562825,0.6937957399181603,5.935381934636347,3.194174462306583,3.299881290568681,2.6204324373801695,4.387707188822289,1.9803694205735523,2.4397877459431476,8.360293472676815,7.742359369679928,2.3830801612229706,0.0,0.0,2.1578581071320627e-05,0.0,0.0
2013000601,2005-06,Eastern,3.4652972833445226,5.3489956608866285,4.440813622772598,4.138502353648268,0.7801272757938229,6.711413194044298,4.120957399191876,3.930844853484212,3.1873251810149372,4.525519453279623,1.9436348798747511,4.094273193188941,7.954900175252964,8.870641437820241,2.7709168355144373,0.0,0.0,3.1438173662939145e-05,0.0,0.0
2013000602,2005-06,Eastern,2.3550397594287764,3.487497263671162,3.220875407083779,3.2394610968303454,0.6804511940268421,5.796625908413127,2.9326259160625727,2.807686809289563,2.180665411880567,3.5449815329867924,1.5708057626732814,2.357919128797136,6.478943125708081,5.997672552522351,1.922071288382097,0.0,0.0,2.0669022968342666e-05,0.0,0.0
2013000603,2005-06,Eastern,2.6489456244464002,3.9486099875322913,3.6230563787747925,3.7387412836394516,0.6568891474868521,6.109778027558568,2.805078443886106,3.1549280362501184,2.44828336715119,3.9061697827467903,1.4811367849242603,2.608159587914428,7.023305290084681,6.562427843775263,2.0244523473998637,0.0,0.0,2.061895460534133e-05,0.0,0.0
2013000604,2005-06,Eastern,2.336183469052948,3.397438204120718,3.1577860098962645,3.2527845307927032,0.6532703763167653,6.277615036993168,2.6508792507815575,2.715709432479226,2.210720657336695,3.6368553276777957,1.3567085672052328,2.288097021123669,6.706295395165459,6.253855126263805,1.915248854352751,0.0,0.0,1.848092482548325e-05,0.0,0.0
2013000605,2005-06,Eastern,2.746141797625703,3.4630053802289056,3.7175700202258324,3.2614154569511022,0.7902675228369221,7.739388238166216,2.6210564775376306,3.0405831292426435,2.4783377606481856,3.937587155659396,1.4696719347643064,2.288517302427919,6.551512131868497,5.6806955766160385,2.1803305929707943,0.0,0.0,2.2970221916124334e-05,0.0,0.0
2013000606,2005-06,Eastern,1.7078105239485222,2.4947839231116076,2.2163337350274324,2.292040705726847,0.5357226069244547,4.623020754253845,2.1220352515506424,2.047538635197285,1.5902075336295243,2.5324000968593148,1.0080788515634689,1.9927091446683685,4.795185611250102,4.375232644395979,1.326538169460785,0.0,0.0,2.0424481555280094e-05,0.0,0.0
2013000607,2005-06,Eastern,2.50142467640741,3.709003731338153,3.3621751980158487,3.3543691470238355,0.6847360381888992,6.28287254120409,2.891688660134275,3.0281790620291775,2.357833717959658,3.759699248553115,1.4116086262624812,2.615107190896662,6.8125595520655455,6.635473633573739,2.0209448841140887,0.0,0.0,2.176768219862968e-05,0.0,0.0
2013000609,2005-06,Eastern,1.7619727570982384,2.3581327921776776,2.307873836264141,2.171598827243147,0.4226372574200201,4.562171113575107,2.390087514390826,1.909910210366907,1.5838523279886962,2.510636320923842,1.0490209919021385,1.7416855678431749,4.445060947896688,4.678334276592091,1.3036625491996725,0.0,0.0,2.0308803509299372e-05,0.0,0.0
2013000610,2005-06,Eastern,2.3852414498470402,3.3506067664347223,3.0858429878787574,2.88042263574157,0.5979217438172418,5.707379708601978,2.4900520411310048,2.649294072024611,2.1647651941820882,3.274694176776596,1.3723525567777575,2.5081266219654537,5.919637654353487,5.980338001041781,1.8545084696902037,0.0,0.0,2.2680207084652045e-05,0.0,0.0
2013000801,2005-06,Eastern,3.6820262525977654,4.81869131198801,5.021563917143117,4.964730000208599,1.2197090711387208,10.801108783254069,4.971837394005072,4.2920369814898365,3.375304019040679,5.432653667437253,1.9418895834704686,3.6950355228644,8.660184129097058,7.298286857753839,2.757185975395468,0.0,0.0,3.652248700340799e-05,0.0,0.0
2013000802,2005-06,Eastern,4.859001083099863,5.870667885600002,6.116647591320092,4.693783826762596,1.1317696083166928,10.612418251738688,6.357162455236911,4.853433504785194,3.8223054003150168,5.49484227054957,2.4376740243991684,4.7149363632737025,8.2645277876753,8.313470923186571,3.5653555818398224,0.0,0.0,5.3296246772001995e-05,0.0,0.0
2013000804,2005-06,Eastern,3.9158108928963924,7.017148255095245,4.980777007941214,5.724388824729273,1.131468342317982,8.144511963028352,4.640886301607256,5.19620059912592,4.11379266084083,5.982618368253223,2.308690487201872,5.705111968604342,12.087292764629854,11.14880764202256,3.370429366800129,0.0,0.0,3.871303947030916e-05,0.0,0.0
2013000805,2005-06,Eastern,3.191735618113809,4.9699769626219075,4.295926543915538,4.5567844285990144,0.8789881441381097,8.021245920849582,3.6601416337645993,3.944056920353042,3.164699643251779,4.762956703911391,1.707135860883006,3.727226771031634,8.662760654190016,8.110436045520386,2.5628115928600197,0.0,0.0,2.373233292838966e-05,0.0,0.0
2013000806,2005-06,Eastern,3.0288523048307416,4.572464958483468,3.906383724088698,3.5741784905771867,0.6774866139315293,5.937855926360956,3.600901355380592,3.3805090640658038,2.7635020381432844,3.9892979380509845,1.7561770476662137,3.4151255099857987,7.001423829089866,7.793077381789772,2.4226096279566236,0.0,0.0,2.9528921130948744e-05,0.0,0.0
2013000807,2005-06,Eastern,4.213869300368207,6.010094970149392,5.621874667497357,5.910029809047214,1.4394204747378332,12.243863246014627,5.243122337362552,5.2512489138540035,4.2044638200499325,6.41813682966318,2.3164280017737164,4.697300006867807,11.194276242063326,9.24338015001968,3.310506420629568,0.0,0.0,4.5019853856296707e-05,0.0,0.0
2013000808,2005-06,Eastern,2.497131563082399,4.091253176413362,3.222715991384611,3.278429128268721,0.6817752518348845,5.222179293561703,2.578742987527482,3.0824006772978296,2.427742411566792,3.64193623625287,1.563505334510094,2.9751901836215473,7.2579327742686885,7.4370739449756025,2.142377848015949,0.0,0.0,2.3918991903815764e-05,0.0,0.0
2013000809,2005-06,Eastern,2.9567588523099735,4.428833973241253,3.932829907176267,3.86869507674145,0.7674583140067883,6.706318203796182,3.9687248613529973,3.528853736355233,2.781567437688912,4.4288653812462115,1.776783135292633,3.0049196453411087,8.019291729321264,8.21464592908292,2.5046626418627596,0.0,0.0,2.567970592816723e-05,0.0,0.0
2013000810,2005-06,Eastern,4.993084858845069,8.078333721208468,6.847550115375239,7.3671177893244515,1.7089163853718,13.321281553692245,5.868998286305594,6.713196557871903,5.064635672581214,7.19386968297348,2.615793169019594,6.703861962756136,12.8678323392672,11.190534439265475,3.99464959732221,0.0,0.0,3.0736182838639e-05,0.0,0.0
2013000901,2005-06,Eastern,7.978177025126731,15.653559395376504,9.813057641120185,11.288179341598012,2.4427927697187117,15.639001461588256,8.499158723696153,11.598280091673912,8.438401894958638,10.6131303497212,3.8405882905017443,14.47116240297628,21.483651752389388,21.203809692922036,6.5265591122618245,0.0,0.0,4.164062888845628e-05,0.0,0.0
2013000903,2005-06,Eastern,1.777006340447078,2.625095482440107,2.3301214943224644,2.350581799111685,0.46910080294466944,4.193925245952575,1.8790960537689085,2.0169922188126224,1.7000721886558956,2.6480553898752928,1.2025812824295021,1.8141465451123502,5.209894152628403,5.008393848300189,1.4285291792998942,0.0,0.0,1.9244749995107513e-05,0.0,0.0
2013000906,2005-06,Eastern,1.7550779853960334,2.4503713765447555,2.2650700289688404,2.1781919306561,0.5622759626092817,4.840197878906445,1.7250357905522182,2.029228041463773,1.7110462699271,2.4821408272956926,1.102161391408649,1.945617003897976,4.63533571155905,4.07668545552838,1.4064872648633209,0.0,0.0,2.1363118547844496e-05,0.0,0.0
2013000907,2005-06,Eastern,3.0188803625285408,4.987801411810024,4.038591929897792,4.302114860592959,0.7628103245719461,6.607423326659807,3.201484744014309,3.6812665002643605,2.8984720074246444,4.424117323063195,1.750441471375187,3.5068589421466987,8.42206711770836,8.206640733059064,2.486104274131059,0.0,0.0,2.1956518641478876e-05,0.0,0.0
2013000909,2005-06,Eastern,4.809691384266321,8.382906396656463,6.256711655072884,6.239783674912621,1.0854575705579006,8.746719235590549,5.419248179378138,6.02531541942271,4.651147628427863,6.957403396335077,2.732634656793882,5.542118314998725,12.987474445773099,16.23868034721633,4.352267090769516,0.0,0.0,3.214347717582919e-05,0.0,0.0
2013000910,2005-06,Eastern,1.8338026590778582,2.7159710336731027,2.474897499888129,2.3332482457461934,0.45773396649427317,4.488995971027291,1.6522472143594908,2.0993289175390384,1.8194472862897664,2.749034510450879,1.1596132171446272,1.8413392375839548,5.0955488321545435,4.663073493838325,1.524303496178657,0.0,0.0,1.822581675364293e-05,0.0,0.0
2013000911,2005-06,Eastern,5.5906578453996385,10.544895242859216,7.8191874002821775,8.938630726801192,1.3955779682598795,11.431106725730618,5.696806658044001,7.794023845539923,5.658667581310121,8.62595990056697,2.8810728288019507,6.822319715010013,16.89041679861588,16.187859196834744,4.782372167941984,0.0,0.0,2.58678193555806e-05,0.0,0.0
2021000101,2005-06,Eastern,2.7625010115376627,4.265902744805302,3.5747905063082634,4.004383507339973,0.8790270101566439,6.821353553433986,4.15878661085792,3.4042760869102566,2.6985965052605003,4.001675615653899,1.6253216400334516,3.606823321484734,7.661833732457043,6.652699544710072,2.1649165413379783,0.0,0.0,2.8626153989460204e-05,0.0,0.0
2021000102,2005-06,Eastern,7.323749348701144,16.345873995544917,9.388302847443494,11.282766908737827,1.7489856262874104,11.834973583018014,7.349389476385512,10.375187413054949,8.146546907972482,10.221590414013061,4.222376671243307,12.469547972852956,20.86413106860094,25.578096134839225,6.280926079659651,0.0,0.0,4.8487730647157765e-05,0.0,0.0
2021000103,2005-06,Eastern,3.0325760729151283,4.9259716386945165,3.875758355174404,4.052520368604381,0.8639862724597402,6.557569408498371,3.1839070429168337,3.7565523527033604,2.997343970611361,4.296233507043718,1.8051084529056287,3.8471713307654687,8.435023498721236,8.239981479530892,2.5304344601268935,0.0,0.0,2.7212132487081808e-05,0.0,0.0
2021000104,2005-06,Eastern,10.79683779376846,15.632699209986876,13.555089195305742,14.011371305018276,4.037963806756453,26.986917167605277,17.980637077903296,13.52316811660595,9.49374688017607,13.079746075128664,4.5642826838394805,17.198062264398246,19.398766837061125,18.42935033928098,7.219904870257009,0.0,0.0,9.102105972968208e-05,0.0,0.0
2021000106,2005-06,Eastern,2.045282465373171,2.8549012495131785,2.827776909048281,2.673090069112761,0.5602181736942524,5.178520899853146,2.1271512492144242,2.3742527963513527,1.9387267241228134,2.984479280100261,1.2283947575717677,1.924441432131138,5.265473262806621,4.522027310439294,1.6019612844959252,0.0,0.0,1.7534826120714343e-05,0.0,0.0
2021000109,2005-06,Eastern,3.1463183129413648,4.781559424862663,3.9197880859152665,4.2247249195707255,0.9482683967554043,8.4798608836039,3.717417089893503,3.8880305159592625,2.9435820208626464,4.30919353778108,1.5217117263494124,4.379219845444643,8.164904876638923,7.599774388580566,2.274170004795565,0.0,0.0,2.814541017291097e-05,0.0,0.0
2021000110,2005-06,Eastern,2.543332121649177,4.028590846961075,3.27224006152331,3.7407930117287083,0.7577520182050737,6.31666642954447,3.4400559230497665,3.1051776688404953,2.5302690300799413,3.534094482314727,1.3264686362772358,3.6141306205708656,6.463790657694399,6.211882744094746,1.9823319435946738,0.0,0.0,1.7869983173578173e-05,0.0,0.0
2021000111,2005-06,Eastern,7.311651221873837,15.290345382007988,9.426637611309257,11.457833214149336,1.8614301103038557,13.637866049631796,9.066863815270729,10.353750766954422,8.236150087838633,11.07803184153803,4.6957733619045685,10.944136837967422,21.843628115132496,28.03070539657588,6.764638220337452,0.0,0.0,5.8168030418095895e-05,0.0,0.0
2023000501,2005-06,Eastern,2.9342984992547967,4.086800299486192,4.131760072353477,3.884640109370472,0.8391314578625936,7.306915749860484,3.0453797002862855,3.462503126390203,2.7543367419540514,4.422770655509077,1.7313423618467692,2.596452560244233,7.418134627062618,6.34134003730729,2.3673445805031776,0.0,0.0,2.602209935143816e-05,0.0,0.0
2023000502,2005-06,Eastern,3.0130063781606453,5.403045872215974,4.105626831248119,4.391581421729381,0.7670953477625669,6.31801082532079,2.7749514144408947,3.892881554816987,3.3636743487940826,4.729176208222977,2.145722216814158,3.358488916962097,9.344371454300411,9.646087453365835,2.7713832591226146,0.0,0.0,2.6627670181877307e-05,0.0,0.0
2023000503,2005-06,Eastern,2.490625163582239,3.5311571418959486,3.2935676587471363,3.085223811283576,0.6835432698384575,6.319298260279081,2.4559637754023496,2.8770055185595775,2.352699530008955,3.4942811876825095,1.4446669907729668,2.556004722811723,6.377723681223997,5.953988907381395,1.9946544913869682,0.0,0.0,1.8451564101052545e-05,0.0,0.0
2023000504,2005-06,Eastern,2.03781758909701,2.710039943978494,2.652078924441362,2.282746677814118,0.5178572373591577,5.0338232435082135,2.0365282211112596,2.1792060492154084,1.861628922804955,2.7003092269072377,1.247358209775237,2.038162144410891,4.6386009424241985,4.5108489208308855,1.6005486141386012,0.0,0.0,2.3322823647330276e-05,0.0,0.0
2023000505,2005-06,Eastern,2.3364905598203647,3.4629241593586553,3.169099405514664,2.9254859479825233,0.6829212366281435,5.911141921360073,1.904895751770555,2.8544573629176937,2.4176378827348057,3.409907325244767,1.5396977881408032,2.3060596134255174,6.348670253718114,5.810094087106202,2.0188309549800953,0.0,0.0,2.243746052737178e-05,0.0,0.0
2023000506,2005-06,Eastern,2.007081498513069,2.8500848476137928,2.899732851544111,2.967969635903174,0.5762578071405048,5.1735642261331725,2.286184566357199,2.2788176727711975,1.902194352854567,3.128902796037973,1.3682806789034223,1.6768019410688437,5.374968311874559,4.369062443418628,1.6280396056606192,0.0,0.0,1.8942252169980043e-05,0.0,0.0
2023000507,2005-06,Eastern,5.20079563285947,8.483214414262148,6.851427134297381,7.370474252813994,1.313492513435741,11.35388392326004,5.778667032063302,6.379622119497924,5.396591517207596,7.112203179554693,2.7483309945527767,6.788981081940177,12.814898609913714,13.404087170549412,3.9050336805237644,0.0,0.0,3.728270513719516e-05,0.0,0.0
2023000508,2005-06,Eastern,3.3441643688788685,5.370714679950146,4.2160321020853,4.611763491707457,0.8706692658219914,7.348088862609124,4.043406914569025,4.115775018430588,3.040405592625716,4.774131238571534,1.7693899474174584,4.254164833067492,9.422466979940905,9.77276226424394,2.547435109971886,0.0,0.0,2.792338474317902e-05,0.0,0.0
2023000509,2005-06,Eastern,1.5221322270466753,2.225621614805783,2.03780676475737,2.146773247104344,0.4397900863800754,4.148313197872286,1.8269128139992894,1.7544330000154933,1.4349269661740753,2.27610034804078,0.9116470039300458,1.6822778532132983,4.157806690120617,3.8837313545358265,1.197354502967538,0.0,0.0,1.4456511650244821e-05,0.0,0.0
2023000510,2005-06,Eastern,2.2070388825316547,3.1971648484365005,2.8863873684953556,2.847108332296454,0.5656271924234569,5.5381480977313355,2.3564083561977975,2.5432872737894017,2.019462304020685,3.083086331742863,1.1880147274412451,2.4972480393290595,5.553283415952905,5.398024344263926,1.6489802938255786,0.0,0.0,2.14804926063067e-05,0.0,0.0
2023000701,2005-06,Eastern,2.4782297870282606,4.002775569993581,3.1431761378471137,3.3576006567893093,0.675706496998405,5.497000730340114,3.1290690908072794,3.0739282410691247,2.3220608982721815,3.5973693397689597,1.3812292836354652,3.268737868036375,7.107199217789339,7.207745620542192,1.9342777336115105,0.0,0.0,2.6468318159004826e-05,0.0,0.0
2023000702,2005-06,Eastern,4.084395147424091,6.923494446740792,5.58809616837785,5.905157270102817,1.0853096142854757,8.349659370660149,3.94811328098292,5.169377962028571,4.163105594010819,5.680706224929735,2.427971574564258,5.1479026945418775,10.354947206763391,9.913584917376628,3.3217885457120695,0.0,0.0,2.9717884119534325e-05,0.0,0.0
2023000703,2005-06,Eastern,8.157948493248556,11.848338301581734,10.628193794354303,9.795222249232978,2.378701074113567,19.466040110852198,6.034768334094103,9.971854736901768,7.994138591539654,10.75922408798367,3.9387508521814025,9.26674959589335,18.47632771768353,16.647171281591493,6.355701140465286,0.0,0.0,5.535758002476582e-05,0.0,0.0
2023000704,2005-06,Eastern,3.3279662298939408,5.763852115946069,4.647394855040735,5.261513495248901,0.9172202808865842,7.075171671440684,4.112661483233983,4.326109476492593,3.389486476622476,5.002192294618533,2.088353356387015,4.10997018179645,9.23065821088007,8.969398680298763,2.7628789374490905,0.0,0.0,2.560016242478823e-05,0.0,0.0
2023000705,2005-06,Eastern,2.5429300270873463,3.70807067914233,3.335588066029654,3.51451588805806,0.8021204158577971,7.589439174559405,3.2094360218631586,3.163033590149428,2.412432030620238,3.8359373401966512,1.3882768277129773,2.9282031870811824,7.159622023995602,6.76192061632629,1.9560239571105038,0.0,0.0,2.6399336479904485e-05,0.0,0.0
2023000706,2005-06,Eastern,3.81720190121991,5.593797671638566,5.149321036137856,5.015676476612498,1.1746297915169035,9.522394578352706,3.749433846059145,4.727408768154079,3.7243593054570066,5.683283753235798,2.1107637073494234,3.914797862884447,10.11771684282847,8.917691193391757,3.1759228707082277,0.0,0.0,3.3064834425802794e-05,0.0,0.0
2023000707,2005-06,Eastern,1.765963358518534,2.7272900144249665,2.477191694735929,2.442413103069622,0.4440142520671071,3.8574956908671654,1.654705852727725,2.0639458461942146,1.790414063816027,2.6307564361545617,1.3227997726094856,1.624598323996218,5.168457463940089,4.599864611039104,1.4609149521829463,0.0,0.0,1.617394122805653e-05,0.0,0.0
2023000708,2005-06,Eastern,5.4488317111467754,7.886086945956148,7.174104797529736,6.8013982716056836,1.6789019736372894,14.150173432009222,4.27548130346447,6.69370650982909,5.5139922763067055,7.734085033261211,2.9777943422775395,5.818729240340638,13.293777353243772,12.161537105485747,4.51046736165469,0.0,0.0,4.753362728696817e-05,0.0,0.0
2023000709,2005-06,Eastern,3.335532192092764,4.702352802435043,4.802942476055048,5.140808209159809,0.9175471582480881,8.343977283484994,3.56694981918353,3.8581501269698757,3.095507557763697,5.098199426083833,1.742377859018093,2.8625607432527262,8.23769015045033,7.090547756262256,2.5653958413863496,0.0,0.0,2.375747036875454e-05,0.0,0.0
2023000710,2005-06,Eastern,4.174988886182336,5.548854828067417,5.30316254685245,5.383764833824674,1.5210344609637743,11.74611558614269,7.094566518352974,4.893366879642175,3.648931090234936,5.5506463995855375,2.005990629567317,5.503096608930829,9.142159948959696,7.624480066306237,2.890371486740328,0.0,0.0,4.5148947871490616e-05,0.0,0.0
2031000101,2005-06,Eastern,2.084098956322964,3.0320274540401426,2.6798625090176276,2.9530509329528507,0.6796498158138076,5.992352660801062,3.2630472114006412,2.5124715302783307,1.952760818139598,3.0196355233492334,1.1532429700818712,2.6933694447260903,5.654473218151492,4.8586281708900945,1.5313305510173418,0.0,0.0,2.544682053954507e-05,0.0,0.0
2031000102,2005-06,Eastern,6.381931571314283,8.177516207862581,8.336464348816724,7.105710220566208,1.5275152561481167,14.823057363517007,6.330027793595518,6.889855085531714,5.628773642777057,8.178255362895527,2.9319301649172544,6.13867435043478,12.717018154063933,12.448296774124803,4.691687500389498,0.0,0.0,4.615473287085684e-05,0.0,0.0
2031000103,2005-06,Eastern,2.2672389802408537,3.5341591042756595,3.004065883450915,3.196655810399088,0.583790862108801,4.889370101090427,2.6187726240023674,2.6702101003864698,2.1568397729428903,3.3088175637764206,1.4687524265579137,2.477892499612537,6.474068772583424,6.260825669998324,1.7825696544442415,0.0,0.0,2.3440971787240653e-05,0.0,0.0
2031000105,2005-06,Eastern,2.5200017342384453,3.5019429894223775,3.2010841203760223,3.1274411659852372,0.628718293834579,6.5864970643774905,3.2686878336102767,2.8216183158748955,2.19938524955952,3.407045443906575,1.254081044338435,2.972939178710222,6.053257041762278,6.058619137603202,1.778350680574923,0.0,0.0,2.589469192485439e-05,0.0,0.0
2031000106,2005-06,Eastern,2.6146555736791424,3.7310865269155724,3.6467995893579093,3.6198153585505963,0.8116973720490627,6.984977510230683,2.5811917486878833,3.16350607003284,2.636286936413107,4.071762055466444,1.6426851292196059,2.3646666659571927,7.152214045430274,6.0146932797802135,2.190470775855089,0.0,0.0,2.7411117225828026e-05,0.0,0.0
2031000108,2005-06,Eastern,4.066065564256902,5.899074816437302,5.305016546423875,4.9108086252833765,1.08002300067821,9.79032114865976,3.646283052037659,4.883548210898423,3.8796173038827986,5.440259453824846,1.9650569761913879,4.624580155580356,9.72322710736706,8.5323862071166,3.116501067458807,0.0,0.0,2.358221553919266e-05,0.0,0.0
2031000109,2005-06,Eastern,5.8127740437155095,11.408381690862868,7.383841723024521,8.77463779219888,1.4851717559233772,10.491393580094515,6.48534661808426,7.819094701753686,6.194292674316058,8.30026130428765,3.242815186664244,8.939283910673028,17.181534129543433,18.168212522436797,4.988140361668764,0.0,0.0,3.483746108715749e-05,0.0,0.0
2031000110,2005-06,Eastern,3.3933174884107933,4.334772861252516,4.63019996580846,4.578511133899528,1.0626486037418232,9.856719733619299,3.5820097585134656,3.8545488100310608,3.0525015898626195,5.100048331624659,1.6332070223505766,2.78381250046508,8.497822441991389,7.026395714250242,2.588619707095242,0.0,0.0,2.3711274075388677e-05,0.0,0.0
2031000114,2005-06,Eastern,3.7141813319242463,5.540765755366983,4.737026076508329,4.503948376524175,0.9597217069927534,8.704966259935512,3.4966108372001026,4.364622436431786,3.4701967477858515,4.896835018455955,1.8845376714620552,4.476864704835108,8.932272050763292,8.689892090888456,2.8743506268773107,0.0,0.0,2.565475659972541e-05,0.0,0.0
2031000115,2005-06,Eastern,2.9800541126295794,4.191451845850288,3.8217016060198534,3.37872733127213,0.7908009063853333,7.2265043622646665,2.6130961743044367,3.357299062131034,2.8012091047847885,3.82176899671352,1.6140805673025547,3.384178046850233,6.708799616660045,6.273535340812609,2.3419133594162105,0.0,0.0,2.47737926729567e-05,0.0,0.0
2031000401,2005-06,Eastern,5.364337883886117,9.752522036559851,6.721652670461813,7.754918886656754,1.478284773648655,10.203718967631403,6.688243851854838,7.081824118740876,5.425476285497732,7.409744212368784,2.892553901668402,8.268460823937787,14.877621127787323,15.16227712877789,4.385785802247344,0.0,0.0,3.882721512788078e-05,0.0,0.0
2031000402,2005-06,Eastern,5.267488925026947,8.489836161902657,6.495136881755462,7.408131081393438,1.6282004944681463,12.630930735284034,8.198497088489075,6.706145328691729,5.219743592625833,6.96717815517058,2.6401225607567973,8.417972973789357,13.338915193537085,11.658464691156246,3.818849037090614,0.0,0.0,4.6543569354495846e-05,0.0,0.0
2031000404,2005-06,Eastern,3.5405465299659244,6.276699826753389,4.468343146866795,4.972322151178895,0.9749129966797354,6.954486806535501,4.440347550772196,4.596607673177417,3.513627411002462,5.055310225161878,2.00523110499174,5.186991798562046,10.152504795199288,10.450480977834944,2.925667641898984,0.0,0.0,3.2687062927533424e-05,0.0,0.0
2031000405,2005-06,Eastern,2.4433285366845023,3.701938108191964,3.295027295978265,3.378832417585082,0.7894443139525733,6.591225889056612,2.9656654344667706,3.0502578742902657,2.3451639710444194,3.6129554252725806,1.4473617164478019,2.8860165175006074,6.522510272910738,5.894790943964906,1.9772276334937602,0.0,0.0,2.116810728886293e-05,0.0,0.0
2031000406,2005-06,Eastern,2.456156211024991,3.2631082367713966,3.3585942702013987,3.317703296067939,0.7389209360282604,6.887094864060785,2.811145777951586,2.800836575011183,2.233177594625456,3.630239232754188,1.3701419847209124,2.265883286971095,6.17628928231902,5.416434281701723,1.8765163583431392,0.0,0.0,1.9715018640828058e-05,0.0,0.0
2031000407,2005-06,Eastern,3.9813205105797396,6.498689741444297,5.379516117716693,5.43482959161026,1.0553700094249026,9.02898290840433,3.5016641950279386,5.158798146462164,4.081067037256854,5.630983747849251,2.173200964474183,4.724796540960711,10.58879856247061,9.767735389885646,3.161343085766782,0.0,0.0,2.8381729305903566e-05,0.0,0.0
2031000408,2005-06,Eastern,1.6188560512878356,2.3341178193591614,2.2159861058581805,2.159463229000751,0.44341645680214253,4.235764658950091,1.6692312986399536,1.8364934732940978,1.5786382913030976,2.422549572210606,1.055489832227583,1.6718465733023,4.514468095173755,3.733958180372584,1.2802838651410273,0.0,0.0,1.4851200572417098e-05,0.0,0.0
2031000409,2005-06,Eastern,2.3227611633156586,3.672186445687945,3.210890409828498,3.5780781362971097,0.6905992369945525,5.861713079760595,2.65895341568833,2.7887849372004823,2.2219812247564708,3.4579086014796374,1.3627696874329145,2.633350210524025,6.180122115212327,5.105285610117033,1.8636979547652155,0.0,0.0,1.773196635779635e-05,0.0,0.0
2031000410,2005-06,Eastern,7.510490127566049,11.174244522764411,10.061178384747567,10.2794035724945,2.119142801604746,17.78260533970559,8.962045754358966,9.164072512514997,7.216398411495602,10.002709215346611,3.4584669055648063,9.647616022819204,16.236545134010022,15.855120500823858,5.377251417483146,0.0,0.0,4.6793435963024305e-05,0.0,0.0
2033000801,2005-06,Eastern,3.7934591920035654,5.327977027062915,4.8150445235223565,4.322252203854061,0.8583115204358648,8.20466449958712,4.966916536667383,4.085658271712664,3.3815383721339862,4.661856144157381,2.007130179139264,4.396959836983267,7.774955094933565,8.086436337791396,2.7821988297051488,0.0,0.0,3.58246796354874e-05,0.0,0.0
2033000802,2005-06,Eastern,2.6292937133515943,3.68174033019354,3.472361903067137,3.2437595923115703,0.6047130720435235,5.875843887344913,3.148177805328882,2.9172898104240503,2.3441939247491557,3.850067917145645,1.646421397269164,2.309437733647642,7.003751789831506,7.794927191693613,2.1130694019148395,0.0,0.0,2.4227008590399842e-05,0.0,0.0
2033000803,2005-06,Eastern,1.9615870937963993,2.9906835633572917,2.634013359987112,2.7451922680302525,0.5018660236328056,4.706246798456332,2.056691017611071,2.258648683835857,1.812526413188835,2.8487331480727374,1.193422763570743,2.111866283929525,5.342163090478568,4.999823964116584,1.5310040594475613,0.0,0.0,1.68404062557303e-05,0.0,0.0
2033000804,2005-06,Eastern,3.51492371925571,5.879784752037209,4.608862587882545,4.543423737569723,0.7834733501820441,6.505531762336088,3.7470730269557193,4.173885374219449,3.409762546153384,4.7427882722750025,2.01705959347145,4.316762369258692,8.58100584227783,9.371757860094725,2.862247662658534,0.0,0.0,2.8866194946676028e-05,0.0,0.0
2033000806,2005-06,Eastern,2.2705689496103534,3.3542393811912143,3.1090363164701738,2.967560217330711,0.5930720232782322,5.275560456466658,2.4870482217544656,2.68421491715631,2.1705137362653724,3.4521001676600496,1.4785940175104322,2.067813705486575,6.310417315692256,6.167286528588788,1.946675438931405,0.0,0.0,2.0178802747808837e-05,0.0,0.0
2033000807,2005-06,Eastern,2.0010780087499285,2.9370882830495066,2.5690919379474524,2.5299743040113616,0.5714025862081806,4.936791978820214,2.017268997830162,2.352241441840059,1.864642032311846,2.8994181437355127,1.2046038805980412,2.1881265990379015,5.62426717635586,5.50316772405875,1.5994509535466832,0.0,0.0,2.0435382726567005e-05,0.0,0.0
2033000808,2005-06,Eastern,1.9059609126342394,2.486544457061048,2.6040857906631416,2.3150562655431624,0.4697940355287389,4.732364170253969,2.1472747279243083,2.0515456058619814,1.7016933822400904,2.79978354735153,1.20164226390651,1.5156226070858145,4.83545683974542,4.600177876636246,1.5423161294605068,0.0,0.0,1.6688862116089574e-05,0.0,0.0
2033000809,2005-06,Eastern,4.8177236599469815,8.730242580482898,6.152716994446973,6.230883999378194,1.0766948709167494,8.23629555705083,5.205791073345253,6.000440303276848,4.635619773613129,6.534384111782674,2.656954713926465,6.343537800296057,12.313487387621823,14.99459457204992,4.2134101529082075,0.0,0.0,3.219350477833306e-05,0.0,0.0
2033001801,2005-06,Eastern,2.277093353649917,3.7928342922097906,3.1102834826425543,3.771770254968963,0.6271000844889555,5.048909365099621,2.5354924720727596,2.778574773983028,2.2183342356648805,3.430806355853085,1.2705667650449806,2.681700337682834,6.387517157485974,5.859680583958583,1.8236480864846292,0.0,0.0,1.7777428096157572e-05,0.0,0.0
2033001802,2005-06,Eastern,4.222349089369065,6.467118630536106,5.373530641763798,5.373872713274257,1.010171967074478,9.111204976329633,5.139711270182534,4.920967814453898,3.8794772594370825,5.5495060523794795,2.1307684512141534,5.318979799082403,9.98007361629553,10.463675353393521,3.182128618843627,0.0,0.0,3.217060621549139e-05,0.0,0.0
2033001803,2005-06,Eastern,3.1261520212144975,5.05733254420431,4.011792828261507,3.9602075731982715,0.7160518133985665,6.20175934301804,3.5183028139774457,3.720208938493447,2.840247236863345,4.388557226697515,1.7259158615174361,3.697011308441264,8.285517708000846,9.494714545619871,2.539726341299335,0.0,0.0,2.5872083428679962e-05,0.0,0.0
2033001804,2005-06,Eastern,2.2766781101971088,3.239925843308788,2.99233333776059,2.8422996396874036,0.6527279855529157,5.79998542084685,2.3443662678149613,2.606962365787006,2.1530692767064643,3.200166721296622,1.3674627910436583,2.40208109826769,5.791483713274233,5.365731170907052,1.8671306368051337,0.0,0.0,2.0374175593455275e-05,0.0,0.0
2033001805,2005-06,Eastern,2.655132885105818,3.6853230660344645,3.4158819250217625,3.04897014070254,0.6829758306533706,6.4111796688574385,2.6564417752958422,2.92752083536833,2.4665562672517516,3.461412011665235,1.5204067436730833,2.913764068459701,5.961581479357633,5.8229522241039335,2.0872365461112925,0.0,0.0,2.6421265068969026e-05,0.0,0.0
2033001806,2005-06,Eastern,2.2487976338158897,3.4677557655973588,3.0622689414751973,3.13500303366545,0.5971943973229784,5.5770287929820554,2.352050552353594,2.7076717486611965,2.2099812222536293,3.4970972477104185,1.3158662882018082,2.3380127610839696,6.5693185764483335,6.246351379089311,1.8790057880532474,0.0,0.0,1.8413108002725396e-05,0.0,0.0
2033001807,2005-06,Eastern,2.5831460347351105,3.7879658796014493,3.313096841940242,3.156493635537754,0.6137736633866016,5.79209398436624,3.155385551928582,2.9254902739998676,2.3095874964060528,3.5212516805294896,1.3996048238179317,2.982729380097879,6.341784817498462,6.718525827337053,1.9593261590962765,0.0,0.0,2.6048604464620497e-05,0.0,0.0
2033001808,2005-06,Eastern,3.312353508144369,5.170490381426021,4.538163402585566,4.634954329020869,0.8478293704025254,7.069647375403663,3.961612773528808,4.012946356534,3.248065606304429,4.9337686826721505,2.1686860026971595,3.49868142643711,8.608028011386669,8.862814431242516,2.6933963303213413,0.0,0.0,3.121292920879032e-05,0.0,0.0
2033001809,2005-06,Eastern,1.7994515943844993,2.233697648392719,2.316252631393913,2.075967869595019,0.5095350272754428,5.27361094490501,1.8250518723596083,1.9548461903366725,1.5791168969248899,2.639601422104316,0.9913375992649922,1.5802183245830181,4.764809125097736,4.695982280552296,1.384232840204355,0.0,0.0,1.681697757638585e-05,0.0,0.0
2033001810,2005-06,Eastern,1.4800109535375194,2.033178732956069,1.9734914731768627,1.9575381858559708,0.389702444256324,3.9193027843838277,1.757708348188633,1.6126575168036843,1.3964712918225686,2.3007351173996793,0.8998599893410985,1.433514060765683,4.246115684839993,3.6674082688491083,1.1643627355270012,0.0,0.0,1.4127699231622546e-05,0.0,0.0
2033002301,2005-06,Eastern,6.172070900994969,10.057329224546951,7.903937571016755,7.936630408181726,1.7055914261805254,14.142262165327283,6.047634242627033,7.851834322477706,6.1227325218364355,8.025910034698148,2.908584697959329,8.685409837250926,14.826615466456815,14.763959149202082,4.829418782685595,0.0,0.0,3.220273992316996e-05,0.0,0.0
2033002302,2005-06,Eastern,6.884011369751602,9.35277214559161,8.682449757739422,8.71212431467237,2.521145540405434,17.930534878151974,11.383694227022866,8.157506045853395,5.88552838330203,8.594021191728919,3.1541936331199776,9.73929356168422,12.597911480687848,11.837528814314108,4.643327481790342,0.0,0.0,7.510753475417017e-05,0.0,0.0
2033002303,2005-06,Eastern,3.814930060577216,7.305666360486865,5.232149551721989,5.673124094523506,0.9343085624670635,7.3665066749380355,3.3582926002193085,5.149961392263914,4.284392110617325,5.812423983877126,2.416023481473823,4.744540652692312,11.60334758239494,11.84058690056065,3.3973885151973557,0.0,0.0,2.803613163825063e-05,0.0,0.0
2033002304,2005-06,Eastern,1.957686533056764,2.725530772273586,2.678819331762966,2.5364410435271445,0.5462774509320192,5.1372334109429065,2.248808896619333,2.2706652686859523,1.8859394509235763,2.9350043517118056,1.2476279389737392,1.8219277641517821,5.153319046695369,4.695194269559425,1.6093820280661613,0.0,0.0,2.0189953534399147e-05,0.0,0.0
2033002305,2005-06,Eastern,3.3581267385281177,4.4949369255971465,4.629589336251405,4.511805242753318,0.9811128746722532,9.302015896849166,3.661418835319943,3.903047230268004,3.0331859482736934,5.0922252292375605,1.8568627289920487,2.8445635824599615,8.756066298137586,8.1255602595275,2.6388803416546684,0.0,0.0,2.4725962482475933e-05,0.0,0.0
2033002306,2005-06,Eastern,3.034358503511993,4.512642034168183,4.12944508721038,4.421106217540578,0.8318449214116045,7.2711531980299,3.6114471298182704,3.5888451170209117,2.857814572317252,4.613775797335396,1.817051201620658,2.9357388770012967,8.464743561092346,8.195533798184554,2.4244567599119606,0.0,0.0,2.68299328403303e-05,0.0,0.0
2033002307,2005-06,Eastern,5.1531376681122625,9.12659319793603,6.575163757554915,6.731492570526295,1.448263448322723,11.009380690989392,3.8428803872903523,6.746340433367039,5.570291809514031,7.309897161512117,3.1273605061259278,7.076236312499963,13.866637768909772,12.792424324157036,4.583513298510625,0.0,0.0,4.7143949151179675e-05,0.0,0.0
2033002308,2005-06,Eastern,2.693084785492654,4.273046502896231,3.6429150767093867,3.3958369986636527,0.6285449677256233,5.4502754026694555,2.601303559418091,3.235536013803966,2.598104164855968,4.037435761476449,1.744643833700655,2.526481510687303,7.580472711825689,8.423657211256005,2.4124970800323813,0.0,0.0,2.1819497228528342e-05,0.0,0.0
2033002309,2005-06,Eastern,3.2832328781499243,5.282826521173493,4.634016910930192,4.578180345628145,0.755869917119625,6.537645033970351,2.6700760126396834,3.9461636860948053,3.4729738240494585,5.14268135844488,2.217009717912548,2.930777176262966,9.282736155965665,9.02367881953721,2.7207948807651836,0.0,0.0,3.3091438145137676e-05,0.0,0.0
2033002310,2005-06,Eastern,4.365467665814757,6.493491901829957,5.773905862995387,5.267692125680199,1.097021532757838,9.869670206709431,3.782106052273645,5.229266875337602,4.249600387979123,5.814636157629182,2.2505224651945928,4.848204369393802,10.258409443516875,9.585402930959171,3.467817440744756,0.0,0.0,2.7469792692053833e-05,0.0,0.0
2033002803,2005-06,Eastern,2.090202782101286,2.8584182544300782,2.806086628138662,2.6915470233182535,0.5923402850413584,5.823568180808566,2.239959493384178,2.378389737507465,1.9011824655655747,3.1782582755915736,1.2349205282340991,1.877339412698023,5.780357530109594,5.358161911730569,1.6780837816762826,0.0,0.0,1.7273586220025124e-05,0.0,0.0
2033002804,2005-06,Eastern,6.307568962882053,11.10649449647881,8.071309366636699,8.529627162992826,1.4377274471026158,11.542262931136124,6.897216092442166,7.913226273151693,5.962899894804982,8.558874013986005,3.2205869119334958,8.227557816493492,16.401172788338208,19.028640213853393,5.192748822694713,0.0,0.0,3.3721774501142756e-05,0.0,0.0
2033002805,2005-06,Eastern,1.7395985180028102,2.451379387788566,2.2587184127090345,2.403400096432178,0.5165322625852954,4.770053546371307,2.4596071129716868,2.0147117275030824,1.552260320106767,2.5788598248787515,1.0163181693060805,1.9311720177478124,4.85070891626547,4.456084425000028,1.2805135805233623,0.0,0.0,2.137944736603053e-05,0.0,0.0
2033002806,2005-06,Eastern,5.978210991849809,8.232268602706212,7.776713144227829,7.101496892237955,1.5705342108059304,14.627528839039336,4.897130015111374,6.95147009157986,5.897674286917177,8.519893788672043,3.2906898613786852,6.056307909818159,14.202862750508,13.416321412468626,4.495477180219982,0.0,0.0,6.537728760414649e-05,0.0,0.0
2033002807,2005-06,Eastern,2.2950443108434238,3.7036793723894754,2.974871576979042,2.9882708739768677,0.6242065562834062,4.835334884172512,2.3706765408139074,2.80265662021633,2.2198950007064986,3.3666797430454007,1.4697347046861033,2.644235117828953,6.6975486790174426,6.856557599264937,1.9697979813253386,0.0,0.0,2.2983430318836388e-05,0.0,0.0
2033002808,2005-06,Eastern,3.1679919425157395,4.749973984020447,4.0238227697380635,4.4846158135147025,0.8885849369477921,7.812519940490477,4.216727294855428,3.8176592240753724,3.0186818285598767,4.719839550541708,1.6652239404291422,3.8109928380576545,9.149580048372789,8.560263605207888,2.4023549753233655,0.0,0.0,2.6103450371542097e-05,0.0,0.0
2033002809,2005-06,Eastern,4.290651988378015,5.72295247765399,5.58175927323947,5.574691695794541,1.3480805005199268,11.738973239769535,4.994527389166541,5.016362994762858,4.027122688244425,6.16867202191435,2.174780174845861,4.593904104177073,10.833121569302602,8.999246455214081,3.1510389331334014,0.0,0.0,4.344891809971364e-05,0.0,0.0
2033002810,2005-06,Eastern,3.1162534980283065,4.411316174381967,4.048842004607173,4.109635357058523,0.8993354685450438,8.914335938079248,3.9311109268972935,3.7348369705053748,2.821305793562647,4.5307195749192655,1.5126610046982314,3.54142279288801,8.103741441239272,7.925180968103037,2.3414142519602668,0.0,0.0,2.512889891707909e-05,0.0,0.0
2033002811,2005-06,Eastern,1.8667391330778593,2.6010169250292012,2.3875936903012667,2.4738289276296634,0.5468487851503141,5.163389485176611,2.6988397328651463,2.1381693978871343,1.7120605470816355,2.6550752921433376,1.0746697634705185,2.231970877615531,5.016452408515367,4.470625097808014,1.3386349775878243,0.0,0.0,2.6184207871274564e-05,0.0,0.0
2033003302,2005-06,Eastern,15.423302638053663,22.0421349130635,18.86543664865206,16.022298249758677,3.8129382795992046,30.21571363135532,20.489390274334088,17.721112315738853,13.043178307834637,16.248767563993074,6.266329454520292,20.573635130162938,24.83329690095718,25.3128753101332,11.165961266895591,0.0,0.0,8.822074326721827e-05,0.0,0.0
2033003303,2005-06,Eastern,4.456222371824199,6.49826978039925,6.0111798279073705,6.588599146223146,1.37271822422242,11.30736591635688,6.077458066433911,5.342307574872038,4.121533132704642,6.433563858661652,2.229435259976734,5.129877468588544,10.958336737107821,9.724524907218138,3.3761990998947455,0.0,0.0,3.066890710749198e-05,0.0,0.0
2033003304,2005-06,Eastern,1.5090607713047113,2.1742882759745608,2.0998401506941318,2.1925156920531914,0.5209156375389074,4.6210540808993725,2.102731349859819,1.8547212472576586,1.5245944886189982,2.4931212289297133,1.0319661675487042,1.45426534187977,4.566650480475077,3.714393735494131,1.2882834009602686,0.0,0.0,1.8575535118241477e-05,0.0,0.0
2033003305,2005-06,Eastern,5.590597063126627,9.52538822978084,6.948397755367763,7.62639817037073,1.4818516699813529,12.583203595588536,6.486674938277578,7.459516271513239,4.929693743265928,8.293479032267834,2.366545397572189,7.8688747153766885,16.377392146375175,17.357898912399538,4.282830634462031,0.0,0.0,3.0181151336496484e-05,0.0,0.0
2033003306,2005-06,Eastern,1.8664770239331423,2.3674187264400826,2.4330283828163033,2.1236566297500077,0.47288231931878066,4.782577096091232,1.9259054664968478,2.019274467729306,1.592269915263964,2.753212013015144,1.0940045130253293,1.5277388207247788,5.052702260588488,5.148520081309378,1.4439637754072852,0.0,0.0,1.7084545645546146e-05,0.0,0.0
2033003307,2005-06,Eastern,2.589653133699376,3.9051557802302606,3.5304859924570833,3.4958329886027038,0.6793775455269153,6.277757641233702,2.804155073700113,3.095125596820238,2.5859445652747164,3.850515348813053,1.5397781329349334,2.734049738668591,6.912337103509318,6.21598759463993,2.125396655740129,0.0,0.0,2.1518545046082598e-05,0.0,0.0
2033003308,2005-06,Eastern,2.047969311073572,3.4545288462423422,2.7323568012499755,2.9569607382121545,0.5341357149690225,4.438716441300626,2.1812997943525363,2.5658528374832152,1.901527262924089,3.0802167990485034,1.3252305311162167,2.3267124339062333,6.230757940581839,6.790112478898809,1.7299120449115057,0.0,0.0,1.4111779857391315e-05,0.0,0.0
2033003309,2005-06,Eastern,2.7736116711271093,3.641729987562973,3.83129137787989,4.115789304575134,0.7501099877980637,7.326611335248927,3.3297729024275378,3.0406939861866413,2.54499602809475,4.337590254626184,1.4098365295315753,2.1894942921060143,7.319147378696387,7.718217189184019,2.1692339101986424,0.0,0.0,1.7032211153921095e-05,0.0,0.0
2033003310,2005-06,Eastern,2.5244682386256976,3.5941366621660302,3.353296503580551,3.3736301002860487,0.6572300258604811,6.493680754530086,2.740798736555043,2.9251219176183287,2.2539695066245677,3.748750715575855,1.3482593000821874,2.5135554338044415,6.779357474264168,6.279860377631864,1.910808854802464,0.0,0.0,1.912102481659132e-05,0.0,0.0
2041000201,2005-06,Eastern,2.8522157300790063,4.764330591790317,3.8583168053846393,4.112854829097925,0.7200742402670244,6.3788031754483585,3.214890578587336,3.506089375632754,2.99254878513168,4.367198975303301,1.7256844152173914,3.463518302297068,8.007038900792617,7.063290348092206,2.4183381140086104,0.0,0.0,2.5059422235857716e-05,0.0,0.0
2041000202,2005-06,Eastern,2.0284982157696043,3.09835760961183,2.788511322504988,2.924809039747839,0.5311798426364029,4.8372389473043365,2.457501965000265,2.4032315119842687,2.053234961519062,3.1924798976091444,1.3448614750589978,2.1724089321021682,5.825320726243799,5.172788727726787,1.6340071881215406,0.0,0.0,2.099508170685972e-05,0.0,0.0
2041000203,2005-06,Eastern,3.7811505093566007,6.366333837620637,4.84191283074332,5.3078353851605184,0.9694535946790236,8.144998958643411,4.551056172460776,4.700913835658235,3.70561526073818,5.29024826575593,2.1787442299940762,5.1240366856961295,10.321187395380422,10.936041126970506,2.9523784504819868,0.0,0.0,3.7644398050021323e-05,0.0,0.0
2041000204,2005-06,Eastern,3.216680593603831,4.716600853285464,4.320087164037557,4.61014947218855,0.87999210361935,8.17837152410108,3.8082261147496594,3.863167649942427,3.2679718914275364,5.084133663688159,1.8335143861920185,3.232881996428582,9.27230267792847,8.617416416373894,2.5656012599403155,0.0,0.0,2.8373858486451843e-05,0.0,0.0
2041000205,2005-06,Eastern,8.176566212197176,11.803200856184658,10.547502919866611,9.948601794375246,2.1883145972623455,19.4547003071912,6.726612747516266,9.865573866230884,8.215620443725424,11.438868872127825,4.223796004874404,9.157450099749711,19.176326451957426,18.233090498913672,6.143468776948366,0.0,0.0,7.522937351091913e-05,0.0,0.0
2041000206,2005-06,Eastern,10.648300840044117,20.736770264453117,13.074906142290734,15.143688205281142,2.5954313206800954,20.73608817248412,14.351664630984141,14.324780141839797,11.216615115444924,13.614260561151116,5.612507072255381,18.93897596678267,25.94018329985113,29.44081498437891,7.913265934629526,0.0,0.0,8.139563123034999e-05,0.0,0.0
2041000207,2005-06,Eastern,5.085954868656458,7.706345717561854,6.782589163154722,6.956561916720907,1.3243851973253198,12.632744191888932,5.484746130813707,6.284381425633504,5.319716376340889,7.741113193053851,2.915211884667118,5.348648394077301,13.51211584838122,14.024636650538248,4.036077499552222,0.0,0.0,4.50659664739581e-05,0.0,0.0
2041000208,2005-06,Eastern,2.667697683615784,3.917340892462545,3.5556773976107974,3.8700413182684703,0.7323909912940324,6.470133624660173,3.1550160657029584,3.0931826300038137,2.4626869332084294,3.9491231660036377,1.425391608418497,2.8234794531287997,7.106405435868417,6.106458006294197,2.045249016457878,0.0,0.0,1.844190937963678e-05,0.0,0.0
2041000209,2005-06,Eastern,6.516052512669673,10.732158691064315,8.368691133148129,8.290250093720632,1.7411675656285097,14.065589437847207,6.754648874282505,8.37995440091039,6.552162379534414,8.853208796828362,3.2470724523310253,8.558710860599309,15.959358647924299,16.963730747100847,5.490729315184706,0.0,0.0,3.737509579302869e-05,0.0,0.0
2041000210,2005-06,Eastern,4.281648277488169,5.228729294929243,5.658841193239195,5.19132606774767,1.1799341577337656,11.456880004048498,5.491015174049143,4.580859716969175,3.5848503846572926,5.815178400906537,1.9062234684362682,4.119803898759007,9.071401855238099,8.085208579838417,3.025481734364452,0.0,0.0,3.118509554450865e-05,0.0,0.0
2041000602,2005-06,Eastern,6.306928591957519,9.326950914779133,8.285186912408978,7.958796772555633,1.9619459589698556,16.179286380055487,4.959671089500158,7.8817342851534375,6.443572102391029,8.870572166676638,3.356025458837447,7.054416227774594,15.303976544491979,14.040616104463199,5.212294622953942,0.0,0.0,5.0725540349949795e-05,0.0,0.0
2041000603,2005-06,Eastern,4.041377697902936,7.764178859657403,5.365405416283079,6.1728630259894555,0.9771650510169879,8.280812730269034,4.51006441594635,5.392024526426236,4.542736569738342,6.3395820078352685,2.7882316167645906,5.265295657599772,12.284001926098064,13.94391779362643,3.4615365817158232,0.0,0.0,4.231084537412599e-05,0.0,0.0
2041000605,2005-06,Eastern,6.175946031886619,11.945326346932218,7.805709520174563,9.499905195095694,1.641231612880161,14.601829472955954,9.389790443612728,8.649749211908508,6.971577862558316,9.441873890101428,3.9550324081282797,9.618938081483677,17.729148140558518,20.458948096847816,5.19300063015074,0.0,0.0,6.761430830383136e-05,0.0,0.0
2041000606,2005-06,Eastern,1.9391321018163774,2.852827169710016,2.70968178186854,2.3975014693992054,0.4846988828038435,4.549816181867941,1.6137882212435635,2.2835677910649443,1.93733270754627,2.8644501307476764,1.269611650310777,1.728535266300274,5.359832349897317,4.8526435488669115,1.6494493614445167,0.0,0.0,1.5929046752623074e-05,0.0,0.0
2041000607,2005-06,Eastern,3.7649267244680455,5.939348650635803,4.743708308343757,5.113096508874732,1.1078991136074023,9.029822447921369,4.213553635907482,4.687247859520175,3.6515637371835448,5.154208187880047,1.958440646623099,5.137743083734193,9.924851566583058,9.341182652659862,2.8833284663033316,0.0,0.0,3.0098936973625368e-05,0.0,0.0
2041000608,2005-06,Eastern,5.470583744691638,11.349503565601532,7.043831528802825,8.38720512003637,1.4013891169875616,10.41202353264864,6.820263571101504,7.714496502105623,6.088572019781846,8.488866618204257,3.5946067949801033,8.056042059565707,16.766146175515267,21.69447354693249,5.102046202954859,0.0,0.0,5.171524091541496e-05,0.0,0.0
2041000610,2005-06,Eastern,5.151054629446527,8.27195897684748,6.723748273831845,7.430630145127225,1.5788206043839024,12.161664581807512,5.651143154746361,6.663651016302567,5.057607574676444,7.334265798066958,2.6352427370519176,6.442188733537558,14.009072709499376,12.522085277405795,4.0794271394076995,0.0,0.0,2.7993508231552357e-05,0.0,0.0
2041000611,2005-06,Eastern,2.5361640546674225,3.8251963354302143,3.328988605957612,3.2379200940613284,0.6844498627635283,5.834719580541607,2.819528876463681,2.9837696840905683,2.3859263983446435,3.6076310108345973,1.5098338953738037,2.8084113385576015,6.623337219760282,6.4570731825884256,2.1107060494113274,0.0,0.0,2.228346873567856e-05,0.0,0.0
2041000612,2005-06,Eastern,3.0207187734515295,4.768384015229934,3.8793534708953876,4.59285878377715,1.0724999742623118,8.655845442917736,4.97995753878817,3.9118406998199093,2.9039040434397765,4.347428666418707,1.541462319828567,4.5160954632290515,8.089557850973781,6.9142183646510835,2.243220075674927,0.0,0.0,2.8259284365508227e-05,0.0,0.0
2041000615,2005-06,Eastern,6.687761962937374,9.04699720887937,8.440329316925082,8.447522558429286,2.4459992882217776,17.466118900886404,11.05548793204834,7.8966730236121565,5.707843953843648,8.36516259184743,3.0825077410208213,9.382799914161478,12.2537743236339,11.505819601113238,4.512564063238739,0.0,0.0,7.416082955570798e-05,0.0,0.0
2041000901,2005-06,Eastern,1.1643719668985695,1.5284647841696448,1.4838308486716092,1.489988287014867,0.31778713850050494,3.1653296835534426,1.3376844549122107,1.241615451224405,0.9802157698193538,1.6694178496996719,0.638376100077461,1.2030674391197596,3.0222520493625447,2.8282675452485515,0.8275736641696717,0.0,0.0,1.2633301340388407e-05,0.0,0.0
2041000902,2005-06,Eastern,4.570416371283197,6.998065928156097,6.142474978954566,5.958152127205235,1.0891008529505386,9.834101564180383,4.577648164463277,5.447382963923159,4.467838582923956,6.2626270205899965,2.2905575039567205,5.099729689244811,10.719894381229832,10.553026087459777,3.6720487943226376,0.0,0.0,2.5664173183746834e-05,0.0,0.0
2041000904,2005-06,Eastern,2.7447822319472004,3.966165137768514,3.462846706280676,3.592702073368361,0.735714873188988,6.768151499966133,3.284600496609572,3.143397095050245,2.607671444625961,3.8330988951618843,1.373257713700243,3.3744022911948037,7.018035757058784,6.442954986802729,2.0594061282815197,0.0,0.0,1.9492286656668748e-05,0.0,0.0
2041000906,2005-06,Eastern,5.377441952272181,8.690602595684732,6.627206594228039,7.569705930564792,1.6635633913128534,12.86870830542045,8.37094326716051,6.862366184655131,5.334685716862047,7.102437934826838,2.6857997624485943,8.637509191755525,13.602185320407772,11.892120074926533,3.8966739516675193,0.0,0.0,4.695171791252139e-05,0.0,0.0
2041000907,2005-06,Eastern,6.059720302093903,9.945303388327485,7.447943405402121,8.572567599877988,1.8836439530452713,14.334725954508286,9.442997625929621,7.839531534557174,6.050945959382215,7.937940675323067,2.9682113673403197,10.015441869228113,15.229889944669377,13.338229620072909,4.377735775266969,0.0,0.0,4.936411306786245e-05,0.0,0.0
2041000908,2005-06,Eastern,3.218157042447059,5.024235842743827,4.2482471760394285,4.315880824122115,0.8561727658989566,7.38816796372012,3.2993429373032757,3.9510686910929516,3.158124429280357,4.833300872872705,2.04833739136941,3.318735970871343,9.374079830159943,9.998434663381616,2.7394107437955006,0.0,0.0,2.8834542519091966e-05,0.0,0.0
2041000909,2005-06,Eastern,2.1054218310112196,2.9849416163105373,2.803838747773329,2.8951076206568334,0.5108408105820983,5.200609646170424,2.488304722380372,2.26167947694731,1.9274105167208806,3.105046397926313,1.0847338531047457,2.2357713135938626,5.425306843023983,5.046924434906314,1.6456330497137057,0.0,0.0,1.3950860108637908e-05,0.0,0.0
2041000911,2005-06,Eastern,5.184836844524385,6.881810237321131,7.146961435712609,7.0989750165239895,1.7081588855386312,14.907417838767413,7.364157665159269,6.08664936632723,4.6284180516022415,7.388653331934276,2.4603457536537086,5.627951928721221,11.356024193919161,9.655983927306234,3.7900275704755213,0.0,0.0,3.9069160876605164e-05,0.0,0.0
2041000912,2005-06,Eastern,5.055103538439324,6.781460590365037,6.614361362711049,5.916348733157405,1.3149050655061623,12.552986412857937,4.132829755948759,5.764218563323884,4.940008187133353,7.274068423281141,2.8915761735236427,4.832066382207452,12.097275619293058,11.380128741820121,3.798976801622519,0.0,0.0,6.0519699367935005e-05,0.0,0.0
2043001201,2005-06,Eastern,2.084183863059345,2.9529282004003328,2.724688596734978,2.6644315267421335,0.5781104199665046,5.198189039762157,2.3488724178555325,2.4479393252178907,1.9216804993153371,3.190671889544088,1.2896088615562586,1.99271387919854,6.1491253239146975,6.213407856651238,1.6825082140633607,0.0,0.0,2.20025730188039e-05,0.0,0.0
2043001202,2005-06,Eastern,1.6746196130525774,2.2127366533173856,2.2183007872841305,2.052701613856203,0.46010310062364596,4.564813097003959,1.735149968355508,1.8475425974062867,1.5015325502403931,2.460374755646083,1.0346866083089654,1.487599086981446,4.5014356466630225,4.405705388465599,1.3127819748920997,0.0,0.0,1.5443470785825686e-05,0.0,0.0
2043001204,2005-06,Eastern,8.4679741688949,11.612621058372842,11.252171979315705,10.872454383643175,2.5717727992428787,21.38979657942285,9.511595332679288,10.0954262693172,7.802688326622611,11.284549808231251,3.7706865764768898,10.040274490101147,17.326853980234624,16.25558823245921,5.965186446094167,0.0,0.0,5.981967506744775e-05,0.0,0.0
2043001205,2005-06,Eastern,1.9176163157289385,2.8433773997652203,2.5105375520719018,2.6035232928539624,0.5567948245807053,4.881492882511014,2.09226070336228,2.2759161245872948,1.8499064536989767,2.7489847923582524,1.1426149695115533,2.24973462197237,5.191311907386608,4.661588217868179,1.464519895168676,0.0,0.0,2.2085913319352865e-05,0.0,0.0
2043001206,2005-06,Eastern,3.542671231571633,5.696351496471095,4.658298701332787,4.902520524710085,1.00678864297183,8.184429702739285,4.203411719050308,4.386652420382879,3.353550374594505,5.085139363830834,1.9767897027520265,4.301744959896438,9.438659580967284,8.981800268178597,2.948212874917618,0.0,0.0,2.4463055970570002e-05,0.0,0.0
2043001207,2005-06,Eastern,2.1533450465582367,3.237365860460225,2.746010761588397,2.889146204856318,0.6052308889573467,5.226710111099549,2.874687101526951,2.56584784581926,1.999497051380319,3.1007877612432813,1.2261321348580603,2.6901587330551857,5.998744168948204,5.737027718232752,1.6193459382107178,0.0,0.0,2.6138982261647535e-05,0.0,0.0
2043001208,2005-06,Eastern,3.6476443397352347,6.503360293993413,4.900368417429082,5.286715612929192,0.8206651020259873,7.4320758002724805,3.850127117455798,4.554929734020536,4.0057364099540855,5.550932463675957,2.195586234731692,4.505759928791159,10.324461711409814,10.68726815439202,3.13217161038455,0.0,0.0,2.6408822043246708e-05,0.0,0.0
2043001209,2005-06,Eastern,2.4939537360814357,3.763074381224891,3.3269300345239268,3.405419630076455,0.675986523223308,6.031840797143719,2.7864229997500827,2.9456840706275047,2.347022578593182,3.5564083769069597,1.4337717656890607,2.806174399000878,6.458875555541799,6.046286072300102,1.966214513976044,0.0,0.0,2.1664295908864985e-05,0.0,0.0
2043001210,2005-06,Eastern,3.714713733985865,5.878323749196653,5.17974554066666,5.5511226844644,0.9658708136025717,8.612779236827159,3.9198615497850082,4.603138145919193,3.654132218971757,5.6530362382382675,2.124260463174177,3.688904511975962,10.544881650888245,10.087995015979589,3.066761469732486,0.0,0.0,2.177352254424142e-05,0.0,0.0
2043001212,2005-06,Eastern,2.0092279295216184,3.1241239644982968,2.7395732015536907,3.078152357525978,0.6627339100503761,5.770891769947284,3.1653682548920408,2.5777003292670604,2.1175944165213147,3.331405346857125,1.3436257896136259,2.301019007457832,6.274855812427319,5.253926848856133,1.7012529145553854,0.0,0.0,2.4792610211186606e-05,0.0,0.0
2043001401,2005-06,Eastern,2.45358048696448,3.3341194551750903,3.450095559106451,3.4731405813330616,0.7029233916965165,6.797403804705577,3.205832791291223,2.84362015444963,2.363781218543055,3.9476311901462844,1.5150110173966882,2.1012199866421915,6.6134721272762835,5.8702186636849625,1.9646090507387024,0.0,0.0,2.4214188883981846e-05,0.0,0.0
2043001403,2005-06,Eastern,2.099899681051403,3.4854432254392296,2.795162993050113,2.8379235830947103,0.5547777001140456,4.308998852628086,2.0904191669510626,2.588284814540975,2.0759161510199444,3.1141833428643615,1.4138699518126119,2.3575473501832396,6.218655739522126,6.246158332319889,1.8068036254016429,0.0,0.0,2.1168540491057737e-05,0.0,0.0
2043001404,2005-06,Eastern,3.2982633069379825,5.349245235581118,4.314100068695361,4.349721067740851,0.8081242390500435,6.945151700647542,3.2844318914385644,4.007827760125319,3.143361541646614,4.586605866011011,1.809026335940343,3.9711403467280246,8.581778655436889,8.844788200409505,2.6625164448469247,0.0,0.0,2.465332353500956e-05,0.0,0.0
2043001405,2005-06,Eastern,4.451268201402831,7.37456177033048,5.694065350084092,5.824280338259476,1.0226295074250475,8.613980910236576,4.990000492074027,5.369503654288931,4.123359379290437,6.0820960869082725,2.35700104550815,5.512739932003395,11.461090379059355,12.96820842343813,3.5948292039857748,0.0,0.0,3.004985247234648e-05,0.0,0.0
2043001406,2005-06,Eastern,1.7134216387614947,2.534955884546891,2.4609288657118045,2.6013389444312316,0.522870383172961,4.345861890708487,1.9763412248404644,2.0461957444061376,1.6729165699637596,2.6935368446606716,1.130498004014447,1.5590684702348536,4.773554660193481,4.004552495725711,1.39362699947191,0.0,0.0,1.7630673042179378e-05,0.0,0.0
2043001407,2005-06,Eastern,2.818708815013734,4.762382657916116,3.6514500559766385,3.678207804729262,0.7784905552489909,6.018463770431526,2.5954756294313266,3.531652141179515,2.8970368261692294,4.019833570262627,1.8582624351161734,3.528852839514734,7.702973000412603,8.053084557149713,2.4842125666633113,0.0,0.0,3.1366625736830126e-05,0.0,0.0
2043001408,2005-06,Eastern,1.7845987432832058,2.516242049389795,2.3583764507902005,2.251780375619394,0.5282985894925805,4.580157550291997,2.010822543435965,2.112280348290057,1.7207405809750551,2.753379913468794,1.1881655017132815,1.7185815575887036,5.208476436725353,4.963099253670322,1.494546026154548,0.0,0.0,2.2452090422698478e-05,0.0,0.0
2043001410,2005-06,Eastern,4.648048967209925,7.015699961221512,6.000423449316262,5.866256905932491,1.1312910462421437,10.349038694411608,5.1946305733694595,5.489469010567912,4.260952434294244,6.149785760055022,2.265131078052562,5.724305436354897,10.727421227881248,10.458952221303173,3.450087126542801,0.0,0.0,3.793023256284656e-05,0.0,0.0
2043001411,2005-06,Eastern,3.1048148009473784,4.696039704869072,3.9507891253628324,3.853269001220788,0.7437292519592844,6.844467371406936,3.7934375131958973,3.5973503367394155,2.807320720473278,4.181617472257204,1.6079821964782426,3.821961578597092,7.547204612475658,8.001497493941109,2.3528918158567196,0.0,0.0,2.8357932887392372e-05,0.0,0.0
2043001501,2005-06,Eastern,1.4365690499677968,1.7610716666465083,2.1063282577918576,1.892982630696747,0.40259166154601467,3.951849453999231,1.6956388817923098,1.5355152346254088,1.267597325567703,2.3265071589691346,1.1732383874292769,0.7612255983809834,3.9856951959201847,3.3758900810234045,1.1407664419528794,0.0,0.0,1.588538813594912e-05,0.0,0.0
2043001502,2005-06,Eastern,5.929042538386436,12.82778369545281,7.835523165591119,9.471947907908449,1.4133597484555176,10.567096410638895,6.2933680648465335,8.271708190603308,6.893197824307178,9.36145271720722,4.020081214853216,8.154071961129109,19.329735474926867,24.82821157266846,5.758511257936295,0.0,0.0,4.0499014338365056e-05,0.0,0.0
2043001503,2005-06,Eastern,3.3982288722065803,5.8266064626762395,4.513467158878972,4.621098525779612,0.8579998406943581,7.203487721717976,3.102488854476919,4.286810824611218,3.6561264758283523,5.142703692227656,2.293950238103023,3.8477946954693776,9.994491327889378,10.333657706556352,3.047586438572199,0.0,0.0,2.9814189966963102e-05,0.0,0.0
2043001504,2005-06,Eastern,2.005112149377445,2.8603440129256423,2.7919434049295466,2.8573430000734823,0.6068022623293868,5.443637018404594,2.9719622128309564,2.3838975215546796,1.9299356729365362,3.218617034515456,1.3690950473123888,1.9002024103654345,5.695465437540685,4.863990220771647,1.6533182056883895,0.0,0.0,2.18825649510489e-05,0.0,0.0
2043001505,2005-06,Eastern,5.241355015684011,8.937217991725516,6.675475577340816,7.084715084779931,1.5923003596286045,12.733909247499536,5.719914041849507,7.014135456952299,5.159478397370109,7.089176125956034,2.4242096555638253,8.084352752732357,13.192895098817619,12.695613451902073,4.113800688780556,0.0,0.0,2.9628403568450276e-05,0.0,0.0
2043001506,2005-06,Eastern,3.0935770215664107,4.3767302130324035,3.928055549747609,3.76523514477536,0.7560936602436842,7.561172076017914,4.02860137381128,3.456991112516629,2.7589914422012027,4.033058213976852,1.5643204858075692,3.739436385784735,7.0418967728434785,7.055164708756326,2.2221021089703332,0.0,0.0,3.00660335818444e-05,0.0,0.0
2043001507,2005-06,Eastern,2.9379209193972033,3.956213331633083,3.9677193479445942,3.9768789679052925,0.979535300385825,8.796358399475109,3.6414295675260746,3.512713709082017,2.8737246501673894,4.568566119943012,1.7537893178832986,2.8575031701398634,7.922337961150708,6.4452511433980035,2.3096061856500283,0.0,0.0,3.8026918886744856e-05,0.0,0.0
2043001508,2005-06,Eastern,2.43856620179866,3.6057472131255666,3.366212012131561,3.558753584258712,0.6726504480193932,6.14892857519485,3.4478315907635926,2.8920141897814875,2.2818844762777393,3.9587470026094134,1.5428671074447657,2.161886066256461,7.2630981908191075,6.970982453427123,2.0727318595801023,0.0,0.0,1.879912219395788e-05,0.0,0.0
2043001509,2005-06,Eastern,2.33080423604023,3.3583249075746857,3.0039125038850143,2.8216417803768326,0.5514808878119913,5.275342545128131,2.8473655185073556,2.606789126275955,2.0712822968475013,3.198502659088581,1.2971504459104846,2.592234315394239,5.754332395636745,6.091869524551206,1.7682099429372367,0.0,0.0,2.4820935204583923e-05,0.0,0.0
2043001510,2005-06,Eastern,3.0361827442731832,4.225437904781317,4.012222638761855,4.260029775232411,1.0343410770510437,8.883411220150554,5.2540281060397325,3.6825504554372386,2.8274224251367492,4.464102950892577,1.626362384305408,3.647698207648038,7.721276707488455,6.649608975787726,2.2730435839325063,0.0,0.0,2.957276837344437e-05,0.0,0.0
2051000102,2005-06,Eastern,6.328946765544289,11.479815000693023,7.8588498992165885,8.78244970793023,1.5103441739984704,12.9589604163614,8.473658426074985,8.002788677656715,6.477356140994686,8.375521610628338,3.6436949499928724,9.891369135500037,15.812244990821062,17.774032149256392,4.745115411354088,0.0,0.0,6.533118850080026e-05,0.0,0.0
2051000103,2005-06,Eastern,8.124374348804496,12.71216269843727,9.821033528244994,11.499202926320976,3.366226611327253,22.02789726221795,14.68087369554575,10.916643124655534,7.81623497793493,10.790794400685504,3.7653433890004298,13.963483806664424,20.735826224944695,15.51861971403475,5.8837759433998125,0.0,0.0,8.028206229177211e-05,0.0,0.0
2051000105,2005-06,Eastern,2.084360604021398,3.035580095444763,2.9238520692985746,2.6177441718530234,0.5296345124822476,4.8761333625104815,1.749961702225285,2.4850113147671697,2.0465885220180153,3.0490159703770976,1.417532245515028,1.8024999408450928,5.675315674298807,5.093869815223193,1.6903842553868942,0.0,0.0,1.9298673598430554e-05,0.0,0.0
2051000108,2005-06,Eastern,3.5900439553174337,5.819886085756771,4.695726184693488,4.9956201538713625,1.0739007941559358,8.595584213109696,4.40750748043726,4.541130630433186,3.454943222802757,5.113112014941764,1.9225568262152584,4.713211163374293,9.38725731058204,8.7714620635089,2.9511412453168226,0.0,0.0,2.539413250355633e-05,0.0,0.0
2051000109,2005-06,Eastern,5.363405902682347,9.28381480085005,7.264085848661958,8.387391867301186,1.555378289610954,12.231658171432104,7.486637746489699,7.12147722685615,5.625475507904076,7.778450151069792,2.8973619051472252,7.80747004528404,14.31394188729555,13.946261421507584,4.301143643789331,0.0,0.0,3.2881194092476804e-05,0.0,0.0
2051000110,2005-06,Eastern,3.636937561086373,4.481293062772856,4.922311577437219,4.220970610640109,1.048540899648528,9.720565647647485,3.3157426381995156,3.9837489271285538,3.2114325262305083,4.992606037239926,1.925962771250813,3.200984126386869,7.866394331386565,6.91736879951762,2.688354299048549,0.0,0.0,3.404747122310671e-05,0.0,0.0
2051000111,2005-06,Eastern,2.1370363543039397,3.255118307456909,2.7489785779244214,3.011549998716216,0.6642811851389396,5.5676036630443,3.1153160852409902,2.6309445589652123,2.0030374353203464,3.141979535678996,1.1960622938109147,2.7770789680447883,5.997186227924061,5.440440808524788,1.623682077525914,0.0,0.0,2.4555177522553272e-05,0.0,0.0
2051000112,2005-06,Eastern,4.184615100389115,6.537603837074192,5.196605628457059,5.818297373761874,1.2816859572490038,10.262490880806025,6.504839731126227,5.188616153415772,4.095713905597177,5.62432983465626,2.1870758242894457,6.3003534958260845,10.730063881899328,9.34631826839838,3.047697944342518,0.0,0.0,4.2173441120898826e-05,0.0,0.0
2051000113,2005-06,Eastern,10.269305872341887,13.899352057062504,12.609097556133346,10.464341652979105,2.4840894136283134,20.89682246674471,13.534977086423357,11.231227113429576,8.457205992377768,11.089474710374661,4.424285695592381,12.441322426375592,16.84905708582417,17.100138599121298,7.501721017313832,0.0,0.0,7.440965379443202e-05,0.0,0.0
2053000401,2005-06,Eastern,2.5687296054923765,4.049387798411264,3.2859277976704893,3.5007775914443493,0.727063803181509,5.667312879390106,3.4913404841634903,3.113840073343649,2.4884275933392996,3.676618851325653,1.5466788652803913,3.340087676717353,7.173106501915623,6.82512110487413,2.0228884434494088,0.0,0.0,3.0488566764432458e-05,0.0,0.0
2053000402,2005-06,Eastern,1.0800611653947503,1.4266618038008458,1.4995522311384264,1.4561010499643472,0.2982056296816532,2.9577878322943163,1.4504217392353582,1.1724746774151145,0.9470998071020744,1.65685054343698,0.7597059518611472,0.9003407631020113,2.9621647752883966,2.661223463643325,0.8186755970835896,0.0,0.0,1.4879167067942342e-05,0.0,0.0
2053000403,2005-06,Eastern,2.643314985226878,4.2247721185737515,3.64242102456786,3.8075881601890402,0.6750867209166256,6.100960006309689,2.8158722541121888,3.1813865969017603,2.7289918626308483,4.093081832458591,1.6695182204249048,2.747600636098769,7.658092939423872,7.111361534597787,2.2819503665058742,0.0,0.0,2.0278588390881565e-05,0.0,0.0
2053000404,2005-06,Eastern,2.5523400752458936,4.034670403399947,3.425156644558034,3.4353343178328126,0.6737097362765044,5.626692577521168,2.7162735028975398,3.069747964637229,2.4681118495175456,3.667850497439205,1.56152283461238,2.8559647506969097,6.789656026797417,6.51629676924809,2.1388324116812716,0.0,0.0,2.155260445897568e-05,0.0,0.0
2053000405,2005-06,Eastern,2.802759468999741,4.235137422674544,3.6958157178272626,3.8498424094669286,0.6927474142307245,6.100442118422986,3.50614341608081,3.24889912262666,2.6871141668657703,3.972878170173511,1.608841086613805,3.1264014812237955,7.257813447891553,7.222800753314658,2.1950558708990964,0.0,0.0,2.1850179200825832e-05,0.0,0.0
2053000406,2005-06,Eastern,2.8085911246280526,4.2562374981142845,3.5675055602670445,3.852863562670375,0.7846084811686707,6.689619201951604,3.7211706718218154,3.3472082978095736,2.634767454653875,3.9510609863467163,1.5647532663442845,3.566413174482984,7.622386056888461,7.196632147176093,2.101224647770276,0.0,0.0,2.9155014929480044e-05,0.0,0.0
2053000407,2005-06,Eastern,1.614299092387045,1.857459868713667,2.3106651291295934,1.924565611036274,0.4744861772018612,4.872944665929626,1.4698996031172569,1.732978115589729,1.484832723816218,2.547244206097143,1.0771673530786046,0.8657684927791067,4.21454159139991,3.4665417579413687,1.312337947998172,0.0,0.0,1.852314115900419e-05,0.0,0.0
2053000408,2005-06,Eastern,1.6702316208670787,2.1884413557844757,2.153589059205286,1.9849246398098037,0.4321229824212288,4.612234985751416,1.861601049782315,1.8107475344521442,1.4522977862821187,2.341526284436032,0.930011505247217,1.6934644780504968,4.182336996985292,4.148760480847283,1.2213921017928517,0.0,0.0,1.9602166700830026e-05,0.0,0.0
2053000409,2005-06,Eastern,5.79778375015718,10.147552392050144,7.440946056425977,8.0052576751089,1.4751663239644244,12.197190045987549,6.0625198507234135,7.6446674821156435,5.576271475701053,7.84416780124339,2.633780141262731,8.459680526766341,14.764754905356401,15.171370158916652,4.459216882612707,0.0,0.0,3.142057923036255e-05,0.0,0.0
2053000410,2005-06,Eastern,6.751615461038816,11.941197642620796,9.2296913450443,10.953220559433358,2.0765887362583935,15.408341162688794,8.386976303099539,9.372462629597846,6.8319437276100725,9.520124009180842,3.208662710291083,10.12241401810621,17.36929933175512,16.07280935273665,5.194563234325215,0.0,0.0,3.229590976050626e-05,0.0,0.0
2053000901,2005-06,Eastern,1.0839530750510906,1.3173383673960872,1.5501434730858406,1.2826115838204828,0.3084859426090683,2.8946824773953166,1.1800162250995088,1.1476547819282934,0.9650698949212302,1.6822227391518056,0.9488422710649462,0.6470111134199648,3.0250399210264955,2.538257353350475,0.8649805665806722,0.0,0.0,1.3567816190658817e-05,0.0,0.0
2053000902,2005-06,Eastern,3.7081128924114033,5.57018835888704,4.7347156222752025,4.676450100606587,0.8822004592662008,8.09676432020872,4.508271772357408,4.253969787070288,3.3785772423710605,4.914148468951955,1.9263962464238558,4.491463787842526,8.829352080229159,9.246274835354766,2.7982324173044537,0.0,0.0,3.035705993220166e-05,0.0,0.0
2053000903,2005-06,Eastern,3.1121794739927764,5.059239013778854,3.9407898281869995,4.306466024003061,0.887954125225028,6.741275383967957,4.226669979778662,3.8589188132521963,3.045563830060897,4.394341339995114,1.7896404791070668,4.318703541300627,8.601231016950901,8.210277661170629,2.446908563278371,0.0,0.0,3.3289889463961996e-05,0.0,0.0
2053000904,2005-06,Eastern,1.8369171480104836,2.6814156788924723,2.573813343343915,2.4701787789346876,0.4828013990709729,4.4692698954581145,2.0931606404823158,2.1432693569826853,1.7541291006552164,2.873396544593428,1.2499500251218305,1.5852234851117877,5.249900528813797,4.706205469888298,1.5515131605001402,0.0,0.0,1.7001523712020638e-05,0.0,0.0
2053000906,2005-06,Eastern,2.8560671843037975,3.966398863501335,3.89634872485396,3.8419512494725634,0.7832333260927309,7.264706296542562,2.925795805732745,3.206934641138768,2.499873710482139,4.184003949206991,1.5682892354028193,2.5749095494179084,7.212640357942348,6.4545951295694435,2.247210358327435,0.0,0.0,1.9075389454385224e-05,0.0,0.0
2053000907,2005-06,Eastern,1.823083496119328,2.530714953704554,2.3347404047719245,2.4112265451195114,0.533694112155868,5.054046716157826,2.636167786821382,2.082645278342213,1.6700701780185394,2.597324148205191,1.0561424876990024,2.1617376403498847,4.906205002500977,4.370512246493867,1.3074118813629088,0.0,0.0,2.5896416677968016e-05,0.0,0.0
2053000908,2005-06,Eastern,3.371988106944023,5.323134530138185,4.594457268644561,4.640020673320661,0.9190454963251049,8.013700295873011,3.305761238228411,4.246614258955945,3.248556619052066,4.965779573234565,1.871278097225468,3.627068061889376,9.22368444524986,8.745971410929885,2.768663681882499,0.0,0.0,2.2007448210296888e-05,0.0,0.0
2053000909,2005-06,Eastern,2.6503441734758466,4.229766907312104,3.5303112347812506,3.495466468502974,0.5930501099764571,5.212127427104629,2.810241924787942,3.075249197010609,2.4529958377312306,3.780379123845154,1.6582589584908831,2.7679681760910464,7.152161366593546,7.812678471476224,2.1643969344032277,0.0,0.0,2.276281427722245e-05,0.0,0.0
2053000910,2005-06,Eastern,1.5483340389238038,2.142566122262678,2.1632967313081046,1.841858611854874,0.38427889676303667,3.5528156225430396,1.5698785503296433,1.7364892112372219,1.459933140143658,2.412765013719696,1.2375509438417043,1.178133639133662,4.359189173268617,4.291179306890316,1.3134431950497005,0.0,0.0,1.8345807969473514e-05,0.0,0.0
2053001302,2005-06,Eastern,7.735269470863104,10.854756236073124,9.642667314450359,8.184235705842841,2.079121862956539,17.116085500590163,6.583896567316835,8.866327182852743,6.85055854411216,8.909492111486058,3.464356095717391,9.505930545663901,14.678014050931765,13.657512125991252,5.885294197090645,0.0,0.0,4.980651496854479e-05,0.0,0.0
2053001303,2005-06,Eastern,3.5939181047436737,5.706212356021157,4.940868534816337,5.219267695095759,1.1422972304188013,9.131043684265686,4.512234165240272,4.696998429802125,3.549039195838928,5.382367144044535,2.032744916205019,4.414417393551875,9.59198218692891,8.475830530895031,2.919832553601099,0.0,0.0,2.7544476035621647e-05,0.0,0.0
2053001304,2005-06,Eastern,2.3315159584117473,3.6177952327230973,2.998921218433861,3.1510652333445197,0.6573756993339148,5.191181227482908,3.170658883572115,2.794592570105463,2.2473336609018295,3.3598338787410835,1.4388289123630629,2.9288232344463783,6.545218444043324,6.215488014951565,1.836971050365088,0.0,0.0,2.914295164047977e-05,0.0,0.0
2053001305,2005-06,Eastern,3.021393181894308,5.567207516347286,4.0618224865640995,4.172878292375113,0.6442982549207928,5.314327882949491,2.9571183860292267,3.6946704508504453,3.032066042660327,4.4411455823331165,2.0002243061417766,3.419663519538231,8.78781637183452,10.158137519937199,2.724164105585576,0.0,0.0,2.2649853967337294e-05,0.0,0.0
2053001306,2005-06,Eastern,2.394681621111906,3.0148941556348863,3.256372387397254,3.0568893194587035,0.655467355069932,6.711547882602707,2.565188919033915,2.625279442423844,2.10206818949656,3.701474253781822,1.3590904076902632,1.725266587670808,6.439019862512453,6.353790061276338,1.9071381580601239,0.0,0.0,1.913258388932746e-05,0.0,0.0
2053001307,2005-06,Eastern,2.3502221090764723,3.571013726175536,3.0240014604388623,3.250450161205253,0.6785149519069352,6.03666477000747,2.6388386674946065,2.860228224437349,2.2185817009815527,3.3269566797069037,1.2529369297379993,2.9768512428511857,6.276012951385559,5.788869728339109,1.7393906890308413,0.0,0.0,2.367447800672281e-05,0.0,0.0
2053001308,2005-06,Eastern,1.7228889941742815,2.360038365790109,2.347324635786705,2.2049901873288373,0.42920165530433874,4.199792093180503,1.8667777274907833,1.9216009232776436,1.5947028077312588,2.637192202457943,1.1278516190308272,1.4525375819427222,4.811701989952522,4.937057071231354,1.3343979105487367,0.0,0.0,2.289266256367437e-05,0.0,0.0
2053001309,2005-06,Eastern,3.920716100266131,6.485477607039546,5.464204836215714,5.72381074265968,1.0713169954610733,9.273955060701466,3.6672606001440937,5.0527547331521205,4.113390683503952,5.74965324171055,2.150093165456917,4.722168341304234,10.904736709711061,9.60391654225556,3.194975396250662,0.0,0.0,2.5007445807646115e-05,0.0,0.0
2053001310,2005-06,Eastern,1.7425792559863498,2.8096441371913548,2.338538246736168,2.223365289680057,0.4431931879073042,3.757947259118712,1.646831093312699,2.112403029020268,1.7679459196416392,2.7473733609466553,1.207056462221917,1.8229387462465036,5.478477855535854,5.111816566121858,1.5481542611976689,0.0,0.0,1.9984896133860423e-05,0.0,0.0
2053001702,2005-06,Eastern,1.7033549610005085,2.479748329147871,2.2042087464710587,2.2358659931277205,0.5417785858831088,4.681209998051508,1.9196582142148664,2.0415226337866548,1.5893921968979308,2.514564968034186,1.002192250951045,1.9509240327929809,4.763279733104448,4.390969523245865,1.341053461353953,0.0,0.0,1.911872122475519e-05,0.0,0.0
2053001703,2005-06,Eastern,2.6609774228055976,3.345103708449065,3.584267166395926,3.3701393061052354,0.7379182941253909,7.7221805871598495,3.3814931221849545,2.9268373142664648,2.3202260055713846,3.9160753344691708,1.3672404142008001,2.3202690714210727,6.496330894203251,5.839881580254713,1.9831264762934826,0.0,0.0,2.6340319374423655e-05,0.0,0.0
2053001704,2005-06,Eastern,1.1147637589439023,1.5044322205111536,1.447108404076472,1.487505043656253,0.3107649455018407,2.900480815971134,1.3377718341215874,1.2136795229963189,0.9655947426121133,1.6207458990239496,0.6893214490684217,1.125902101176567,3.033110143502267,2.762098843214628,0.7998337111295638,0.0,0.0,1.3868092301423042e-05,0.0,0.0
2053001705,2005-06,Eastern,3.7182501832220645,6.6454036169578465,4.6810988373554405,5.240764063660094,1.0262965532532995,7.268709944049025,4.662602609052269,4.857144845647574,3.7001508125841625,5.290217638121062,2.0833335226396907,5.536668850780043,10.63601049073204,10.951579918687932,3.070103383044601,0.0,0.0,3.3412390679421585e-05,0.0,0.0
2053001706,2005-06,Eastern,4.735199728444896,7.649031627973494,6.192332421179775,6.098382297504638,1.3651657458019346,10.79823494163267,4.043780642416416,6.060537324775916,4.926357016534818,6.641464475650827,2.789413100164599,5.600051787588951,12.607367653978066,12.423578153999394,4.139318008043118,0.0,0.0,3.421755671092497e-05,0.0,0.0
2053001707,2005-06,Eastern,2.533083022421637,3.7287431528957797,3.196123399766905,3.3418484368881956,0.7781080701367822,6.854286763668982,2.9320803366788053,3.0411175568603293,2.4104507544634663,3.5132326022272506,1.360826346836087,3.279601670175732,6.626557500440082,5.98940143123456,1.89248350582019,0.0,0.0,2.6680380842666694e-05,0.0,0.0
2053001708,2005-06,Eastern,3.2130472269219066,5.626481747480939,4.325749523746082,5.087826798557398,0.843818625298718,7.152455639730867,3.9282721437567387,4.085819127099846,3.3835741934779358,4.968316347124023,1.9825996523019316,4.037101905944325,9.921542954514688,10.03738239430594,2.6850610019097045,0.0,0.0,2.4459793754093738e-05,0.0,0.0
2053001709,2005-06,Eastern,2.4154188743069,3.5328762165925465,3.1058324587957005,3.418403965575735,0.6801129359026027,6.378114904833872,3.5017489659393717,2.865584738116623,2.178216085962766,3.4158057474733132,1.2271771395705764,3.1243438598316233,6.159512028703076,6.119253840197556,1.7276612907276792,0.0,0.0,2.1909762787370627e-05,0.0,0.0
2053001710,2005-06,Eastern,4.633584864252555,5.88483626540569,6.380726196374782,5.610913868625906,1.2426016910234012,11.943579319762378,3.6060963918897704,5.18948086942033,4.396879730576614,6.712612893816016,2.4001559637843766,3.567338203609851,10.929833087813996,9.824646458216565,3.612434849567114,0.0,0.0,3.614970256272021e-05,0.0,0.0
2053003001,2005-06,Eastern,6.35577570226361,10.922960780631737,8.407043028975222,8.992263134014841,1.6113619954386318,13.748050398151452,5.495294591396385,8.242070972640265,7.115565833486666,9.929445457172063,3.6804072259481004,7.6772381534522784,17.964474986224158,17.88023977101494,5.360168358048694,0.0,0.0,5.218288075828747e-05,0.0,0.0
2053003002,2005-06,Eastern,2.0348039562272513,2.8737801885135075,2.5907999403684223,2.7153192643283934,0.5976147140407366,5.581822135856024,2.9401512771817546,2.353372884791632,1.8742266631554494,2.876418755625697,1.1455059237597052,2.5062901497969143,5.439583045490899,4.8547282544840344,1.458648644413934,0.0,0.0,2.7252916549273837e-05,0.0,0.0
2053003003,2005-06,Eastern,3.0065112771166005,4.671080276811243,3.992348972552124,3.7993424694225237,0.7882047288356537,6.604983111555271,2.755976622449843,3.628811463244748,3.0141246059843967,4.398575187213979,2.074030329086532,3.0311996527310234,8.23389088179406,8.499798539879807,2.6310347265567273,0.0,0.0,3.136996763740448e-05,0.0,0.0
2053003004,2005-06,Eastern,2.6182501715678472,3.5886674945859625,3.422232324332604,3.404233378092328,0.7343263228759902,6.72796112943915,3.3406132233032775,2.9742880973176513,2.2506651468936623,3.903224758759262,1.4381185849323221,2.470448229345108,7.094133060534633,6.600045734281299,2.0323096216337415,0.0,0.0,1.9121203923782813e-05,0.0,0.0
2053003006,2005-06,Eastern,3.3259248799934444,5.50962897753999,4.560381071967738,4.517857093024808,0.7899794317960623,6.65318040831559,3.147690080507503,4.1076603241606495,3.352754697536871,4.89950717867663,2.0757819236127877,3.401166554271187,9.131054930538406,9.571675110262078,2.9129980285708355,0.0,0.0,2.3911232117400145e-05,0.0,0.0
2053003007,2005-06,Eastern,2.4486277200197675,3.463543494637114,3.313812069327328,3.4133669681908367,0.7713765653397359,6.558289586302426,3.803951469762742,2.9388343900551748,2.2325958411754323,3.7953666381706777,1.4694047760728948,2.495910445712775,6.762492457281293,5.979365773332662,1.9547818001966548,0.0,0.0,2.324391347211641e-05,0.0,0.0
2053003008,2005-06,Eastern,1.2829237347211198,1.9706229328546931,1.8202600961240942,1.901761024741207,0.3498439687131328,3.1474920427377353,1.4831800253504253,1.4883087546558706,1.3103792677492736,1.9681325400142813,0.9570986515059289,1.365216410367634,3.6619522109461586,3.1735819543390194,1.0447622719983858,0.0,0.0,1.4527059498286e-05,0.0,0.0
2053003009,2005-06,Eastern,2.5544546732091025,3.393578840987452,3.414232861814173,3.218070530153957,0.7149033132627961,7.040374310239112,2.6811340925426634,2.9003091912662686,2.2468080539508373,3.859205986366123,1.4982679112440271,2.0963830180141176,7.063530045693982,6.9437183481095905,2.022800753636589,0.0,0.0,1.7467785837426792e-05,0.0,0.0
2053003010,2005-06,Eastern,1.694711357649865,2.637472315054233,2.361251061585122,2.4750232558370215,0.4293206413207143,3.998539435533233,1.9742444560805172,1.9888058146627459,1.7551918219667355,2.742346109393113,1.2050235507222564,1.7584516153384246,5.103740200204354,4.480348964670979,1.3966144141316843,0.0,0.0,1.8274488077346695e-05,0.0,0.0
2063000301,2005-06,Eastern,3.313473859658542,4.153609607527493,4.415415297301891,3.7118899823950757,0.8414570905174165,8.530251466169888,2.6978710528198984,3.601352817878079,3.1659397767118755,4.87950780180851,2.1161123657096805,2.6982534537431215,8.085990462514363,7.505725371462781,2.4789804056955345,0.0,0.0,4.949828284595624e-05,0.0,0.0
2063000302,2005-06,Eastern,2.4769620739651654,4.026621476023892,3.3252658555107963,3.5569429624718185,0.6885418203468652,5.841533769911818,2.774608703793301,3.071194099774672,2.5935687830864915,3.72755294009283,1.6242570828777052,2.901624246375398,7.220977496736978,6.817463039017576,2.0822599875988397,0.0,0.0,2.2331894032356034e-05,0.0,0.0
2063000303,2005-06,Eastern,11.285371789639363,17.053863597594866,14.487986733380275,14.00441314407799,3.0771570020734575,26.08805027957379,9.334266069225244,14.146465629088317,11.56434937681941,15.48168354285036,5.5213222979977035,13.862802816023452,26.135576002625367,24.99478547475164,8.447587471795527,0.0,0.0,8.649297929508884e-05,0.0,0.0
2063000304,2005-06,Eastern,7.175148121129518,10.158761134466841,9.284309566283447,8.64837365390275,1.9055340347643313,17.273032581351256,5.891657871301394,8.524480249519675,7.153808347723457,10.116611580984111,3.801074226142548,7.716373059708293,16.917107146345174,16.043676239725606,5.394681381263313,0.0,0.0,7.099197530432984e-05,0.0,0.0
2063000305,2005-06,Eastern,2.1274385560556004,2.954737160037253,2.923431682695971,2.7198444451765798,0.6108543363302157,5.604709962104249,2.2453323544036086,2.467128437470703,2.032969192716877,3.229269497310621,1.4299043422160729,1.922252745535468,5.8054428724899445,5.124303504753873,1.7574411449703151,0.0,0.0,2.0316330230319232e-05,0.0,0.0
2063000306,2005-06,Eastern,3.4505845029079545,5.597578441970661,4.303090822021386,4.7889212682424755,0.9871633069976017,7.995360870609732,4.59611369941275,4.353057988319805,3.2862324953029574,4.798783761822154,1.759780004230821,5.042777551594775,9.360761395335398,8.977059033402249,2.5791359642812077,0.0,0.0,3.234045682098262e-05,0.0,0.0
2063000307,2005-06,Eastern,2.48280724873196,3.6303446295236306,3.329382979800994,3.3295648220711924,0.6685801846016876,6.336438013224619,2.978994462736275,2.9398235535677912,2.274113613474346,3.8059027786265616,1.4157644879738747,2.472049330340236,6.961232751658072,6.601909155798615,2.003199610154373,0.0,0.0,2.0158252081142343e-05,0.0,0.0
2063000308,2005-06,Eastern,1.450611800212771,1.9952056701937653,1.939743499525733,1.9852387373189133,0.4000586461359401,3.6748096970181257,1.772968127033783,1.6129604701518063,1.29128941292765,2.116960489406388,0.931869618625816,1.4592294203828786,3.854138598475532,3.551295071693372,1.0796240946000524,0.0,0.0,1.5215139247275034e-05,0.0,0.0
2063000309,2005-06,Eastern,2.519793163125817,3.532839671984053,3.4312884711546108,3.4932434140673188,0.7537202687084625,6.638051234658449,2.73031974980168,2.9358303507940477,2.429417250569161,3.9532808317469357,1.52211077505763,2.2403867465712404,7.180705065149052,6.121787401051597,2.08549534282618,0.0,0.0,2.3300073421204633e-05,0.0,0.0
2063000310,2005-06,Eastern,3.169840479068549,4.909035721586881,4.3844616952042665,4.967026432095012,0.8811556711132017,7.564664804256367,3.882578117568206,3.7996171440378674,2.9354931747073163,4.875907633810833,1.7423530668738698,3.3864122495154585,8.57773273538894,7.7668629352958485,2.4966139025436775,0.0,0.0,2.4190143095598024e-05,0.0,0.0
2073000501,2005-06,Eastern,11.034609533385876,15.085862662028447,13.53214065902179,11.287865693797754,2.679423703169839,22.30199089802745,14.560665232802723,12.174486575326021,9.129425568902201,11.863278305487354,4.699429828190185,13.614379311361125,18.044249720054513,18.326025383106998,8.050790066485616,0.0,0.0,7.672430058976753e-05,0.0,0.0
2073000502,2005-06,Eastern,1.4222214279872987,1.7836474489995908,1.860809786132482,1.675887223307656,0.377585262295603,4.019684803391275,1.510606964050173,1.5198715972083485,1.2682951429216016,2.155490157855761,0.8594465058361428,1.2022849162481974,3.923710663821103,3.8227711618495483,1.102081543783499,0.0,0.0,1.5185880679939176e-05,0.0,0.0
2073000503,2005-06,Eastern,1.608330174619306,2.241269869444519,2.1495630908878254,2.0331508385696275,0.43793587205120177,4.116865000759089,1.9478508024296228,1.83021229693148,1.5058425989934898,2.400918132130607,1.0285584132297891,1.5512216949639392,4.348933915140441,4.314253984829079,1.3141250496096373,0.0,0.0,1.7134469427406796e-05,0.0,0.0
2073000504,2005-06,Eastern,6.102866708614932,11.64423816943713,7.676739792714356,8.602589590047518,1.6705728951592687,11.42669720410431,6.206379219065492,8.371178062373076,6.232378388281286,8.45631595926003,3.2339666655282238,9.28051399850101,17.35349572682261,18.31107746309445,5.264817989915003,0.0,0.0,3.428533858444347e-05,0.0,0.0
2073000505,2005-06,Eastern,14.181838296865497,23.76714966549704,18.080365564478402,18.15847273680715,3.6167618669461596,29.893491461291713,20.375332604505047,18.584513803571948,14.35353414285456,17.595764306173066,6.357136078663901,21.30040409845314,29.639775539957906,32.09684198216273,10.738793407515278,0.0,0.0,6.417029146279105e-05,0.0,0.0
2073000506,2005-06,Eastern,2.3027700502731507,3.280434122527492,3.0789391524546104,2.974882426296515,0.6517878202759025,5.92202908746179,2.1464092709617484,2.7066092274261493,2.19201223386887,3.4359251797190145,1.3484588777686106,2.19168488340972,6.295147927614622,6.258317511078173,1.873156444075514,0.0,0.0,2.2378010067236278e-05,0.0,0.0
2073000507,2005-06,Eastern,1.9690750847812017,2.5217334807453953,2.8343729966756266,2.616863972051974,0.5253653638156573,5.092913482207833,2.176076290330952,2.1593193346696893,1.7558641881230492,3.109196143533455,1.4446365087950537,1.2197388882406164,5.359654974945224,4.816657009311306,1.5624441341806772,0.0,0.0,1.9010474822109714e-05,0.0,0.0
2073000508,2005-06,Eastern,2.0601537812497193,2.8081346710159134,2.9077919209448613,2.6342544057780124,0.5547162526519132,5.035479686819656,1.7571724475282195,2.346353946592926,2.0115616553188453,3.2376574879477023,1.5476545747918855,1.3229100793993755,5.982660631292352,5.799315505977163,1.8202436027119318,0.0,0.0,1.8387560026930512e-05,0.0,0.0
2073000509,2005-06,Eastern,1.894001289490567,2.566032103407282,2.68372775501504,2.665556600608755,0.539514757663746,4.995449014120912,2.131580688379698,2.1195509353384105,1.7255737365221635,2.90780878202944,1.2627257935296148,1.5345034507489559,4.993891790425706,4.427400451694848,1.4887651607290837,0.0,0.0,1.9726894770417126e-05,0.0,0.0
2073000510,2005-06,Eastern,4.110567458768413,6.5320574816137515,5.547733464768552,5.838225065819607,1.0370595168852663,9.286414881323587,4.42858399613357,5.043566947284549,3.9719557025873486,6.046714008834977,2.2393890145493764,4.4936491498015165,11.216586875342259,10.759206915106502,3.329737305201072,0.0,0.0,2.5139880703366522e-05,0.0,0.0
2073000601,2005-06,Eastern,1.474908533567061,1.9442007604701133,2.0186174883396566,1.8752048701335975,0.3732976479060074,3.6329402859919346,1.6150163193143339,1.5743297572265,1.2928571551535497,2.3085870980009857,0.9670159974600036,1.0741147469973877,4.209609761858116,4.066695424019429,1.1991824496168264,0.0,0.0,1.4413619834400997e-05,0.0,0.0
2073000602,2005-06,Eastern,1.7324132425868866,2.442197271790057,2.3868669106898714,2.1994372847116046,0.464030069724927,4.295075466991167,1.9469497341468993,2.014475161064358,1.6527252322558632,2.6562651845693273,1.1538581930115042,1.5167844340635586,4.757257258154083,4.501450698417026,1.4645000926308,0.0,0.0,1.837125850006002e-05,0.0,0.0
2073000603,2005-06,Eastern,1.9948978430152633,3.1683635638422225,2.667629016131704,2.8170991737304973,0.5034065519711693,4.5015016379059105,2.19105242256359,2.382314523695293,2.0513994014037746,3.1085910929065594,1.3288329601828484,2.106807641757776,6.252443822733235,6.436244507620446,1.6698020186862546,0.0,0.0,1.7052969843690985e-05,0.0,0.0
2073000604,2005-06,Eastern,1.899462176687963,2.795035802121663,2.5614976443417037,2.387830850462476,0.48911692826970243,4.555363666864096,2.125601012361934,2.245012359372849,1.8158324448142726,2.9851060019955997,1.2056525326997094,1.7625961791302411,5.525141192510752,5.522751759568446,1.6584685338158769,0.0,0.0,1.8338931257869873e-05,0.0,0.0
2073000606,2005-06,Eastern,2.011065752309778,2.9619841167684178,2.7460778570110143,2.6665491609419063,0.5129218769005897,4.928778631236159,2.2171905411722435,2.372813651566843,1.9065661711979376,3.075378610946093,1.2147455540352539,1.9606510041935084,5.611530518001589,5.299417067007563,1.6268159333217216,0.0,0.0,1.8675060845813143e-05,0.0,0.0
2073000607,2005-06,Eastern,2.688687047780523,3.950249263310925,3.7362600200986833,4.4021993658559735,0.8206895882715342,7.567867184836942,3.5509305907695072,3.1385894211689855,2.4393566343220803,4.318591765886824,1.3982668198128123,2.754316451143004,7.442931912860934,6.9305435432057685,2.094112270220574,0.0,0.0,2.0624250743288272e-05,0.0,0.0
2073000608,2005-06,Eastern,3.0065870685687113,3.634979973794473,4.107252209072018,3.3497216543725385,0.8495882663369004,8.120905643821121,2.502001175772715,3.2597534166548097,2.648708029411742,4.128403028514708,1.6584421590360725,2.429707580717777,6.6351454931511205,5.653688079339704,2.266109496528221,0.0,0.0,2.7463674064683805e-05,0.0,0.0
2073000609,2005-06,Eastern,2.05352959781289,3.148286433786736,2.837951862976143,3.118749375768596,0.5310689874122457,4.730522801634845,2.431215224464021,2.400261863343477,1.8757739003981582,3.062536773771331,1.2417585843322663,2.1829988774315314,5.470131952484481,5.503767900748011,1.5803009477407426,0.0,0.0,1.9499497144822644e-05,0.0,0.0
2073000610,2005-06,Eastern,4.086573649218425,5.258093771298077,5.944613246717407,5.958345614851692,1.1785609004430537,11.130052837624312,4.06898199073511,4.642367159125465,3.8773913623308456,6.700090048870136,2.239283866270617,2.3153505726147916,10.936856850397243,10.144791038701653,3.4358018495192826,0.0,0.0,2.4205656993183123e-05,0.0,0.0
2081000101,2005-06,Eastern,3.4720733362332816,5.44216542087344,4.661031399449812,4.856908645880656,1.0409075338430889,9.212328397525152,3.6704944865908686,4.325569546223718,3.538248291830479,5.162057311436674,1.830083098311002,4.176802995490034,9.537228161554205,8.382632486878535,2.892664258278816,0.0,0.0,2.149465725413965e-05,0.0,0.0
2081000102,2005-06,Eastern,4.396969172332132,7.793999717501983,5.96689996316849,6.284232019001553,1.1165007641977762,8.93255191523588,3.8067993504600426,5.7750125100113525,4.783469758775813,6.387478153289154,2.6817059587609604,5.347760772564003,12.196249322225125,12.067958648174313,3.6994598020367726,0.0,0.0,3.314432785544526e-05,0.0,0.0
2081000103,2005-06,Eastern,1.8384464430271128,2.830872889203082,2.471927559134841,2.4601052182915675,0.46211599746978954,4.326694070596162,1.6864688051932961,2.125653440646197,1.8644405518437779,2.5693005108401286,1.106991689879168,2.103367396971068,5.07208970247053,4.317568621821972,1.4657764162688331,0.0,0.0,1.2725828552021905e-05,0.0,0.0
2081000104,2005-06,Eastern,3.4844012756384495,4.740706188437999,4.435030166749816,4.327868515089661,0.9470041584762359,8.944970284282029,5.304278406920939,3.96652211364572,3.175361474258162,4.7807350823323915,1.7645221227798427,3.96097677699818,8.287252469690815,7.8441140735147,2.594185276888952,0.0,0.0,3.039395753126829e-05,0.0,0.0
2081000105,2005-06,Eastern,1.7334721314270998,2.4396490319295645,2.3482717864991978,2.0940773881686217,0.4623748815579189,3.9192684565188487,1.7831319705800641,1.9438730412498013,1.5957552635257357,2.5196423370868715,1.2652278294427,1.5997034904108827,4.508593213302557,4.495068358357881,1.4329339234932257,0.0,0.0,2.1308533229942684e-05,0.0,0.0
2081000106,2005-06,Eastern,1.7014719133948726,2.6779463508229644,2.3100690664492505,2.5317648736256118,0.48551507446860726,3.98970796043543,2.105685919605152,2.0448244126375754,1.6231855432998832,2.4785908997335206,1.114117096507551,2.044179087334181,4.619709552767073,4.2574761872982565,1.3541777244454463,0.0,0.0,1.588388807315058e-05,0.0,0.0
2081000107,2005-06,Eastern,6.874828699464354,11.196118774944795,8.860465033939452,8.875676961485073,1.6236215635866973,13.592559560597104,8.645108041114103,8.427223504901345,6.724667204755492,9.248522785345761,3.6091610010475086,8.462213441176484,16.155934321847113,18.400139287394744,5.696582499812427,0.0,0.0,4.2683948665664326e-05,0.0,0.0
2081000109,2005-06,Eastern,1.9874606072792884,2.7781919551904366,2.4601119536630573,2.709049524224986,0.5629871114378816,5.156433693178696,2.4402010686389857,2.1914187473222193,1.8447895306462636,2.9676771241676043,1.0118764669504374,2.3167051706885093,5.656621135855269,4.818415105282013,1.4599496680834465,0.0,0.0,1.615945431538832e-05,0.0,0.0
2081000110,2005-06,Eastern,2.0057661170063557,2.6928460569452173,2.5587183237387467,2.9461442476869366,0.5975107053131973,5.592634014025583,2.4168386294464406,2.166984207472171,1.6539184872685944,3.097576268100095,0.9823853791322189,1.8915355776950156,5.543516838244957,5.3994592337883915,1.4814090523558243,0.0,0.0,1.450212327283072e-05,0.0,0.0
2081000111,2005-06,Eastern,3.8828716083600767,6.31635668858632,5.086387343100622,5.674008003336336,1.1353111809165672,9.413686031011245,4.531311871041809,4.917377312272184,3.6300080334406095,5.852958369119015,1.9099416470644472,4.7654059985910795,10.948373332728313,10.220824437420655,3.1452582713391597,0.0,0.0,2.198464648226351e-05,0.0,0.0
2083000501,2005-06,Eastern,1.928760536889697,2.453614437951793,2.510845322801483,2.320365426882465,0.4778817448479307,5.4633945530252594,2.5924409776959676,2.097644373459841,1.649266492328423,2.8100422341730393,1.0588002652193427,1.7843061234769761,4.9487970100223615,5.10268003308653,1.3932018328884874,0.0,0.0,2.268305908129189e-05,0.0,0.0
2083000502,2005-06,Eastern,2.335244345374673,3.229713609406776,3.1050407709962653,3.090692913275603,0.6552344850481295,6.268414180236359,2.835871254034748,2.7123915438940465,2.121817660521534,3.4121129836447612,1.248680644198112,2.4099347392007173,6.027387712220607,5.455460837754704,1.7610569690082187,0.0,0.0,2.0250921360007082e-05,0.0,0.0
2083000503,2005-06,Eastern,2.68073187169112,3.896897072467013,3.5396084105931145,3.5886573919646207,0.7468983570279513,7.255253457541275,3.2047840979290387,3.1872251139078127,2.5666433786959892,4.01096341731737,1.448613779440585,2.952942882654675,7.247020049464739,6.884109610998979,2.130382418022952,0.0,0.0,2.2616453265931365e-05,0.0,0.0
2083000504,2005-06,Eastern,5.8093401070863155,10.906140082087658,7.262279333576817,7.7521116363119305,1.4989631111430537,11.070165224109227,6.054359484684499,7.791915799687108,5.96460217760496,7.551119333900966,2.834864260105348,9.483002709252006,14.342229527486248,15.53100739364203,4.768012400286661,0.0,0.0,3.070384511267593e-05,0.0,0.0
2083000505,2005-06,Eastern,1.354768835654277,1.756755849258558,1.8190702702690815,1.6129904083571291,0.3146068267281664,3.191598891491354,1.6077932078205022,1.426546077807141,1.1705125517745594,2.1295946499883653,0.9857985839658281,0.9552693425872095,4.035058958710358,4.307007040064386,1.0799778532023458,0.0,0.0,1.5014813148704441e-05,0.0,0.0
2083000506,2005-06,Eastern,3.1656813615859085,4.46753681439712,4.074053173457263,3.9773748318314026,0.8207387075811294,7.69199533745356,3.169454082483058,3.657527932426025,2.7652555787642323,4.594701630573645,1.6355301461812082,3.0806655314488522,8.629142751858666,8.55965342780532,2.4420971844920465,0.0,0.0,1.993340511410132e-05,0.0,0.0
2083000507,2005-06,Eastern,3.298522315406117,5.462432776260547,4.440970879530043,4.669439962638961,0.8030469223377872,7.15340511199576,3.2231242623926546,4.111212715799767,3.21095188472355,4.961687477819732,1.776923286042193,3.695108268451965,9.6233463907286,9.253822046287137,2.706252723826528,0.0,0.0,2.0867966632415145e-05,0.0,0.0
2083000508,2005-06,Eastern,1.9533294647706216,3.067696992988959,2.551552628120908,2.7178913868956647,0.5409157837357496,4.729991279977299,2.228376929941757,2.3885416403405566,1.798402169862211,2.87037675521393,1.0722606445889131,2.3742958968345653,5.367520775519936,5.311677292646106,1.531545177756861,0.0,0.0,1.6066237416490044e-05,0.0,0.0
2083000509,2005-06,Eastern,2.4082345846564537,3.731495396037224,3.3088944438830494,3.9013468896790786,0.6676885310332178,5.768133947927924,2.6641615799345066,2.7846771061069355,2.1952476787464117,3.700154475528274,1.3221212480960887,2.5412506750747066,6.633791136174876,5.845496050906823,1.8918962241296808,0.0,0.0,1.801412998142624e-05,0.0,0.0
2083000510,2005-06,Eastern,1.5040753275833971,1.8385481530307235,1.999095295297809,1.7377529741679272,0.37127966800643136,3.9947475598978257,2.0688402246127393,1.53872080133189,1.2080278202668278,2.1378560188760463,0.8620528939404078,1.3368952111006502,3.5674564587351236,3.4346538759862355,1.098853106467584,0.0,0.0,1.6048316987043635e-05,0.0,0.0
2083000701,2005-06,Eastern,2.053080304942208,2.7907288568944812,2.716602368063625,2.7367914463442364,0.5750268226416371,5.653823881120549,2.856136742981422,2.3469907466947317,1.877274218651336,3.114173889836443,1.1988119863244961,2.1472160453121596,5.543656408096175,5.122953922699677,1.5277330565975134,0.0,0.0,2.3061714373527423e-05,0.0,0.0
2083000703,2005-06,Eastern,2.4381482740854286,3.4270103022483376,3.3334205313635152,3.402450454201125,0.7051622765014594,6.3848060052106215,3.29284638325028,2.8175466519428785,2.247971955428264,3.6881129293355905,1.3504412709689493,2.3766847724032303,6.31215687422845,5.711654973034169,1.9473838140650153,0.0,0.0,2.1823341029554532e-05,0.0,0.0
2083000704,2005-06,Eastern,3.778570798224847,4.916650045053829,5.056152363999813,4.2268925328924185,1.0683050733550032,9.654958896874698,2.6757912316974592,4.27665437998139,3.5373075915701375,5.119969136703561,2.0510717562037093,3.3485418407546774,8.724064166436145,7.545395114359973,2.9924903919183965,0.0,0.0,3.289713973570108e-05,0.0,0.0
2083000705,2005-06,Eastern,2.559222940109146,3.9127776934865435,3.22122444849494,3.5741141753933756,0.6673652638421045,6.091049523567075,3.238080208344734,3.0377394680480405,2.2783465171228445,3.611436963770764,1.341196306162204,3.209258522102937,6.946466771681915,7.111631333440134,1.8545491759244819,0.0,0.0,2.3157811216847323e-05,0.0,0.0
2083000706,2005-06,Eastern,1.2093227152949582,1.641205863284105,1.7586018759101265,1.9558288742755117,0.43511201931957316,3.852098018329953,1.72078506212523,1.3466767761722616,1.1113343492576513,2.039128952087197,0.826017181861345,0.8861521906601757,3.4051207081943407,2.7585716214140565,0.9995608290174111,0.0,0.0,1.285984441155191e-05,0.0,0.0
2083000707,2005-06,Eastern,2.51720532588681,3.3334179850983308,3.468602599242191,3.162052586855292,0.7405803234015148,6.515649439182259,2.439500427084756,2.8816844116336324,2.374170845777554,3.8092320954593224,1.616873672496716,1.995042614495282,6.702220933682126,5.716515504014969,2.0762552190071077,0.0,0.0,2.6754574647301398e-05,0.0,0.0
2083000708,2005-06,Eastern,4.072417837551922,7.3405271384619,5.170523065834061,5.970775231072647,1.1788439135651867,8.438750698071866,4.825449081234655,5.427685710832272,4.287286880549525,6.203902643340851,2.3800452705564124,6.008424752834749,12.546261777055035,11.579718458164809,3.502404047511821,0.0,0.0,3.9404943690295765e-05,0.0,0.0
2083000709,2005-06,Eastern,1.7593008954227862,2.446271153117094,2.3114246846838515,2.455723272061612,0.5541059497248626,4.875043863424463,2.6741843187610295,2.0036574620724257,1.6147332467970084,2.587317748932512,1.0181823223448438,2.0810353002688498,4.608871718284281,3.782077753380044,1.309182640313914,0.0,0.0,1.979373675148494e-05,0.0,0.0
2083000710,2005-06,Eastern,1.8207557640353427,2.2160747039809956,2.5835667716417405,2.449001081350249,0.48379720767903306,4.895151944541847,1.8676038091079374,1.9121250539744716,1.4862170349728248,3.0143338263997963,1.3639909175110068,0.9168015964686924,5.494717950261091,5.9047647835888375,1.422556985440983,0.0,0.0,1.3373369346100915e-05,0.0,0.0
2083000802,2005-06,Eastern,3.3897644383100807,5.447575774702545,4.676875110495081,4.818073205270187,0.8703261421678069,7.335155640278603,3.24532103224056,4.219798033937856,3.5019540472681654,5.066649056506807,2.006715743574028,3.479350212325087,9.320739315152498,9.483040909265522,2.8244269490530782,0.0,0.0,2.528685426080513e-05,0.0,0.0
2083000803,2005-06,Eastern,3.454381344584656,6.006821564488092,4.592223096494097,5.082948511000582,1.0540385665228236,8.309780994962395,3.891684368357994,4.667413838230989,3.7557747479867967,5.402924559190899,2.0982237837799795,4.505862404790255,10.573983449569184,10.083925199396592,3.0755074436009853,0.0,0.0,2.9150819942318256e-05,0.0,0.0
2083000804,2005-06,Eastern,3.367420498924606,5.044829300840972,4.350575951739003,3.9930922065746417,0.869163881408856,7.8225370284313085,3.0338209083078276,3.9268599480447293,3.3249241738578963,4.668215843657957,1.9580651347684666,3.8164806668186877,8.110740990132737,7.724001962859297,2.875155983376306,0.0,0.0,3.0676804263904684e-05,0.0,0.0
2083000805,2005-06,Eastern,1.606593302132026,1.831967214299671,2.219846601004238,1.9038219320333232,0.4518179851642387,4.662223868286423,1.870818867394879,1.6353426511069151,1.3370442500321582,2.406875789011254,1.004926888076507,1.1418883226157153,3.9337615116154483,3.186735919209851,1.1716209476945114,0.0,0.0,1.7473822184182844e-05,0.0,0.0
2083000806,2005-06,Eastern,1.756493701460641,2.211737208097129,2.3829637033148834,2.1839974178560357,0.483414346279378,5.006604620166935,1.8294210499040815,1.893396056792,1.5446101560793815,2.583100913025451,1.0025324746784923,1.4331509353852094,4.417681652539766,4.050928552332064,1.3410212436226998,0.0,0.0,1.713630598938193e-05,0.0,0.0
2083000807,2005-06,Eastern,1.7414118392558635,2.380429435015782,2.3469018032897915,2.0978435263351223,0.445265802674218,4.377593166463586,1.6967564995370912,1.9791647126471028,1.6054739402987896,2.6160406999598664,1.0933029601361846,1.4915362668769003,4.761187038623949,4.824622075494814,1.4245994469941041,0.0,0.0,1.7652052452318882e-05,0.0,0.0
2083000808,2005-06,Eastern,2.8533129515635687,4.036433022689613,3.7881428542045157,3.6470848637253415,0.8015249550331922,7.264652808156539,3.3646753451580294,3.340828916447786,2.7010672970763094,4.180880776881992,1.6823442935545654,2.8386519581208898,7.441505593824275,7.13947613752036,2.367968820108788,0.0,0.0,2.42159526590637e-05,0.0,0.0
2083000809,2005-06,Eastern,3.5805139855350046,5.476252895696111,4.818613737409954,4.919829376393679,0.9639176505046273,8.672522146754407,3.904583474966213,4.458439083934044,3.3978314126196514,5.362312171159084,1.9162202442585587,3.7414048029387765,9.953347743640073,10.043506508578938,2.9077549973612666,0.0,0.0,2.233535384142581e-05,0.0,0.0
2083000810,2005-06,Eastern,1.4086746070768708,1.6702842668839761,1.835855022161646,1.821918223340868,0.4082252749578726,4.044912068595434,1.964918181204773,1.449018094435378,1.112440657453919,2.135807886174603,0.7665126678337821,1.172637083092724,3.718858810207108,3.4451953955119636,0.985479705846414,0.0,0.0,1.5689732873541346e-05,0.0,0.0
2091000301,2005-06,Eastern,6.215810993158443,9.376750236307275,7.567436097309722,8.686712004019135,2.54662561043872,17.30936047695765,11.21064106578063,8.095014044087579,5.892939987997648,8.41142580976339,3.011790281686781,9.977254023176663,16.069876241120927,11.992030449067622,4.5275408317711445,0.0,0.0,7.167039206985131e-05,0.0,0.0
2091000303,2005-06,Eastern,3.271522917266523,5.4112758372227825,4.144196133748824,4.6737758362041575,0.8811370089399222,6.922607029023174,4.39266216835878,3.992402380843354,3.2904287361484474,4.449082323765636,1.8780042036228026,4.670056261987599,8.693866140363301,8.49089365272335,2.5213685828703567,0.0,0.0,2.8787615712050346e-05,0.0,0.0
2091000305,2005-06,Eastern,4.225000550489315,5.965012497020183,5.1096389845693295,5.402094988430747,1.4983855168245126,11.482132006815354,5.296777177156709,5.11299946066308,3.8648851784450664,5.565920493784864,1.888746435167843,5.902139847413186,10.384493903392917,8.199471107244136,2.9741563730647353,0.0,0.0,3.2258654846676764e-05,0.0,0.0
2091000306,2005-06,Eastern,3.4752717945761114,6.141923505016603,4.390131400371111,4.873823571278282,0.956074484260281,6.838651562877817,4.358736820588043,4.501330164840374,3.445257852667471,4.968807346856493,1.9764467068155893,5.059606181360665,9.974619312328363,10.266019132832662,2.872541774735474,0.0,0.0,3.2414522685875625e-05,0.0,0.0
2091000308,2005-06,Eastern,3.474812089869801,6.462200794785983,4.626436465174611,5.236253583643114,0.8880228372452148,7.322450281999779,3.472442643841957,4.50950932383188,4.033321054284468,5.271748923875589,2.2669947431245787,4.6436607634602325,10.701199040463758,11.299311594322583,3.0876912494839,0.0,0.0,2.545725755097003e-05,0.0,0.0
2091000309,2005-06,Eastern,7.686413595321363,12.695175022115176,10.150747959178071,10.994726643987667,2.1656722299080746,16.425475791057107,10.62706341197647,10.0213366953211,7.652392104770877,10.671667936331493,3.997998988491167,10.647591682297525,18.397995301446564,19.75552789443161,6.052742593207504,0.0,0.0,5.069025933742636e-05,0.0,0.0
2091000310,2005-06,Eastern,6.633568033451961,10.75027925935442,8.55294694632213,8.542516233618791,1.5632917614678858,13.155207172368435,8.337006700673578,8.097414784000863,6.471866184505582,8.943370598783082,3.5065639695379685,8.083569279503136,15.615176416253187,17.77807628397144,5.499856677384958,0.0,0.0,4.201896464242333e-05,0.0,0.0
2091000312,2005-06,Eastern,4.249783192544204,6.563012869523291,5.274410698859784,5.591435963894534,1.121138277306577,9.52070422438608,6.071466515725212,5.027053517273571,4.075227319202571,5.361747460509939,2.009448540499898,6.27014804484521,9.580660295337253,9.10959164558381,3.0689711556441037,0.0,0.0,2.872353125753741e-05,0.0,0.0
2091000603,2005-06,Eastern,2.5862741307339254,4.0676431292179345,3.409402303379834,3.4639091326719993,0.6426772962702648,5.939148378292565,2.5941843650012824,3.0579351870607296,2.5623057638422053,3.6457437859515136,1.451243869515792,3.1462589563848757,6.707749845057231,6.416748362300264,2.043087126188181,0.0,0.0,2.215406404919346e-05,0.0,0.0
2091000604,2005-06,Eastern,3.560902753233736,5.012315123153,4.330046684426036,4.524607424075205,0.917469509521773,9.102867912237201,4.464033063618605,4.087914130342796,2.9750574193028543,5.0282538398016685,1.4132588554660892,4.345295789650195,8.992926808651031,9.496991595153814,2.5317591070189156,0.0,0.0,2.0365216348350607e-05,0.0,0.0
2091000605,2005-06,Eastern,2.713352951063139,3.6070093130828735,3.6761049464327376,3.6408277347365923,0.8999307755726935,8.17634459497405,3.360707202974158,3.2156034920098997,2.643071413642241,4.2379513675034755,1.6525945610627235,2.5556494119017548,7.342238234682121,5.951031087194472,2.13258559528151,0.0,0.0,3.660281110684205e-05,0.0,0.0
2091000606,2005-06,Eastern,3.0414640022256996,4.715304914514767,4.260004723588793,4.372765037067511,0.8266771704982259,7.129432781473293,2.7093106938302847,3.6974411974274766,3.1892088359503603,4.592618363642756,1.8853942567427933,2.8617062505283792,8.65249394959044,8.186163505077362,2.6072031852938595,0.0,0.0,2.0754098830033863e-05,0.0,0.0
2091000607,2005-06,Eastern,5.467815249782379,10.406934726268648,6.986951971485945,7.832429172660647,1.5332610115649958,11.749642835685833,5.036436254912251,7.4514502086154994,6.285611733247397,7.657473906432956,3.205343772027463,8.741925444070812,14.972990878193418,14.841584984884296,4.68946865898319,0.0,0.0,4.014928964467052e-05,0.0,0.0
2091000608,2005-06,Eastern,1.4441818137145117,2.184933247948127,2.02424874664264,2.370798271142194,0.4546350505221484,3.9007017478737174,2.0040739775464655,1.6559381926747088,1.3502129046153784,2.2682445672301084,0.9357630996878462,1.4984074970104722,4.008357023387355,3.4487170712925472,1.1759256666343088,0.0,0.0,1.3526043739212848e-05,0.0,0.0
2091000609,2005-06,Eastern,6.029813944922844,11.260509690872457,7.896181365941169,10.113293121632864,2.037926073741662,14.090260590011113,8.602319909582125,8.596891416868484,6.515481947438794,8.629510017904773,3.003367053466946,10.676225776109346,16.558966368912827,14.179643466520696,4.677604880965736,0.0,0.0,3.4556777024453846e-05,0.0,0.0
2091000610,2005-06,Eastern,4.853964713379089,8.432453004018491,6.137293203560092,6.753442566205588,1.385225158236727,10.817262804728404,4.586651200155101,6.32123646139786,5.280189090995818,6.95401218432186,2.606091680623699,7.249355629007562,13.72074893059299,11.629792806820758,3.981034986496299,0.0,0.0,3.501041072596809e-05,0.0,0.0
2091000611,2005-06,Eastern,2.578204831193352,4.299226579175348,3.3580423281475005,3.554120046824206,0.6522784323907238,5.677082393292292,2.681008646032779,3.2325390737809356,2.5391307464327424,3.533787551930602,1.3483476027347232,3.4996146057154514,6.6469225382169315,6.52466355033439,2.01548317747533,0.0,0.0,1.7776672169018413e-05,0.0,0.0
2093003301,2005-06,Eastern,2.06826533245632,2.9101481294593645,2.752645616596286,2.7578813319819337,0.5496723658355422,5.61730507528262,2.8411264619754815,2.386718752851324,1.9416258707683574,3.1651011821005626,1.202367258557101,2.1167763953868555,5.663580311651756,5.369550314242801,1.619178222248456,0.0,0.0,2.1535824695520742e-05,0.0,0.0
2093003302,2005-06,Eastern,2.1825728876573294,2.9763756425071746,3.027343631031491,2.93118620098192,0.5587236082804072,5.303334791795731,2.4109205424407625,2.4058915993908525,2.0505667625958486,3.452153985700932,1.439886510864963,1.7810499522851706,6.036537412228389,5.31574743054963,1.7477745544398007,0.0,0.0,2.1803124095123525e-05,0.0,0.0
2093003303,2005-06,Eastern,2.0174316722168406,2.715054735965859,2.7207733930563296,2.5801955960358782,0.6031828311292693,5.334951506626627,2.5545833515514635,2.326785866766359,1.81817603381745,3.096251171811274,1.2909440102274348,1.8126867748615874,5.567561722152989,5.103814966747835,1.6258513973233537,0.0,0.0,2.0516043362912732e-05,0.0,0.0
2093003304,2005-06,Eastern,2.4148258774646205,4.122606142504071,3.310518370044035,3.292157753170001,0.6132897569237142,4.943575465051955,2.2348972780097873,3.0496218807785427,2.5345161998417507,3.7900869418645042,1.8244052727255258,2.352564514581091,7.415668191772515,8.07856043181151,2.2607760700396358,0.0,0.0,2.4706730381679897e-05,0.0,0.0
2093003305,2005-06,Eastern,5.008024172203606,7.253594116417442,6.783081262821632,6.784780230020352,1.362678597492143,12.069949223432893,5.290041081264735,5.953490686167107,4.888478479596798,7.378653972226513,2.6295075790765785,5.4374936537247445,11.94340895073958,11.167563284838227,3.847346996902269,0.0,0.0,4.0915076821686074e-05,0.0,0.0
2093003306,2005-06,Eastern,5.290104362503263,8.436838576868636,6.756194078835418,6.5811029179933564,1.3499639896769053,10.983134764751977,5.2224953141374515,6.369849814177688,5.1918929407152525,6.802576183743009,2.7722871971866514,6.842051449835075,12.178838295309738,12.499455627076246,4.322318092924199,0.0,0.0,3.359286318887676e-05,0.0,0.0
2093003307,2005-06,Eastern,7.0640488174682785,11.869903343877859,9.113209823516074,10.075235496371143,2.1063538102401753,15.692147978327883,8.73502972259749,9.245805330928162,7.160630659813289,9.894902007576702,3.6268622759354296,11.010765488005239,16.36368816069399,15.883205006851783,5.43942973732626,0.0,0.0,5.768741669493529e-05,0.0,0.0
2093003308,2005-06,Eastern,6.147658580218281,9.590166641513813,8.064318561682448,8.410491128768601,1.7645459955323384,13.031808027603992,7.173518119955727,7.600603002561611,5.8099304829435585,8.266955472930055,3.164539754630631,8.424525686309847,13.384046157360142,12.900800747211736,4.514790674921688,0.0,0.0,5.405590993191621e-05,0.0,0.0
2093003309,2005-06,Eastern,2.853519631018994,4.996993230275724,3.832991470256966,3.7507266530955965,0.6092297994914713,4.963174765545613,2.8397898406873807,3.404468589395299,2.7393345629990966,4.101570089381995,1.922205108507304,3.003984259193357,7.933512032951955,9.430579449232606,2.549042822410334,0.0,0.0,2.304380504564601e-05,0.0,0.0
2093003310,2005-06,Eastern,3.179667824681393,4.55819322265449,4.283783343460671,4.291025487986176,0.8930762113153865,8.418729508232461,3.282163611884592,3.7713130981135548,2.832644375012872,4.762821423017565,1.649114417532023,2.9918716337392013,8.410959532784048,8.02635501819728,2.513840156705461,0.0,0.0,1.9180038780753547e-05,0.0,0.0
2101000201,2005-06,Eastern,4.360293881370389,6.140508293970305,5.568015126701546,4.72374960660488,1.376390893180122,10.663437288330545,2.8487828571206637,5.127352619263217,4.076974402358479,5.44895473772849,2.387416242147134,4.926678953247738,9.689061986837118,8.249338235297243,3.5504925503990115,0.0,0.0,4.157716740357808e-05,0.0,0.0
2101000202,2005-06,Eastern,3.5776373118250473,6.457616157194857,4.538400645703604,5.173069245225906,0.8669136771856737,7.305266611803426,4.801400893202727,4.452480796061552,3.818381624108175,4.661906784710367,2.0739772008879145,5.73629242806943,9.038142679568947,9.97227824217713,2.689460755359522,0.0,0.0,3.0727833509424e-05,0.0,0.0
2101000203,2005-06,Eastern,6.561196456116584,11.742892002051663,8.137078281953212,9.909660080003,2.1038736953085664,14.974734176425136,8.493030334493502,9.036499047594825,7.090754243526583,9.570702327876774,3.4475274637181466,11.154846086320395,19.08350744322186,15.868114178868462,5.239913686511853,0.0,0.0,5.476420200697222e-05,0.0,0.0
2101000205,2005-06,Eastern,5.363614669166624,10.160993509390646,6.8075644501479085,8.166470087365045,1.4154264285399927,12.84791370037183,8.145297593240238,7.389394905338513,6.003757769261751,8.277535925227218,3.536359365012853,8.007498742400914,15.4933677109874,17.842558629419134,4.5138204596074205,0.0,0.0,6.350458031613066e-05,0.0,0.0
2101000206,2005-06,Eastern,3.7695608290980953,7.170940532118777,5.018944149277817,5.7248671575457495,0.9086864544735288,7.7709316044308565,4.206694864033968,4.992434813160539,4.222651275504694,5.940432137187352,2.646310092904026,4.79995084800398,11.494068488019227,13.017019802889921,3.2306504315516356,0.0,0.0,4.0984308851922e-05,0.0,0.0
2101000207,2005-06,Eastern,2.2665920836463593,2.9935747705866307,3.1440376021044973,2.959688884424621,0.6779552881192052,6.381357466428879,2.3263700481176373,2.5852191808475578,2.1080614437185825,3.3624854100892594,1.3616837192889957,1.9394012670923184,5.7578837634219715,5.115002599381037,1.7904202879479425,0.0,0.0,1.8890564383797838e-05,0.0,0.0
2101000208,2005-06,Eastern,4.458084137950943,6.824040736227713,5.79428186083999,5.559927811750432,1.0273751771736777,9.143010570884648,5.577289815129066,5.197039765267012,4.230344161138235,6.157979228030187,2.5686598645426773,4.8088141584673165,10.694785855237779,12.12227493747709,3.711484794240961,0.0,0.0,3.512352811947876e-05,0.0,0.0
2101000210,2005-06,Eastern,2.6001048628831835,3.4911919351572753,3.4619988229293437,3.344990143933777,0.7507833540454677,7.051270049786852,4.103278286441756,2.9791424390864374,2.391073953768914,3.7836961581488824,1.6235125118044986,2.7332759724703526,6.064121595898815,6.002330798091272,1.929744797985981,0.0,0.0,3.488213846873044e-05,0.0,0.0
2101000211,2005-06,Eastern,2.2973237795672845,3.5348580690629006,2.949802628051305,3.098049726183512,0.616063582186021,5.167233793823551,2.8822743573667333,2.733501351082549,2.133149577969641,3.3378674324932085,1.3681710171338848,2.7277876830597525,6.550337937865009,6.53777205206871,1.7870157228411008,0.0,0.0,2.5260264364108057e-05,0.0,0.0
2103000402,2005-06,Eastern,2.331950420745728,3.258527923885136,3.0782794606673307,3.0905578627901225,0.7237066188320864,6.496041021758625,3.1666064116464,2.7667623820304827,2.1335550485519734,3.5272022660441924,1.2639544037786676,2.4412560635753637,6.311972835569686,5.755972116756326,1.8648774964876054,0.0,0.0,2.0114753552999877e-05,0.0,0.0
2103000403,2005-06,Eastern,3.9772852003407415,5.436429230114013,5.6067801186958,6.025853973815873,1.3623498040035702,12.010105239989334,5.118975008184463,4.800733720131583,3.8970435303442925,6.400242959058252,2.0931235308557277,3.518424422630409,10.586392554306851,8.691816519610231,3.197316045052977,0.0,0.0,3.3190562105075064e-05,0.0,0.0
2103000404,2005-06,Eastern,1.9418537399975186,2.9768643757006945,2.7364738403539173,2.7050780805137995,0.46107903993636157,4.116832318125648,2.1675402867445257,2.233118640341821,1.8118733799332947,3.077732697574012,1.4707207386520582,1.5128712873009562,5.926516435955463,5.778966344994437,1.6652660155237273,0.0,0.0,1.6720172247253643e-05,0.0,0.0
2103000405,2005-06,Eastern,1.8939806059945108,2.8748276130260804,2.515415896456024,2.4886007736114832,0.49624949503163435,4.24870223804615,1.943335510134947,2.234231616523807,1.779918517891916,2.741360834233386,1.2069754046828374,2.0297412718997823,5.301858588809618,5.02217199463569,1.4869685144393403,0.0,0.0,2.0304204472479544e-05,0.0,0.0
2103000406,2005-06,Eastern,2.346322303088631,3.2231707681425883,2.988269265174788,2.895754628332798,0.5839366937278411,6.173867348826071,3.043217508793689,2.6046759425665496,2.039065852945006,3.1874935582947375,1.1884001562621835,2.7026599452604874,5.660092510969175,5.664432618365415,1.6563218877145691,0.0,0.0,2.505955455953432e-05,0.0,0.0
2103000407,2005-06,Eastern,2.333839653765272,3.2666404812645466,3.021731915783804,2.8126270818643717,0.5845535630109187,5.594768510607541,2.4361508524013864,2.5854125706053868,2.1150954241351587,3.208467866022775,1.3505927932598334,2.4348109423191486,5.798943800680456,5.857317809448282,1.8144714987760964,0.0,0.0,2.244860418290978e-05,0.0,0.0
2103000408,2005-06,Eastern,2.0592780424014054,3.421754885618535,2.844792890348698,3.117842520968437,0.576086986399407,4.791455368756255,2.271087315244883,2.5670734626519396,2.205340366620451,3.2043976690131335,1.461885040349071,2.2789200716562497,6.24871701065749,5.887845235820959,1.7807897120950824,0.0,0.0,1.994039739089658e-05,0.0,0.0
2103000409,2005-06,Eastern,2.080925732118542,2.5537071321313096,2.8742370223329075,2.8002038148510993,0.5787513303865894,5.800779645269399,2.3587399286911728,2.236513872588386,1.898064807971905,3.333224405602942,1.1855411841162247,1.463778408237737,5.736418156360154,4.830106273698831,1.5859178862073913,0.0,0.0,2.127533386393374e-05,0.0,0.0
2103000410,2005-06,Eastern,2.752471257985444,4.57217169058093,3.7265897390798486,3.9773778960235733,0.8283702755750998,6.778190101834873,3.2435826323713584,3.5901386193439335,2.665482783241373,4.092157464481668,1.543181127643387,3.4983925848181294,7.450728847780941,6.8514740646837815,2.255395857040963,0.0,0.0,1.95418277662058e-05,0.0,0.0
2103000411,2005-06,Eastern,2.1661997853853157,2.6910050685444706,2.9137004430001796,2.953704869076718,0.6246037682893734,5.940592147473689,2.753603420862847,2.35345378698623,1.858252310120021,3.434028169006745,1.2857814889512187,1.507909176263201,6.1852524937926985,5.844763769954012,1.6599764201147909,0.0,0.0,1.70606439221527e-05,0.0,0.0
2103000602,2005-06,Eastern,1.7662018603076974,2.4629488825969816,2.44293785523865,2.308050557718223,0.503071460246063,4.652468988730183,1.8220189801396034,2.0412873396104176,1.6343396859351027,2.603279592019447,1.2015140017679138,1.6242610735712177,4.704757551246391,4.197438621139932,1.384593182736487,0.0,0.0,1.7210543424388015e-05,0.0,0.0
2103000603,2005-06,Eastern,3.2709080510957924,4.984085018293721,4.419684359830696,4.756101886515695,1.0080179393050606,8.889543483019063,4.198557375683304,4.108031098286238,3.152417469623861,4.867207560883554,1.710387336625075,3.8711448844150147,8.639269299349717,7.9217822875136115,2.586581538541407,0.0,0.0,2.4500911254785313e-05,0.0,0.0
2103000604,2005-06,Eastern,1.9534034953355435,2.87616285259109,2.497053593837961,2.524378211880002,0.5692088968457903,4.947832043338327,2.1985177542291092,2.3178887376711024,1.826567801014774,2.815229947899549,1.1317627250761846,2.312970428380794,5.3967872605180665,5.1363692901404665,1.5112769633118595,0.0,0.0,2.265511930163532e-05,0.0,0.0
2103000606,2005-06,Eastern,5.0146090329857165,8.680565371704214,6.4894853119582505,6.80762674451051,1.2546157043661252,10.178898364439375,5.018445453376987,6.432618508360975,4.912688487621232,6.8000333740249035,2.4977096203880294,6.87900024035937,12.783115041497572,13.194605508761397,4.02349053554306,0.0,0.0,2.9650540385400065e-05,0.0,0.0
2103000607,2005-06,Eastern,2.513097558695249,3.35383942525952,3.4961780356874343,3.947153313159359,0.7714362413536917,7.471317694168985,3.106123042389679,2.7445391134062658,2.113607013962961,4.040285325790328,1.2711377505872428,2.057433818848348,6.574730519079825,5.927659483160428,1.9057301804295959,0.0,0.0,1.9367998750893284e-05,0.0,0.0
2103000608,2005-06,Eastern,1.4411684447624686,1.9705762473401307,1.9538682999142152,1.7547997450819068,0.34998327865180634,3.4010389313575025,1.4459920851901678,1.554693668959698,1.3153298001339955,2.06890839690494,0.9987435655753668,1.2631479747628043,3.770663403744733,3.683024183358289,1.1359431440211556,0.0,0.0,1.7050580444617875e-05,0.0,0.0
2103000609,2005-06,Eastern,5.813448036675423,7.553169650203527,7.74778581724044,7.262599304493268,1.7251298250802138,15.147429705210044,6.487193018585949,6.628478603860563,5.2270056091352615,7.92634542527027,2.7849005752779155,6.143885947187211,12.066939235192246,11.198716113808587,4.117296947151568,0.0,0.0,5.065578109307261e-05,0.0,0.0
2103000610,2005-06,Eastern,2.5811470685338676,3.98531568375389,3.3958610690573447,3.2132784285028824,0.6705237287215938,6.111840655086763,2.3461037997765213,3.1827262836513515,2.445252434360173,3.6893502389405888,1.394462954717828,2.889182505599531,7.003511502254153,6.998077607175384,2.0804609256596405,0.0,0.0,1.828393862680928e-05,0.0,0.0
2103000611,2005-06,Eastern,2.187207700198863,3.174637334724309,2.9673141384698556,2.588577493271223,0.5101527643728277,4.852800008108591,1.8515343143775853,2.476743874017643,2.0463910717032374,2.962933384263113,1.2555830291066654,2.205686673765409,5.309325391541653,4.841926121669918,1.746158226092876,0.0,0.0,1.640698509947832e-05,0.0,0.0
2103000701,2005-06,Eastern,4.60826455936111,5.884459175978951,5.883632104080038,5.658883093724958,1.657357320988518,12.457046879615946,7.59389620492236,5.197589437683011,3.849465490372318,5.907852738462902,2.3116211472060093,5.756509411774429,8.583279354661109,7.977971697756134,3.117342378947515,0.0,0.0,6.274528380722641e-05,0.0,0.0
2103000702,2005-06,Eastern,4.133650607126107,5.098717255902894,5.551928935503889,5.005798691114855,1.2018829584028747,11.075497638682606,4.593341264439327,4.530796805684877,3.641759982361065,5.749794571066973,2.1463253095617074,3.880578961825807,8.700980415357433,7.986426875658063,2.9324042272231066,0.0,0.0,4.328848807681822e-05,0.0,0.0
2103000703,2005-06,Eastern,1.4798717624618312,2.1616170369510574,2.07415676795143,1.8679968884765146,0.3601094536393573,3.264894212038508,1.7478747489721072,1.6942688275393725,1.4258948078323488,2.4096320284282555,1.2558106079992037,1.1554177457060575,4.345412352097199,4.588430099466203,1.2820997367505917,0.0,0.0,1.9545891035191502e-05,0.0,0.0
2103000704,2005-06,Eastern,1.8905419278493232,2.7732057072740264,2.4612438049136656,2.4180868439470213,0.5033140986558344,4.341131729036564,2.0181111198231383,2.172835784141475,1.7315006437106062,2.7884239110734232,1.2413874700076717,1.8948511150901706,5.4779969667111095,5.529368187971433,1.5226702264524832,0.0,0.0,2.0361424923770924e-05,0.0,0.0
2103000705,2005-06,Eastern,3.913842360305692,6.620613610284902,4.955159994283933,5.3320419662480445,1.1287689511324688,8.268933094484597,4.113075027666762,5.0051970660278435,3.9311724118014952,5.447950437567142,2.2001229407088028,5.39737824041912,10.74956678827371,10.523355882444813,3.2552501411943613,0.0,0.0,3.05137116214365e-05,0.0,0.0
2103000706,2005-06,Eastern,4.424650963890446,6.472320288411021,5.914817968118559,6.169104170648763,1.2593325777906879,10.461078815563258,4.6652708783057895,5.342885101069551,4.35095396452901,6.50923493794249,2.332117650974681,4.773625808702464,11.657057309705639,9.995988422886786,3.378564958602418,0.0,0.0,3.8061217476557576e-05,0.0,0.0
2103000707,2005-06,Eastern,1.858938503655944,2.3952129742001853,2.627611742029469,2.52455643719455,0.5332972346529135,5.36654685929335,2.09997524128998,2.078981827679349,1.6800905411729772,2.927694057972077,1.1162750370160766,1.3385343368693994,4.9383059484748735,4.409015093422772,1.479164592717575,0.0,0.0,1.6767448812095538e-05,0.0,0.0
2103000708,2005-06,Eastern,5.438900488704993,8.801313170423855,7.259339965997096,7.440657266802284,1.5476337571207042,12.905485229582784,4.450532235083319,6.96843722624058,5.918705934729244,8.173442953612122,3.066988901525892,6.26325342098053,14.747631711984534,13.803359503680857,4.70522448922118,0.0,0.0,4.1022177354156644e-05,0.0,0.0
2103000709,2005-06,Eastern,2.7828504337161295,3.8375047366925763,3.734689515303502,4.037855156229334,0.8065616732907828,7.280689890976318,3.5879067979098878,3.179224109359806,2.47047587863207,4.0562696028991745,1.3988530055715807,2.947704511286586,6.884993579143122,6.057308052103617,2.012556883507922,0.0,0.0,2.3752980076783357e-05,0.0,0.0
2103000710,2005-06,Eastern,3.186818615132903,4.799482945283035,4.329693911202414,4.418525970075292,0.8527567002972576,7.445936908019521,4.072957221573961,3.845650954832367,3.118573464038656,4.691262366467835,1.9708409273202754,3.5688529030485867,7.901900413877934,7.820152679680981,2.465052811288704,0.0,0.0,3.323679430838976e-05,0.0,0.0
2111000301,2005-06,Eastern,1.5113434009458646,2.0436596271283305,2.0157432913592768,1.902625283355885,0.39540462824244765,3.8654487681586502,1.8011301129834518,1.6748686720978387,1.3422323574187456,2.2951534391366013,0.9811988688787111,1.3200970136754586,4.235663807549611,4.373243091946442,1.2010209952282804,0.0,0.0,1.5938417305595748e-05,0.0,0.0
2111000302,2005-06,Eastern,5.636372284740182,8.198234412412953,7.057693474084812,6.2777435189777995,1.8696690623137904,13.443510329588735,3.7275364569653453,6.748251910402624,5.218508945491278,6.996708171558949,3.1340445938225105,6.791323202384198,12.333536303646872,10.701671787210195,4.669240958734513,0.0,0.0,6.324294427572328e-05,0.0,0.0
2111000304,2005-06,Eastern,12.104680157717544,19.9075638971331,14.565637167475609,17.36983968375593,5.098156431726591,31.573259154699315,21.98433577506491,17.0264818651192,11.910976137002745,15.645776915174963,5.314790644028897,22.73436506632595,30.322795240845505,22.792210719110702,8.659324027645054,0.0,0.0,9.4508145275488e-05,0.0,0.0
2111000305,2005-06,Eastern,3.15368793986799,4.825331552447841,4.121469198977875,4.384163118487611,0.932380794780782,8.319827669163532,3.674895065997249,3.8977050354159366,2.9781659040842667,4.490026783080674,1.5986902035927646,4.09542344923765,8.152915563577208,7.228100183611765,2.3760841895341884,0.0,0.0,2.254596972932258e-05,0.0,0.0
2111000307,2005-06,Eastern,3.441018157326582,5.745187115049958,4.477502652489182,5.015307629863012,0.9056835488614905,8.145728464684728,4.327848966641235,4.26212173511647,3.491762201583003,4.964028678070732,1.7676928288072846,4.939836953658503,9.190177360220506,8.543489926788052,2.688118125012511,0.0,0.0,2.565737049554764e-05,0.0,0.0
2111000308,2005-06,Eastern,4.207031075299395,7.448165505834156,5.662473220644611,6.269037534234403,1.0431924045132728,8.691359810020108,4.603304493450023,5.319351448480633,4.449599906281472,6.31822710404081,2.4189302024719757,5.380615804737528,11.834890201352868,10.952443651024565,3.622254379479557,0.0,0.0,2.8567894363354442e-05,0.0,0.0
2111000310,2005-06,Eastern,2.658262860874859,4.373873408342102,3.877355349526444,4.627504437683733,0.793833485281728,6.563301789253565,2.9155609823207094,3.2416690478473,2.7383147612033465,4.179853049019141,1.5126524376284491,2.842978451417821,7.3853371629621885,6.342972454706989,2.263632254843303,0.0,0.0,1.688693780700023e-05,0.0,0.0
2111000311,2005-06,Eastern,2.1311055681417397,3.3698208296182,3.097897030292074,3.297846833517675,0.5331356493465054,4.804087526489905,2.2923441274501366,2.5336998134776847,2.223954691038428,3.634522440266024,1.6600051615837172,1.5883308901670703,6.873975980882076,6.452479495202073,1.9028786136499145,0.0,0.0,1.963659820247081e-05,0.0,0.0
2113000401,2005-06,Eastern,3.2818807686168445,4.712991124282021,4.385973093287992,4.642402298382334,1.0984296178132216,9.46878167645019,5.657014197967627,4.067553345164664,3.1506015528552207,4.865947865071721,1.8561877881387174,3.9998985445800805,8.233298209374116,7.363276834809692,2.517211631919321,0.0,0.0,3.4508535621374675e-05,0.0,0.0
2113000402,2005-06,Eastern,6.261911003511861,8.390850802352414,8.362830012905478,7.630075209098674,1.8653712647888878,16.03550702368695,5.7406820606580125,7.3071139963596945,5.7112078391527445,8.32724726498041,2.917474363636989,6.679425919358766,13.279516837251293,11.849980524035564,4.6091307199312235,0.0,0.0,4.370481369280417e-05,0.0,0.0
2113000403,2005-06,Eastern,3.4701925066402994,4.8336446772628285,4.613324816212494,4.337702774968389,0.9787270295036651,8.820667156841168,2.9803895083923853,4.0527694353054615,3.3597438165409472,4.971588331832311,1.8206152624472318,3.451300706082383,8.88763890562644,7.447901383954895,2.7353377190583146,0.0,0.0,2.675919085544436e-05,0.0,0.0
2113000404,2005-06,Eastern,1.4199980481290426,1.7083302797242161,1.9111232037316637,1.569339850283273,0.3845199909859684,4.044450176709688,1.3465420529740257,1.5095188300823477,1.2304105072975122,2.111905121287225,0.937504187732488,0.9972966501351936,3.796984992393597,3.586028131698001,1.113515262558375,0.0,0.0,1.41199061813659e-05,0.0,0.0
2113000405,2005-06,Eastern,1.483449520754629,2.0105320212651896,2.034420112420953,1.8947425687828006,0.4199484450905628,3.9458743954624604,1.5313077685208445,1.7164018527136633,1.457486609655787,2.2840499462586648,1.036861761847632,1.2423484552449922,4.2450356746736215,3.928449882144397,1.2066676381755772,0.0,0.0,1.663548126141321e-05,0.0,0.0
2113000406,2005-06,Eastern,1.7653569073597628,1.956047095987449,2.4770941970379274,2.036823680871597,0.48321374589899385,5.091622226033355,1.626717101474127,1.8234371294257241,1.5596611260147333,2.690846585992336,1.0946424933599,0.9966040496087355,4.467981226212864,3.741160900619597,1.333160962704474,0.0,0.0,2.0548883064261905e-05,0.0,0.0
2113000407,2005-06,Eastern,6.433053376699904,9.770552304715828,8.182834692458334,7.9172814368451565,1.5631597690836219,14.496242823154113,9.08072033566969,7.688821684268652,6.146748891058495,8.368944788430234,3.2188860726011033,8.055445287475468,13.945068571270118,15.001906715281347,4.977202731536763,0.0,0.0,4.6134698851636976e-05,0.0,0.0
2113000408,2005-06,Eastern,1.1027446092894346,1.2818693481830195,1.5264598308626414,1.3059163607975415,0.29664523815257743,3.089642808429554,1.0921372555724196,1.1247941024580572,0.934357893089004,1.6604841348113861,0.8141766116440273,0.6943661986274458,2.960487704598646,2.7951041976257347,0.8184342860841014,0.0,0.0,1.1769859796432614e-05,0.0,0.0
2113000409,2005-06,Eastern,2.8748827357572413,4.339262694814299,3.6406775918930965,3.7134065501064693,0.9431014165522676,7.5892267020214,2.829861837296178,3.523830535817211,2.8924222787710474,3.9284399266320666,1.6167145504950526,3.7573042437916055,7.409503280241308,6.557776914519267,2.2969012571575553,0.0,0.0,2.677183326828273e-05,0.0,0.0
2113000410,2005-06,Eastern,2.1424162483413913,3.174176941500608,2.8166868177600595,2.9362732106602,0.6299165703529072,5.6791252819017695,3.1447106024372533,2.566199791441922,1.9530849905821581,3.1401594611482224,1.1731655762962125,2.5765386627351448,5.637934416095519,5.213575373752346,1.6552196730596964,0.0,0.0,2.1845705012762978e-05,0.0,0.0
2113000602,2005-06,Eastern,1.7119108704635084,2.536180465099629,2.419888144224112,2.2415124978049934,0.42359266707904136,3.6815300794126826,1.5185222918849035,1.9601258607962808,1.6955878799595565,2.6546801461453278,1.3248280669983141,1.3042002821889174,4.950830296980073,4.975286234171078,1.4894627290392461,0.0,0.0,1.927256395463529e-05,0.0,0.0
2113000604,2005-06,Eastern,2.747200325440479,4.6696965080663,3.633256858373476,3.5755250588347978,0.5879480210866588,5.036262852241953,2.8330835756004706,3.1848074621682474,2.6981127271310643,3.980218915425582,1.860568485635165,2.9473552530141047,7.6500835797389675,8.890288680153308,2.438370167227954,0.0,0.0,2.290560499596656e-05,0.0,0.0
2113000605,2005-06,Eastern,2.9248289028097445,3.520203396019543,4.000012616388556,3.2487058250826566,0.8253393047314286,7.9158936197647245,2.4337673233218085,3.161379318079366,2.5729846254177144,4.022159996840253,1.626237269366647,2.3366295285747887,6.46139049811707,5.50074232028549,2.2044437027536223,0.0,0.0,2.709953611865252e-05,0.0,0.0
2113000606,2005-06,Eastern,2.6906006425386164,4.002783868756467,3.3950848389571058,3.670483786668914,0.74397447231587,6.7268291584244615,3.5284410249413956,3.197135916777844,2.44279618430147,3.793705049623235,1.4130780903614837,3.3858806430022463,7.268350551643763,6.985785045694258,1.9502786618953076,0.0,0.0,2.7268217998495697e-05,0.0,0.0
2113000607,2005-06,Eastern,4.156337283476218,6.856776519623692,5.345112712217973,5.647183338852468,1.0954237428535047,9.995229606127227,4.182552260449526,5.188390489090158,4.214207978383277,5.77144558030608,1.969559480443105,5.943889866122096,10.926937949804927,10.633322456085603,3.204198006112354,0.0,0.0,2.5266585953183996e-05,0.0,0.0
2113000608,2005-06,Eastern,4.496139651922836,7.644808908095328,5.856202315520032,5.985784775139907,1.3872514409648935,10.555313272534727,4.017372396327995,6.044428846478042,4.829781860123698,6.52709268403495,2.6429577168277363,5.772217473220926,12.600116715416165,12.808029953201709,4.073219859908748,0.0,0.0,3.4217281199543124e-05,0.0,0.0
2113000610,2005-06,Eastern,2.7921460931383506,4.143412314540134,3.6987016394086445,3.861574665564857,0.8005483116609386,7.129871845316968,3.5164834881688893,3.3351907088215205,2.604326519965285,4.273965025683305,1.5284736482657768,2.9650457802512427,7.860811482994977,7.284315276197977,2.2865296856201955,0.0,0.0,2.0464595603501028e-05,0.0,0.0
2113000611,2005-06,Eastern,4.064463259753596,6.093268717978833,5.314595315989428,5.255887228088908,1.0700167252696084,10.21587002286243,4.079748294523711,5.008113475551863,3.8239214572396523,5.670474533946027,1.9104797025074218,4.776476883028531,10.254228950522434,9.954436465978418,3.076760503722883,0.0,0.0,2.6349315829894133e-05,0.0,0.0
2113000701,2005-06,Eastern,1.7179691495977316,2.6944242129062497,2.2913089003212606,2.257536022537281,0.4204202042419337,3.64714671524662,1.967252500440448,2.0017000863989325,1.6256277966915107,2.5893764290001973,1.250419827287818,1.7472286454047339,5.1145820293516895,5.67756471556835,1.4152610477690588,0.0,0.0,2.4066014770501912e-05,0.0,0.0
2113000702,2005-06,Eastern,2.6032355963524436,4.01092822752911,3.3340169752052757,3.704829023812996,0.7271891798387765,6.4937399446690085,3.2967663313255233,3.1781191373843276,2.440022215394259,3.6693263252230097,1.3488218655712074,3.453021660511428,6.949820817763833,6.408260732099905,1.87056398705903,0.0,0.0,2.663870395540776e-05,0.0,0.0
2113000703,2005-06,Eastern,5.608531960541248,9.95077413177722,7.363376150212576,8.176454386184492,1.4235278063305352,11.083162868570373,6.0795272386655155,7.222491555799805,5.886578386947805,7.814318316021552,2.968413154462569,7.752726967758879,14.576528286126399,16.105764598161706,4.455735344376747,0.0,0.0,3.645962867720487e-05,0.0,0.0
2113000704,2005-06,Eastern,2.1602048452051448,2.9992603476081667,3.018165820969712,3.0995435662112256,0.5200105703929854,5.033004238078724,2.400126883507751,2.406916803861638,1.8859460134047532,3.4526610349243794,1.5404357555686197,1.4376334039051646,6.483823132368868,7.095917034319147,1.6916674237519644,0.0,0.0,1.973550163704287e-05,0.0,0.0
2113000705,2005-06,Eastern,3.797251788962217,5.339702813398195,4.8948422016388236,4.484815044833544,0.8955769899284934,8.961960879626327,5.3324468457715515,4.2705224181986905,3.5023101392897837,5.1046860913529235,2.1190516935950874,4.053546584920415,8.43930425738671,9.03723597615541,2.950836042679028,0.0,0.0,3.639052595320358e-05,0.0,0.0
2113000706,2005-06,Eastern,3.5037515211364063,5.6023193675605505,4.706374120394951,4.672916403060927,0.7992069850152295,7.293178641021185,3.4202921764928247,4.218063157014781,3.359214313898316,5.172973359667233,2.0462721438450053,3.5507569317420304,9.865056868331553,10.329977030344867,2.917352606688425,0.0,0.0,2.3354859811810688e-05,0.0,0.0
2113000707,2005-06,Eastern,2.935361208709079,4.359383577367028,3.9106315229713156,4.341259813049164,0.9075552684256355,7.820596412594634,3.6479082298548526,3.601633291051151,2.771802329536697,4.5128184887614085,1.529524734985794,3.175923440594981,8.236871110039486,8.052086654027123,2.3115454108125064,0.0,0.0,2.2771418072784212e-05,0.0,0.0
2113000708,2005-06,Eastern,1.8138341858553708,2.6152183776009026,2.5085899877950646,2.3845539140540635,0.5559860471727509,4.869034797932215,1.799596520292896,2.2021309352979,1.8398722972735961,2.7683685260908497,1.2570578018944236,1.7084736628978079,5.08743520994043,4.414584054898584,1.5305574187593307,0.0,0.0,2.0675559455950202e-05,0.0,0.0
2113000709,2005-06,Eastern,1.65617448940053,2.293182591668965,2.157209390961789,2.215067159851552,0.44882037089806953,4.332057467019189,1.8414973945439082,1.8388822853469202,1.5189023572213245,2.4555003155956725,0.925335151819688,1.7077674293968959,4.532326160270721,4.315754925200168,1.2623069434957317,0.0,0.0,1.4785280361488511e-05,0.0,0.0
2113000710,2005-06,Eastern,3.2103424719698097,4.4362964352394085,4.478739594696531,5.022643966680167,0.8455483148800038,7.719824878403358,3.669221538637744,3.5195257618803617,2.8682155891491887,4.981087216849065,1.6709730480626812,2.508958621352901,8.484565162274311,8.325374317253855,2.5405859944932616,0.0,0.0,1.8108587977034818e-05,0.0,0.0
2113000901,2005-06,Eastern,7.8974619569593765,11.342195447305086,10.195207346620153,9.58578044087641,2.1092971028596565,18.849242157670627,6.49364672775987,9.489695869328013,7.918762164223582,11.071474927224902,4.106296036305053,8.75152423562323,18.547633873449556,17.623574332362143,5.935101093057332,0.0,0.0,7.408483483495373e-05,0.0,0.0
2113000902,2005-06,Eastern,3.773105448434887,4.93708852697169,4.930539365150524,4.849508223971561,1.176828667813701,10.440851468773005,4.3888339288219225,4.3489538795315505,3.5161808964566457,5.467423224489876,1.968201178739261,3.8664824795806587,9.584425671195916,7.940994097102747,2.772864769979339,0.0,0.0,4.096162255003194e-05,0.0,0.0
2113000903,2005-06,Eastern,2.3050236062907796,3.274352468557222,2.9897765445059763,2.967490114160319,0.6689342675272363,6.33133905071832,2.792473979659848,2.676910119762098,2.121779091290527,3.223182169443161,1.2383799342339388,2.7101624708318997,5.72982878363683,5.304580737449937,1.7555852576511928,0.0,0.0,2.254395982693224e-05,0.0,0.0
2113000904,2005-06,Eastern,2.2437361158447433,3.2207983816283465,2.8872555485319045,2.689260366726257,0.568163172740691,5.367592210496685,2.3576128423866676,2.5505389063525756,2.034191965002378,3.1101583977787484,1.2487607781344559,2.477611489800928,5.642723789995545,5.786972835483107,1.751667782497106,0.0,0.0,2.2322563223457074e-05,0.0,0.0
2113000905,2005-06,Eastern,2.5449835963123717,3.8742117810289187,3.3842110159220065,3.4820286807036296,0.7142780791632802,6.379041507436686,2.6164717695627084,3.0545752408891897,2.5010033211278366,3.6427888350596787,1.380303642536231,2.9855784221427215,6.696708205670999,5.860294818908817,2.0152871248825432,0.0,0.0,1.756669807561776e-05,0.0,0.0
2113000906,2005-06,Eastern,6.7578372626430525,10.770279318422622,9.133534168734046,10.38044921004712,2.20017008320968,18.143436094348882,9.123216908741366,9.057068144638754,7.185468985900865,10.284247413358077,3.47993363002388,8.541802468691724,18.409578578765554,16.985450929922415,5.401221906484238,0.0,0.0,4.557410284106777e-05,0.0,0.0
2113000907,2005-06,Eastern,2.172465546344427,3.447773576448982,2.9876673967299303,2.8548849961349574,0.5314923211475571,4.738565243563667,2.1957812115795754,2.6183228753745835,2.1663041111289894,3.48465464050361,1.561891306221441,2.027814959511495,6.653240010221682,6.955799389684596,1.9507720766809322,0.0,0.0,2.0381620098897113e-05,0.0,0.0
2113000908,2005-06,Eastern,6.279481703717928,9.987399889246605,8.218545734029702,7.993376323403589,1.5663361670266724,13.3681682055815,6.026667575816517,7.802006725407461,6.264224048957575,8.29768529228384,3.1000167398185083,7.81098381928913,14.608297109096743,14.381632774218398,4.971692890684481,0.0,0.0,3.530945877670258e-05,0.0,0.0
2113000909,2005-06,Eastern,3.938673546416323,5.646951728434997,5.21107442982244,5.188683803887606,1.120679549594149,9.530908737670071,4.255575010739892,4.659136677043105,3.603563494054706,5.502040774187349,1.9426550026337495,4.427970461861397,9.496761997653554,8.667408433123873,2.972917618048419,0.0,0.0,2.813179119145385e-05,0.0,0.0
2113000910,2005-06,Eastern,2.531298533880468,3.264459036034491,3.4970325371652478,3.154269078480483,0.7034681966281118,6.8706631244524345,2.560182499028925,2.8656389329911067,2.2248503301242737,3.8846756109485003,1.5341101673151796,1.852500706976859,6.772503227717206,6.346080814110468,2.0100165847224374,0.0,0.0,2.0250502433470375e-05,0.0,0.0
2121000301,2005-06,Eastern,4.479752218633102,6.397327169277106,5.468485376996748,6.122408276724801,1.7468439302661332,12.681049973050476,7.892492843374657,5.561316859213444,4.1591172263067415,6.084076225329768,2.1081450365841516,6.630771193267275,11.559954082303474,8.724040219955862,3.1748767177864914,0.0,0.0,4.551769872804629e-05,0.0,0.0
2121000302,2005-06,Eastern,9.23152440674369,12.306333673350613,11.360194211121406,9.349316864840974,2.2205308129131294,18.976024963064297,12.148126035431646,9.965749189434929,7.551289896048933,10.034681427574428,4.0497399824997276,10.87534847413636,15.22199226588834,15.432833230213092,6.754189372790068,0.0,0.0,7.107531163339604e-05,0.0,0.0
2121000303,2005-06,Eastern,3.7085083968953674,6.656454916537026,4.925925481710275,5.018955770653465,0.9399419461336648,7.460829305187003,2.7948937479176146,4.758966549254366,4.051841191286183,5.463143105785792,2.424605487951602,4.603171478805916,10.554884965062453,9.865586156935095,3.278551087092539,0.0,0.0,3.492414171513938e-05,0.0,0.0
2121000304,2005-06,Eastern,2.3085048026085153,2.993837520299433,3.0202778704771682,2.674563552595526,0.5667311946876648,5.94338463253428,2.093823358752123,2.466631673386044,2.033031395294536,3.2803383561309363,1.2397436132234607,2.019896043075103,5.971574266096216,5.444886983623574,1.760733735527399,0.0,0.0,1.4333033745186619e-05,0.0,0.0
2121000305,2005-06,Eastern,5.134932681889398,6.548463674845442,6.859272589539702,6.347162074815616,1.5123370259133597,13.516962167958628,5.720269420057733,5.770511272063265,4.5818656816806085,7.053053095946719,2.529104919682894,5.20605201601548,10.711568577874454,9.903014697928763,3.640145900362566,0.0,0.0,4.7874300671206536e-05,0.0,0.0
2121000306,2005-06,Eastern,1.9827143316096847,2.640834193035099,2.687747321867132,2.4670515161729716,0.6348419271191228,6.053361108150396,2.1079022809145376,2.3209647176360524,1.7967185432357322,2.9586731774394814,1.194286230693752,1.83660220410789,5.213646144688458,4.567477785587839,1.5551325155307492,0.0,0.0,1.856528045594785e-05,0.0,0.0
2121000307,2005-06,Eastern,2.983704100617134,4.848268736765304,3.93045399291513,3.845079596988388,0.6722784167504409,6.197363319646595,3.4350438561989534,3.570525086705293,2.986368755183527,4.481547590507355,1.8481445387448563,3.2512285840821047,8.129467458467026,9.172561898048368,2.5923003175846198,0.0,0.0,2.6551730468458325e-05,0.0,0.0
2121000309,2005-06,Eastern,1.7907756525784897,2.664517386144344,2.385477950168761,2.5708691488408384,0.5002888262988925,4.3718370082987095,2.1578717298561414,2.076725289159106,1.7249902192180835,2.581992803038328,1.069888015477599,2.1398105175684488,4.7428464397444,4.164647063044218,1.3677145242369466,0.0,0.0,1.6423379470745555e-05,0.0,0.0
2121000310,2005-06,Eastern,5.190911717942158,7.605434843025324,6.788730639669669,6.503538541339779,1.4005509438338166,13.059595922055557,4.645001702031332,6.261011145215354,4.880441560123483,6.969387146001099,2.271801076931345,5.994096229742021,12.109610395974006,11.20177695357959,3.9472621132249026,0.0,0.0,2.714465757893132e-05,0.0,0.0
2121000311,2005-06,Eastern,3.175448612826958,4.99737229043728,4.160462303687453,4.5818361728035235,0.9025512408551275,7.371753083424757,3.512499714217333,3.9173929896822828,3.224399606872452,4.7312231804850455,1.8139124316791393,3.7248249737479457,9.20282016622863,8.300955418880696,2.568504841466282,0.0,0.0,2.396960035520084e-05,0.0,0.0
2123000802,2005-06,Eastern,3.548576316505542,5.409085126805546,4.646900786056953,4.346695129564356,0.8713880465651777,7.5766911451660075,3.57384932446407,4.212562784683774,3.3891192557639602,5.097084274222165,2.086194942883304,3.6151854480184946,9.280761103199584,10.225904458098741,3.099754751002356,0.0,0.0,2.681473613578489e-05,0.0,0.0
2123000803,2005-06,Eastern,3.480492873153103,6.369959364105758,4.589488101226887,5.28525930196407,0.9115645222284751,6.651898468919652,3.7857318279590384,4.551109649469095,3.6368078025625667,5.005123745290767,2.0417644680736973,4.9221227428527055,9.94478932040681,9.68508319715248,2.8098083444335598,0.0,0.0,2.9180087788604184e-05,0.0,0.0
2123000804,2005-06,Eastern,2.93938109998198,6.026489373902059,4.039392088808084,4.655744752622415,0.6628904625037372,5.1841855838488256,2.7223029792284197,3.8062050596501154,3.3471215582212652,4.518240265017539,2.155385940757923,3.7272019644865044,9.279127119168518,10.20892849984347,2.6166742352783383,0.0,0.0,2.669271231372931e-05,0.0,0.0
2123000805,2005-06,Eastern,2.8384870747826545,4.165691426264615,3.993949581179507,4.241525045393373,0.8341957603967003,7.305621729337486,3.2743115102870575,3.3940035891978466,2.798180345968792,4.6411139190555515,1.8421110656352415,2.309079804773911,8.479646944422086,7.708274853460086,2.46262019986071,0.0,0.0,2.251337195425944e-05,0.0,0.0
2123000806,2005-06,Eastern,5.522813562568816,9.466616593165892,7.443892984615,7.596034875095741,1.607274202969413,12.78949584884226,5.0390041939143995,7.5238409398874815,5.711098023358367,7.735109159928797,2.733819946467031,7.304955409272604,14.495971695396491,13.09598954868394,4.571770189133509,0.0,0.0,2.6232270500659106e-05,0.0,0.0
2123000807,2005-06,Eastern,1.281953406285293,1.6452905096373356,1.7646097647248293,1.5319967607326552,0.35101500065767144,3.4043135411419945,1.3852204432770532,1.4139328302179628,1.1590054728137598,1.9490808002676816,0.8613743208378924,0.9921112989617011,3.4945411524608168,3.151832349986154,1.0287919099915042,0.0,0.0,1.4124680782423787e-05,0.0,0.0
2123000808,2005-06,Eastern,2.333527638022951,3.7310942881388325,3.1745334737100785,3.4407101398220177,0.6050680734903375,5.442605734712864,2.9876118365944215,2.811794408896317,2.3918973430062582,3.5012986651040583,1.4252715703914989,2.744387716783418,6.384478069955538,6.0549941288940285,1.902601127729425,0.0,0.0,2.0429884034301733e-05,0.0,0.0
2123000809,2005-06,Eastern,4.716894049122665,7.958151205314475,6.158290412175684,6.697473533427038,1.5528218346525091,12.015758476757867,5.113029810715754,6.381236217755847,5.041839638116543,6.5244991696918575,2.537868300298533,6.921931792187324,12.435423541030987,11.466650461521633,3.823819398222061,0.0,0.0,3.05879569153788e-05,0.0,0.0
2123000810,2005-06,Eastern,2.9298041301641877,5.388155034923239,3.917589072394767,4.027874109604135,0.6338312458970056,5.226640716457968,2.9118232801324706,3.6084121284015116,2.9678109152544074,4.287203112501525,1.869347331772021,3.49846966861318,8.354467813963772,9.495029442239472,2.6039485130607427,0.0,0.0,2.3058249268769652e-05,0.0,0.0
2123000902,2005-06,Eastern,3.768879883904458,5.8576058064613346,5.134677222694002,5.1601264564002856,1.0037446600724238,8.915618325797123,3.6799543726791515,4.669652377198944,3.7171825028472067,5.475322927600269,2.135813129882184,4.183344900301029,10.14842161893631,9.485144057440918,3.023026766092066,0.0,0.0,2.6419307345740874e-05,0.0,0.0
2123000903,2005-06,Eastern,2.5854473311746475,3.927427419548348,3.355433220676494,3.684324382830792,0.7539400963365224,6.266710757082023,3.5194377557131733,3.103379352530976,2.4083348958086344,3.771219584570977,1.520253330500221,3.0666029107844963,7.243745342640337,6.698493970979443,1.9997325062803515,0.0,0.0,2.5194172422660337e-05,0.0,0.0
2123000904,2005-06,Eastern,2.938731264057951,4.120979629969644,3.9644043935526274,3.670908563869466,0.8258706422679185,7.313951745243245,2.7662708115445196,3.457822206273513,2.7578160467648214,4.156055425911305,1.7287464598765285,2.887456292605817,7.509963523347379,6.598441554580178,2.3133883323520945,0.0,0.0,2.2140197200448918e-05,0.0,0.0
2123000905,2005-06,Eastern,4.672244224417416,10.061401538173351,6.196404476761777,7.117801645988394,1.0635926659889239,7.433169777053044,4.489176028167726,6.268501972188931,5.02378819555028,6.829352825488593,3.1547513546862063,6.340072426755407,14.204468281214858,18.348622965440182,4.377329937254769,0.0,0.0,3.449665954889565e-05,0.0,0.0
2123000906,2005-06,Eastern,3.730675779993119,6.166232422445647,4.865160078116062,4.800289038312052,0.990791556737483,8.002224445007466,3.3403538034332696,4.662819888832054,3.7653322740029864,5.047527851806586,2.026256356075555,4.808336271148699,9.3475338048858,9.210643979869717,3.1270619873735686,0.0,0.0,2.5545733462315182e-05,0.0,0.0
2123000907,2005-06,Eastern,3.9297596386275297,6.76174679481134,5.202967641499171,5.394620396417612,1.045854951470217,8.107675935923806,3.7346805533500054,5.027143693117207,4.130558443244023,5.922324353875894,2.711129225219973,4.295398239642811,11.520036303749324,12.810942437241605,3.695804448379128,0.0,0.0,3.317360673201778e-05,0.0,0.0
2123000908,2005-06,Eastern,6.424641985149555,8.945329506407413,8.338837815222618,7.67732566977442,1.6950578875415512,15.619589328406098,5.267615839189465,7.5340421167565585,6.364407118734933,9.11770655004039,3.48184071810952,6.666702930752585,15.217152133646946,14.397783498765799,4.831390455703679,0.0,0.0,6.755129842251687e-05,0.0,0.0
2123000909,2005-06,Eastern,5.0138539766263195,9.254532835617855,6.8827325508968045,7.53354754462742,1.1065198704269532,9.10843957411653,5.010119932637813,6.369979077686937,5.333942665943355,7.44560789086927,3.030586039745015,5.706101437210582,14.155711496535487,15.4108317365357,4.4103099598026105,0.0,0.0,2.857106545457012e-05,0.0,0.0
2123000910,2005-06,Eastern,4.7463729878853895,7.716296567071129,6.35541057862035,6.335055318757144,1.144820175971975,9.562509371646216,4.59270654240493,5.811175653206621,4.745189226955364,6.74422188277752,2.773512365165163,5.054082564465086,12.443325670374309,13.23571441653285,4.118740943220556,0.0,0.0,2.8838790681918035e-05,0.0,0.0
2123001102,2005-06,Eastern,2.6039438267467356,4.006542477610528,3.482301764441857,3.8616951088989784,0.6908284405458044,6.447222161433937,3.315050905531677,3.1058001552415955,2.532990979217948,3.9919903912607895,1.3957347045455633,3.015380274513872,7.2990567457798425,6.613392147598133,2.0406935042830603,0.0,0.0,2.076688283171423e-05,0.0,0.0
2123001103,2005-06,Eastern,1.6783106695127923,2.4831804786682357,2.3630431884851038,2.333093968736664,0.4382896195173827,4.035751975986253,2.142659234502727,1.9641863941060165,1.619170338250653,2.7044328790999987,1.1907339540966275,1.4301303278351225,4.955760898005012,4.511547498936028,1.4398619514879007,0.0,0.0,1.713841635181773e-05,0.0,0.0
2123001104,2005-06,Eastern,6.762017154003544,12.876109590229548,8.67202538233884,10.734303996373367,1.8905394160850253,14.667545392897312,8.370404410742411,9.435165638276304,7.8912345144970635,10.186949034121248,3.5942099099506843,11.089329278845819,20.612176966377863,19.473317273062058,5.537062368029797,0.0,0.0,3.9972823953636103e-05,0.0,0.0
2123001105,2005-06,Eastern,1.7100565212821366,2.5815896622704186,2.264847371274367,2.1640620292690538,0.44849527929977007,3.907744822246762,1.705105436721549,1.996647759805911,1.625675650998867,2.542693053117396,1.1985683999240404,1.7156077824350926,4.943274184325118,5.1633634415113425,1.42689240653974,0.0,0.0,2.175879777606455e-05,0.0,0.0
2123001106,2005-06,Eastern,1.6646665135653043,2.7369754953751357,2.266707068742225,2.2979594841032713,0.4173026795110486,3.549793256142594,1.6996467218011098,2.0132888024419056,1.7274202245261365,2.431961847358987,1.1824265649941132,1.8665964540007671,4.742243741525614,4.9400243262707155,1.37702668784134,0.0,0.0,1.8049512687365804e-05,0.0,0.0
2123001107,2005-06,Eastern,2.820499366126759,4.113192945195381,3.9288017059056624,4.090853035665503,0.79072214317464,7.01205642632357,3.1889301764706093,3.380551757341846,2.712838721973008,4.43052863502891,1.7233726884491554,2.5302749882922315,7.966906966016884,7.142769621893734,2.2707486482470376,0.0,0.0,2.824643943417614e-05,0.0,0.0
2123001108,2005-06,Eastern,2.044023126280627,3.4316482822325765,2.697589504750723,2.9311408923301636,0.507112803983982,4.637435558756825,2.461815039402725,2.5266696057959273,2.0979906818063117,3.1813857636365315,1.3341483901303166,2.4449603635781636,6.306000939734233,6.959619653351304,1.67615177424008,0.0,0.0,2.2810305203449326e-05,0.0,0.0
2123001109,2005-06,Eastern,1.7344864728396665,2.26514832688408,2.304145501602429,2.1753815344518674,0.4560696849867714,4.647786888035798,2.067249567124973,1.8899660818638797,1.5308485244368606,2.6268998429421697,1.0463647232210818,1.5033351675843274,4.765599635674321,4.448158031834008,1.3318008344691137,0.0,0.0,1.6717156290429396e-05,0.0,0.0
2123001110,2005-06,Eastern,4.044162482141668,6.109140854540232,5.780437371616125,6.0103081120171975,1.0432225444620173,9.124081544063534,4.359775975689199,4.910585922724829,4.072262791808739,6.185546318175118,2.352293106817976,3.8295944506250157,10.314331384606453,9.820045484414779,3.214403773147003,0.0,0.0,3.0597102878941144e-05,0.0,0.0
2123001302,2005-06,Eastern,1.6058961037166217,2.102030100107781,2.074759938455374,2.042649264443879,0.4413753880420517,4.430621573390764,1.7769666069461167,1.721472793464729,1.387188891237082,2.4019295195135064,0.9189761506051167,1.4763044877825466,4.43787352227993,4.285851224181046,1.211811789505999,0.0,0.0,1.3794237212719825e-05,0.0,0.0
2123001303,2005-06,Eastern,2.9872638130774565,4.192949738523829,4.132768713160371,4.28051008919274,0.995335086277376,8.804285418553734,3.6826633811478957,3.6660188197142167,2.9447088064115916,4.669463287891551,1.7067468741093288,2.839001519606681,8.137807872406569,6.9710890934021945,2.4303214034664067,0.0,0.0,2.6097737513762302e-05,0.0,0.0
2123001304,2005-06,Eastern,4.386579088815471,9.38491410978928,5.6184372546422345,6.390374544348365,1.0507286732909238,7.175963466216607,4.720242607718465,5.9574215293532,4.631896989412992,6.377152590037414,2.831593360472358,6.625864846236123,13.03457178789541,17.58075077709191,4.088628718821728,0.0,0.0,4.061094787930616e-05,0.0,0.0
2123001305,2005-06,Eastern,4.764003640743128,8.4993867574607,6.3541347934825465,7.649446964917249,1.4808560963253161,11.433536387586757,6.650950838997562,6.63398589831924,5.2468740616708684,7.3176504745447275,2.8102235397737045,6.8940468458170345,14.071804372492602,13.02986567528137,3.94471389555381,0.0,0.0,4.053082805025458e-05,0.0,0.0
2123001306,2005-06,Eastern,2.3938593674687545,3.659725905375774,3.2377637340181784,3.1532542168952826,0.6840320692418346,5.622099293289695,2.6264872318207684,2.9594870113135183,2.364402231486814,3.688234575863479,1.629154955453834,2.3622114304270325,7.02102049441641,6.748038607213127,2.0916241550156425,0.0,0.0,2.471774125700521e-05,0.0,0.0
2123001307,2005-06,Eastern,4.3423867453761344,6.162247148069399,5.897611700588576,5.807984270781148,1.1717750875326232,10.585027978816207,4.579635497337667,5.0820769042851435,4.202548816752147,6.45264478583966,2.359393152584346,4.494203799192592,10.417163008079614,9.692912063159396,3.3412336754139895,0.0,0.0,3.831828856483223e-05,0.0,0.0
2123001308,2005-06,Eastern,2.045106062652918,2.9353879364753865,2.8792689647405254,3.0864796163237793,0.5319556108334815,5.203882209822626,2.5183098469064302,2.325721753935629,1.9463318022665381,3.22737347616976,1.2032662451672531,1.8266267059178858,5.598805458771668,5.324252315116353,1.6221825779868195,0.0,0.0,1.8045553754428763e-05,0.0,0.0
2123001309,2005-06,Eastern,2.6358265963752143,4.171892263084505,3.531347506942796,3.6560174057793033,0.6526505586231961,5.663727948177128,3.0854018900178137,3.1324425479911504,2.4362464346256196,3.839861751350156,1.5983324841990507,2.863216469184838,7.178734262782147,7.2006001962464765,2.1300999691959928,0.0,0.0,2.2313168866030515e-05,0.0,0.0
2123001310,2005-06,Eastern,4.366036938093074,6.569983160078025,5.736903746010262,6.05593779740777,1.0811245179968134,9.883607986235237,5.657404059769018,5.080208512609748,4.098732589635595,6.018277360212379,1.9796782513030529,5.607874365698047,10.130138220105643,9.552852078010377,3.2773830207879766,0.0,0.0,2.289985912071093e-05,0.0,0.0
2143000201,2005-06,Eastern,2.7545218012405552,3.8202393478567513,3.6078164072170473,3.6253950498856984,0.7791685742968384,7.773814718096201,4.154864270241677,3.231168490228524,2.5172919227347577,4.016033527142029,1.451545911903154,3.027972131544463,7.0388687340205465,6.690992398289015,2.0847945248340745,0.0,0.0,2.6635256164593598e-05,0.0,0.0
2143000203,2005-06,Eastern,4.973091160429209,8.022627393179423,6.447727389753766,6.813735640242834,1.365941183498295,11.41343590314146,5.703124959872818,6.21205697071942,4.738174122055525,6.800960722950708,2.481781496394346,6.554790569791424,12.54703522489727,12.332779257233405,3.9180586499091308,0.0,0.0,2.951192524458131e-05,0.0,0.0
2143000204,2005-06,Eastern,5.367724215370498,8.5922765968326,7.075651071769953,7.046469149793169,1.3990806066847858,11.922993985956913,5.355256936363487,6.725691598373585,5.47787861447831,7.354406106045055,2.8093572252917665,6.5910917511171885,13.02103110056518,13.055736904461158,4.400795092267976,0.0,0.0,3.346086650191157e-05,0.0,0.0
2143000205,2005-06,Eastern,1.6293164479701874,2.0939459634193858,2.2151551157541607,1.7548934589785732,0.43409054983867296,4.157110276982078,1.2652343944059004,1.7690528047139111,1.514008778637347,2.2682458691772758,1.083027597762925,1.3304466110959328,3.957291535739937,3.477008444889001,1.3538345322471825,0.0,0.0,1.7859139007793743e-05,0.0,0.0
2143000206,2005-06,Eastern,1.7550692874970202,2.454140795979627,2.383765520132528,2.5460153281291453,0.5388693536511675,4.8173014759422665,2.3499120608216666,2.013116481144067,1.5469800473017246,2.653725779724505,1.0882888283304684,1.7598829776845233,4.671401521217356,4.09378483485614,1.3250452963748192,0.0,0.0,1.7174735637783462e-05,0.0,0.0
2143000207,2005-06,Eastern,2.091207943809514,2.9387599031870337,2.842963722831214,2.6386753795437117,0.5467754546419423,5.193284039957432,2.1639412324301373,2.4238152597562794,1.9076349479506396,3.143406775942952,1.2962114323852287,1.837419140712062,5.7430749703769175,5.558064865758293,1.6947343397820964,0.0,0.0,1.8373615615413523e-05,0.0,0.0
2143000208,2005-06,Eastern,1.8576418668056762,2.5859051987993897,2.443429492817632,2.490389221850467,0.4582698333096974,4.315821934834749,2.1195145399899182,2.0224066534100626,1.6259048286168385,2.6896369063569163,1.153088266332973,1.7315848402295928,5.041052371080064,4.9525970187454735,1.4097702355116493,0.0,0.0,1.4999462096669404e-05,0.0,0.0
2143000209,2005-06,Eastern,2.071056494778332,2.933036393857069,2.6345836957955107,2.767501549333002,0.608589684393471,5.671582429330627,2.992213184251141,2.4000833292864607,1.9093093542335857,2.9239679825997946,1.1606918743448846,2.5662417876050587,5.530596967451845,4.937322422092554,1.4844968109333514,0.0,0.0,2.7475808761083627e-05,0.0,0.0
2143000210,2005-06,Eastern,2.167134707944972,3.2873384265624845,2.8563627510157756,3.0160228228419617,0.5822745976450444,5.361599736227374,2.5205881918923483,2.564767492985466,2.074406309980121,3.2776799552382307,1.2485612813491889,2.5332562019677503,6.196576899102561,6.053369284385046,1.6982974678585527,0.0,0.0,1.938975705507922e-05,0.0,0.0
2143000301,2005-06,Eastern,2.9523601218810613,4.187881296016714,4.103080338100501,4.019247537070286,0.8158335767443863,7.213645939933354,2.918886011382842,3.416655320513415,2.843306063994818,4.264944396935841,1.7326893724419659,2.8813856574129506,7.162927277673543,6.554411392567203,2.311383532131908,0.0,0.0,2.6073954839547384e-05,0.0,0.0
2143000302,2005-06,Eastern,3.2036387470521914,4.652063372739608,4.352540734294888,4.320270399302019,0.9456735507040372,7.945287386955293,3.819540682518126,3.8536291344508222,3.0373849572343934,4.797091267235841,2.030732993904941,3.1635906139219214,8.603074966896894,8.114260217294362,2.665038073453717,0.0,0.0,2.6979108768868804e-05,0.0,0.0
2143000303,2005-06,Eastern,0.8412544003147981,1.0867752358280915,1.1544764908037513,1.0583441624506449,0.2417687808745085,2.2282457438731074,1.1626331992068404,0.9146570756087653,0.7493354766406601,1.324789143199119,0.6651168846973365,0.6622006975714401,2.5417074794126338,2.2994661139726498,0.6530355394463538,0.0,0.0,1.4709421054267281e-05,0.0,0.0
2143000304,2005-06,Eastern,3.04896340069574,4.4554006928133045,4.040422281104378,3.9341484808178584,0.784935688490904,7.520627267747436,3.2215577986154296,3.613332444905709,2.90728672371014,4.3545677931992035,1.653537774003547,3.2636379165147242,7.762853176695023,7.696381357974924,2.3964962475212195,0.0,0.0,2.5222231625269475e-05,0.0,0.0
2143000306,2005-06,Eastern,2.5824303776547053,3.504652390068503,3.5226466897543043,3.0870115211657145,0.7002623338902699,6.118520678731323,2.065824975192824,2.9329624474505214,2.4984821616932757,3.916307484526335,1.8036628409576148,1.9582365835254463,6.899836717688596,6.585248903447613,2.2586469493145227,0.0,0.0,2.971257250582221e-05,0.0,0.0
2143000307,2005-06,Eastern,2.491535190206375,3.0683727128950706,3.3542879141697277,2.9449362495633906,0.6375984178820713,6.91699832726087,2.4039173578412005,2.708080761155575,2.2008329143992045,3.6686310948028646,1.3277203676069984,1.8898873562801561,6.241191606555268,6.1435014014074545,1.9190557469700964,0.0,0.0,2.0379437465429515e-05,0.0,0.0
2143000308,2005-06,Eastern,2.8391650284628076,4.29987647531246,3.7164214374590943,4.071380818459269,0.8583214501575558,7.797211767946196,3.616028461657125,3.525506887787186,2.588347245223041,4.330502903294266,1.4162010976805184,3.3296976551243507,7.983054899584575,8.375670697647397,2.219904067500582,0.0,0.0,1.975210583000197e-05,0.0,0.0
2143000309,2005-06,Eastern,2.7389696262893617,3.7155527439069593,3.5505001796454247,3.3001511129636567,0.7228664892499299,7.401247947378453,3.045536892934188,3.1207125474551414,2.50261887373648,3.8757796747992868,1.468825772506228,2.803917237346474,6.810854114306258,6.860947649202088,2.11494798459644,0.0,0.0,2.5425177790334824e-05,0.0,0.0
2143000310,2005-06,Eastern,2.310178948124274,3.389883455085205,3.1771328311625098,3.225547126875933,0.6104410009493976,5.567805830037807,2.9801376223540457,2.718984205729945,2.1003868385458904,3.6010422470360637,1.4742585996144004,2.063217952229575,6.584388525023628,6.385288890413024,1.8910380883812345,0.0,0.0,2.0331453454618515e-05,0.0,0.0
2143000311,2005-06,Eastern,1.7337444102161212,2.308913106266842,2.2726607512482664,2.0279190400474696,0.4300276161157114,4.2606393200242625,1.808647831152855,1.8548020757244374,1.5421301896074158,2.427225393688268,1.091422670274085,1.6149274869018801,4.378981628469455,4.407720400407103,1.3458110319542926,0.0,0.0,1.946261159584843e-05,0.0,0.0
2151000101,2005-06,Eastern,2.4706405224250205,3.74985164790295,3.3860544289410313,3.2510566523185958,0.63414567185971,5.742000620280868,2.442472120238171,2.9453346144390373,2.41239939653181,3.726945772074357,1.5508743628483648,2.3628533287531353,6.950886370318988,6.533691593002764,2.1093107042689248,0.0,0.0,1.9114930107125898e-05,0.0,0.0
2151000103,2005-06,Eastern,2.7935723982369427,3.8068874407411113,3.7674691673092418,3.734289418125858,0.7366858646607332,7.764965207073785,3.2491186845473266,3.253033187579824,2.666174999513896,4.334706991624156,1.6154161208707865,2.4897408223378745,7.6741624762097835,7.667134970106843,2.1279828976880495,0.0,0.0,3.074395446844904e-05,0.0,0.0
2151000104,2005-06,Eastern,2.1932929895987088,3.1852451344468333,2.818005267756429,2.8262381879714384,0.5292981837568045,5.493587449415951,2.6587966813652915,2.4726663809577425,2.006304011558895,3.105715573471711,1.1704859914192067,2.5868659618650436,5.656870548795003,5.658720067080875,1.610258483446256,0.0,0.0,2.2560112513635664e-05,0.0,0.0
2151000105,2005-06,Eastern,3.7383299682499045,4.539140218286508,5.0365704600888535,4.480479111284301,1.0806953247729942,10.097682203314621,4.150041302671609,4.05123772201653,3.2749910936461317,5.229669293242744,1.9927379508853613,3.3801038088543933,7.903114128177684,7.227720457481904,2.6518314787127126,0.0,0.0,4.127855962062209e-05,0.0,0.0
2151000106,2005-06,Eastern,2.2571298229283134,3.261085235327398,3.0597453008953024,3.143961128546548,0.6338188966797751,5.7612399739326765,2.4311719213722265,2.6608007397577995,2.1158174432856414,3.354204528983643,1.2969643112396785,2.353795965215361,6.063855822445085,5.231837277706056,1.7244956525639838,0.0,0.0,1.945090079160146e-05,0.0,0.0
2151000107,2005-06,Eastern,3.2420524408091014,4.785693621990063,4.155517534001719,4.019654293013136,0.8233248932621708,7.554153457473232,3.392210300832626,3.7393415007299793,3.004236629688519,4.365962392690339,1.7285108530534237,3.786347637807432,7.91401955995614,8.01071581418503,2.5190510514370943,0.0,0.0,2.61359922886355e-05,0.0,0.0
2151000108,2005-06,Eastern,8.387071861528412,15.827345969719032,10.33546571050483,11.810691972700967,2.0247087480364594,16.709380236813328,11.264006847417596,10.968418020698307,8.717429470293538,10.893070253991418,4.58824512063828,14.105098525605221,20.667108220758376,23.35282846004208,6.2645135623745265,0.0,0.0,7.369679424564809e-05,0.0,0.0
2151000109,2005-06,Eastern,1.6079277810896246,2.18119912345952,2.1169704526731326,1.9809588949865267,0.44169317725284946,4.012119368137105,1.9039877518375163,1.7712199679994491,1.4319387818139455,2.3420756588670866,1.0058927926117538,1.5314022453855682,4.298343822709361,4.014756222855338,1.2786493576000806,0.0,0.0,1.6879338455339142e-05,0.0,0.0
2151000110,2005-06,Eastern,3.0084134454114255,4.68222108082535,4.074608732886724,4.216878214636061,0.978900686817958,8.274381922609837,3.173693039401082,3.9113550520506886,2.9942354762319936,4.436847594866833,1.6861473610706377,3.56165493010084,8.169612060657649,7.180503294972053,2.4111107005155756,0.0,0.0,2.349193361884317e-05,0.0,0.0
2153000201,2005-06,Eastern,7.074379402315275,9.065659607648623,8.772019298374456,7.040963517255737,1.6783497422280742,14.914786012792737,9.280520985102116,7.393143736373112,5.691676506943747,7.817776178854159,3.2636204372118027,7.7311905488074535,11.813158945242574,11.943865395460158,5.189009884562037,0.0,0.0,6.32341604568148e-05,0.0,0.0
2153000202,2005-06,Eastern,1.6359080375910446,2.388603056993966,2.135652888934082,2.158169981605989,0.4472279255062511,4.068437033947115,1.7690671124515764,1.8668893039353995,1.575072176844279,2.4329197605778106,1.0685188262132421,1.7516271518151447,4.724415727029197,4.415179386415165,1.2926625037614294,0.0,0.0,1.9274352443765452e-05,0.0,0.0
2153000203,2005-06,Eastern,2.0370198735757925,2.7917053275561723,2.6293429534771176,2.6222483494668536,0.5766693076302413,5.423052369088725,2.5044252464372816,2.2771221905197647,1.7988924728025812,2.9049383638081983,1.1228207304200133,2.1741948053969993,5.254840356430043,4.883414710923383,1.5377133305128405,0.0,0.0,1.9210708439694963e-05,0.0,0.0
2153000204,2005-06,Eastern,2.271343583632105,3.5076050512239143,3.116021044759888,3.465654026444335,0.8081950881840989,6.743002408113341,3.1739044100983125,2.925611830977405,2.3492653695526715,3.6596056423035694,1.4074840087943163,2.6113429992058212,6.76802175398929,5.644240904596555,1.9320510998373488,0.0,0.0,2.264061445020458e-05,0.0,0.0
2153000206,2005-06,Eastern,2.6011524568635145,4.057227315008445,3.431665495112418,3.3627203594895287,0.6309616521073996,5.59063057466203,2.586790261122134,3.067021284132066,2.443218453804274,3.669419928478893,1.5194262026144363,2.8816401893706916,6.84809343593627,7.045650816985387,2.103036337522879,0.0,0.0,2.211401409929436e-05,0.0,0.0
2153000207,2005-06,Eastern,1.948677465982258,2.4446963915285562,2.6046189467073417,2.27643279198851,0.6415333857162099,5.791931183664228,2.130303007567211,2.179282459458839,1.7148322873963826,2.738803573262934,1.1363918765397998,1.8815468941983,4.674084186387559,3.7151008300635353,1.453073963297737,0.0,0.0,2.173493796910241e-05,0.0,0.0
2153000208,2005-06,Eastern,10.002000740761561,14.862916097776878,12.857249221596845,12.327610707582306,2.708474639789263,23.371882796701154,8.255007286185368,12.359826190283322,10.173134612760922,13.822783088710157,4.987714059952214,11.883282341927742,23.271641824486995,22.208684503981814,7.500091324696623,0.0,0.0,8.213469818258337e-05,0.0,0.0
2153000209,2005-06,Eastern,2.176820957168932,2.8499890799099643,2.8384435674516064,2.791721187394828,0.6887029168987404,6.5384661232265815,2.702737946304192,2.4922531326826505,1.8904942481275742,3.2014420387807667,1.1577751505081746,2.221810840579673,5.658368358508014,5.051645202938843,1.6038104561659345,0.0,0.0,1.9960854084271713e-05,0.0,0.0
2153000210,2005-06,Eastern,3.2829904487984303,5.3819658349924975,4.146056839726535,4.560709427086397,0.938837049435948,7.074597141892825,4.458020938694303,4.096647360039603,3.2219195948122663,4.617912055445738,1.8650506652507275,4.635433170548236,9.047467209179182,8.642728377271654,2.57963536552757,0.0,0.0,3.4102796944310104e-05,0.0,0.0
2153000211,2005-06,Eastern,1.7255204114490275,2.2973211209545417,2.3455313980107237,2.1716553435075308,0.4808613002889394,4.532678669135291,1.827255146020104,1.931695055037329,1.5946258840763892,2.544539833764823,1.0845108003091115,1.6021474456711637,4.551397275811084,3.8014400103487165,1.315066522362973,0.0,0.0,1.7070908552961893e-05,0.0,0.0
2153000401,2005-06,Eastern,2.7522309420813333,3.63251742092063,3.5466586681134165,3.4295297080804614,0.8001072537887937,7.525488659690542,3.1247072564673215,3.129246718041173,2.38530649012488,3.9509352243674063,1.4458100956908297,2.77438132869194,7.130082909873859,6.621542497958179,2.029463191700583,0.0,0.0,2.2111068969005483e-05,0.0,0.0
2153000402,2005-06,Eastern,3.262318681071535,4.946001339311822,4.068802875910398,4.493377382509687,0.9731074427885746,8.5434217733358,4.7062188967494825,3.9825494501220056,3.079068784765139,4.455571222519341,1.6470854943641986,4.6574653052492545,8.480346157945355,7.611500442007322,2.32615775327909,0.0,0.0,3.369356717875911e-05,0.0,0.0
2153000404,2005-06,Eastern,1.8494846316335807,2.6978200635741447,2.5680612382285464,2.4085740879351114,0.4576289495401115,4.151389466380304,2.2746456490547193,2.139342460672704,1.7522200717790763,2.8687367523845047,1.3151912751785653,1.5527772216772102,5.219992126681645,5.167317407025935,1.579825917372562,0.0,0.0,1.9374324474732376e-05,0.0,0.0
2153000405,2005-06,Eastern,2.081876348074172,2.587779692508804,2.8704831563517663,2.3861939634944664,0.5969643023376084,5.54636750643724,1.8581544678714772,2.300582999841411,1.8796806043697236,3.128722619913568,1.3310186146289835,1.5071751684475703,5.231044546172399,4.7922998474817255,1.7212390563144226,0.0,0.0,2.2468356501202313e-05,0.0,0.0
2153000406,2005-06,Eastern,2.9185629158345954,4.482111231698762,3.9816049966034397,4.023090267311593,0.7958545425560317,7.052498951188759,2.9697063094193874,3.5242017333357367,2.9385777326164852,4.37748059955288,1.754323909574884,3.004458882242744,8.095917910672242,7.53163733611018,2.4914406816915413,0.0,0.0,2.1088066193674255e-05,0.0,0.0
2153000407,2005-06,Eastern,5.813287920323659,7.9706359379717275,7.5690706987433085,6.889168892125225,1.5246716781416942,14.259281712626757,4.760402118802883,6.737581206403532,5.725820317529242,8.298308381524674,3.219795434814948,5.833682846051666,13.827528878703905,13.053236959358843,4.371226165634729,0.0,0.0,6.454725397523763e-05,0.0,0.0
2153000408,2005-06,Eastern,1.5978114072054603,2.24716741585744,2.1905346461001067,2.4734796789276103,0.45364100248699707,4.089137308766079,2.0893921973620397,1.743320523182551,1.3715660877216245,2.4900086989022356,0.9701004786852641,1.4911879076020196,4.3590386960053635,3.884164732188233,1.2116111808787209,0.0,0.0,1.578333466540719e-05,0.0,0.0
2153000409,2005-06,Eastern,3.5497043313544276,4.845080247770455,4.604024074839849,4.029880275686792,0.8905111679618135,8.612913224780819,3.5657536234631864,3.987251863928686,3.2704580535926846,4.7041004596918965,1.9162443402279314,3.6562918244018783,7.991530105042001,7.887621745814517,2.780638027325518,0.0,0.0,2.9777860277157097e-05,0.0,0.0
2153000410,2005-06,Eastern,2.259535917286428,2.7541270317831676,3.0514676367060463,2.8899655251416885,0.7256009020713217,6.840159246491515,2.8314601521356098,2.470690989473964,1.9390521999998502,3.339170533331208,1.209803261458996,1.9429182946405452,5.543068699296596,4.47867387843151,1.6608274698277443,0.0,0.0,2.180696285098326e-05,0.0,0.0
2153000411,2005-06,Eastern,1.5359714150301624,2.0870274667093347,1.9817746766290103,1.946436863268151,0.4633484244372189,4.354256878736973,1.780548093449831,1.7395747945904692,1.4205672368903228,2.207930913256647,0.9331553403489382,1.6731199568801112,4.133405815142232,3.7156652581909526,1.15070666964961,0.0,0.0,2.118039680717634e-05,0.0,0.0
2153000601,2005-06,Eastern,3.6031628330015217,4.964580081489693,4.782339449092929,4.943499500160134,1.046835958836971,9.746992474694359,4.57017734019566,4.273827631603498,3.5015262882492304,5.45890444841869,1.9456711712141506,3.600907557211183,9.695751069003858,8.89102590279316,2.748838387952735,0.0,0.0,3.31239110987454e-05,0.0,0.0
2153000602,2005-06,Eastern,5.35750008799131,7.911970874414071,6.556437155641352,7.424861947986198,2.1812105545262934,15.143080353339816,9.656584095615328,6.856651458790256,5.038731447678331,7.325586858577472,2.6687585056652,8.25329061516251,13.952167035443205,10.392979027186023,3.9114656029742427,0.0,0.0,6.720064735620611e-05,0.0,0.0
2153000603,2005-06,Eastern,3.4870223879243367,5.388042778023422,4.467383040414597,4.166681982197913,0.7852599537362166,6.749652440139327,4.146874037294884,3.9584895590362708,3.208522742234959,4.552089323290215,1.9528972918391927,4.12868108942434,8.002203774175907,8.924074423736736,2.7882237254562865,0.0,0.0,3.15289999889842e-05,0.0,0.0
2153000604,2005-06,Eastern,3.5553606423310025,5.012881079960845,4.679126775734686,4.720104582914565,1.0413709547407413,9.39214877576225,5.616069597599166,4.220074295731252,3.328880720265401,5.069911921477132,2.0405075235015886,4.1861405254061905,8.17397107231095,8.170224455813829,2.6382158800327313,0.0,0.0,4.0450226566171004e-05,0.0,0.0
2153000605,2005-06,Eastern,3.3569955433215255,5.857942959443855,4.338231495681175,4.884218033651721,0.9069649906020342,6.7339639014357635,3.9663878606136467,4.294623990967407,3.4147315416951556,4.783564284025156,1.9474155155164043,4.74346923277723,9.460867881938038,9.143300281685587,2.682317354891835,0.0,0.0,3.0969666864576365e-05,0.0,0.0
2153000606,2005-06,Eastern,5.211455474673314,6.367528134566619,6.5395891024990815,5.064779333280176,1.217867377385391,11.308325242095298,6.820777537601603,5.249095188257964,4.116437036442302,5.868380887061795,2.5710031085873752,5.17630116605394,8.833077313391172,8.895284868122134,3.824738275180377,0.0,0.0,5.505250301988226e-05,0.0,0.0
2153000607,2005-06,Eastern,3.2328889962935285,4.726514800343346,4.40415047440113,4.071106209239911,0.8554479850277058,7.534716755733785,2.518347458765109,3.8044403534706586,3.2591665733963926,4.834604503686206,2.027174407920168,2.839065004661171,8.803819501203101,8.117344528396364,2.825325977261772,0.0,0.0,2.676580584231919e-05,0.0,0.0
2153000608,2005-06,Eastern,3.7493876212240322,5.07860766112453,4.944184287839575,4.783338520182451,1.033764147120183,10.063307846251698,3.752310801958296,4.339223229075832,3.2469465313088754,5.611730627144226,1.786773584738777,3.2942295856757053,10.00516300105004,9.831699907583621,2.9231898556008864,0.0,0.0,2.0910198037669842e-05,0.0,0.0
2153000609,2005-06,Eastern,2.9943902465261267,5.570491023047905,3.9862023124132446,4.280801618322507,0.6592670364131273,5.630654654473594,3.000809301417147,3.7079383085556303,3.2209488277790115,4.405457896603597,1.8301861165044329,3.970683384643018,8.474237872532655,8.876926205187397,2.581461208322639,0.0,0.0,2.344511133510385e-05,0.0,0.0
2153000610,2005-06,Eastern,5.422548587294597,7.5159436269561,7.762536491125309,7.654626101394793,1.3780674463603635,12.17894812640539,5.293607532698447,6.215074004646283,5.114653065022893,8.209122577518958,2.9017140078627173,4.262155431333011,13.043870659969194,12.215552350268835,4.290567094182399,0.0,0.0,3.5535722375085115e-05,0.0,0.0
2153000701,2005-06,Eastern,3.4689719820079095,5.041349727143146,4.59536912159808,4.786119080485408,0.9819308851035851,8.710545176912795,3.770047527829061,4.138096454684364,3.475463663867224,5.337430073848476,1.9371839965606468,3.6856907806069783,9.696087294593552,8.3276010227381,2.7282831648562893,0.0,0.0,3.387173366158582e-05,0.0,0.0
2153000702,2005-06,Eastern,3.7535866332209245,6.1179712093637875,4.985414036261139,5.003749326806287,1.0703260868849773,8.348511286178267,3.289458661787247,4.778828685132331,3.81762603751637,5.500795602241061,2.1290067938710036,4.24185346053213,10.365345459317583,10.675883423393033,3.2913374811175995,0.0,0.0,2.7718598516111724e-05,0.0,0.0
2153000704,2005-06,Eastern,4.672111456974859,8.664082337834017,5.82004755454517,6.68743163091394,1.3042983658010583,8.930566356105448,5.857777387739968,6.281748452180578,4.71036059572968,6.538269635710608,2.497164105835746,7.4770688770300975,13.214008702576898,13.617244435947796,3.840716189509331,0.0,0.0,3.6952242389614315e-05,0.0,0.0
2153000705,2005-06,Eastern,4.584021999400812,7.906166420836565,5.705180623951375,6.507124580440409,1.3303657678118381,9.561290219582238,6.224682385372048,5.953448738570475,4.581521974932661,6.296035414810587,2.4291343200582998,7.16017708123318,12.412751980099431,11.90032897294761,3.58236398534698,0.0,0.0,3.9519876128636964e-05,0.0,0.0
2153000706,2005-06,Eastern,3.183215219352332,4.921359393896907,4.332242484523577,4.630213398890379,0.9154838746117447,7.818921607024101,4.393276402833625,3.9436777465771677,3.17076600295259,4.924175431041819,1.9763621834477327,3.6039931945356174,8.809361729950485,8.18752955245469,2.621468222203205,0.0,0.0,2.867859858919525e-05,0.0,0.0
2153000708,2005-06,Eastern,2.651829837075326,3.707899099308407,3.7021687918871575,3.6022371008138325,0.7936563794784852,7.14473075162385,2.765920897716204,3.149509779664103,2.456663863713862,4.07977124556016,1.5389748313812988,2.353509336326064,7.015297622124514,6.246998765654824,2.1518079027662824,0.0,0.0,2.3584662707702022e-05,0.0,0.0
2153000709,2005-06,Eastern,3.3548879689246562,5.713191117886252,4.3510616344827,4.200485892795856,0.7353672272863674,5.922902317340437,3.6187254666796127,3.9870732253439303,3.152984544499285,4.654063229208848,2.0224593162250017,3.8832717345693073,8.726442820082964,10.602433313997054,2.9419881679143725,0.0,0.0,2.7247756038612288e-05,0.0,0.0
2153000710,2005-06,Eastern,2.7874766842520597,4.408995169241551,3.5888094523957403,3.6663499604876892,0.7185819757830637,6.410344204828211,2.747803231883004,3.3696831566306975,2.664120873727969,3.8998830774378908,1.4205732492360734,3.55295933005078,7.318581546367449,6.781156811240519,2.1632376901185797,0.0,0.0,2.0414880019957206e-05,0.0,0.0
2163000302,2005-06,Eastern,2.2728872944923446,3.635112468240042,2.9604267667865924,3.2060770588115326,0.6153505631191079,5.112993427713556,2.748461638054185,2.7869359644559135,2.187604329001535,3.296943693016619,1.3236169623834535,2.885272696275473,6.407761833378589,6.118192743606438,1.743296019036911,0.0,0.0,2.4958539264354848e-05,0.0,0.0
2163000307,2005-06,Eastern,3.843211543614145,6.602680574462669,4.888917303401468,5.4525086468246755,1.1113671284642388,8.573468324418773,4.113850256942195,5.058906726697129,3.834896719674329,5.327194927269936,1.9662272803569614,5.683883104104096,10.393886915479477,9.845143537528292,2.983268048620017,0.0,0.0,2.9173948196401346e-05,0.0,0.0
2163000308,2005-06,Eastern,1.4535859023689468,2.0005986894011802,2.0011075466292017,2.1381342488746102,0.4315427909317554,3.9468029491335344,1.6804815121841932,1.637632667245618,1.3251444102062144,2.348612968583549,0.9046345533696357,1.2024542698847884,4.279985367107227,4.051056674176382,1.1545848509483059,0.0,0.0,1.4626163092415117e-05,0.0,0.0
2163000310,2005-06,Eastern,2.0902561182013915,3.1918812866770585,2.7184804045239233,2.701375906328759,0.586169576832106,4.671618476156723,2.19546336537454,2.4749552200102785,2.0204471114305274,3.037675685391684,1.3686996446426236,2.3144134995674555,5.9251371259942065,5.756816314702053,1.7476530484897175,0.0,0.0,2.2879568687831085e-05,0.0,0.0
2173000901,2005-06,Eastern,7.811887771357002,14.280319103477435,9.656932089618413,11.886502216365718,2.5241592810883926,17.536455360692393,10.124916751390058,10.966006518658892,8.524632226869615,11.254001659634916,3.992185273181706,13.833883544541132,22.52144386555484,18.7820455771974,6.203235302990598,0.0,0.0,5.891771533809496e-05,0.0,0.0
2173000902,2005-06,Eastern,1.7770808149672837,2.40882671222778,2.361066488545332,2.1024338365001567,0.4348366335444939,4.387774489339686,1.7301970442727916,1.9664674969212745,1.6191190925885988,2.7273660439830967,1.1491770621702313,1.4472624884553773,5.110986635911656,5.424917245898458,1.475508768263919,0.0,0.0,1.6873749735192175e-05,0.0,0.0
2173000903,2005-06,Eastern,3.147658522764578,5.4355065686316655,4.086842356969679,4.340863676510668,0.8064403082532872,6.211892516811024,3.9204687446946633,3.9427805844317505,3.0519140513426453,4.338115142372183,1.8182675691685481,4.515982737348183,8.003265090079497,8.796360502608238,2.5077095593872665,0.0,0.0,2.820648136081885e-05,0.0,0.0
2173000904,2005-06,Eastern,2.0211722863310313,3.1122926410536667,2.704915624503656,2.674546740759522,0.557819883899474,4.800194644102303,1.8396881294495657,2.420953518520337,2.011163524671004,2.9255519222860094,1.3459850159663451,2.159717701846705,5.618783747039663,5.377253214515365,1.6713716134596368,0.0,0.0,2.1561062953972617e-05,0.0,0.0
2173000905,2005-06,Eastern,3.3218140179386357,5.111924172298724,4.273047172469168,4.368315389734614,0.8310640406786698,7.435235532391924,4.204053552131426,3.9665961105623366,3.2162479811843023,4.876967327552027,1.7744526090874386,3.9290345680361174,8.98808395718774,9.035692585853484,2.683142409463697,0.0,0.0,2.573544564811588e-05,0.0,0.0
2173000907,2005-06,Eastern,5.059103037329513,9.119782643975494,6.35098630031669,7.288559951401607,1.3904127208160475,9.676858169906088,6.305467660858225,6.631322213884324,5.099055090164706,7.016322596450336,2.759879510937662,7.669255003731355,14.074261632482536,14.335193123867,4.14145063790639,0.0,0.0,3.785584383296605e-05,0.0,0.0
2173000908,2005-06,Eastern,1.930876511397349,2.9352149088878856,2.667574000217103,2.7930598068960486,0.48709924147415146,4.4295374663290925,2.143844055577856,2.2368984125369193,1.7855399897901043,2.941672052459252,1.260103716528612,1.827924963850846,5.507192529166225,5.150594321836191,1.544242364286809,0.0,0.0,1.62587990636839e-05,0.0,0.0
2173000909,2005-06,Eastern,3.7436177385510097,4.546570988834693,5.043462423169946,4.487485977605075,1.0823104719491912,10.110820359812305,4.155964633756078,4.057611510275661,3.279879037863824,5.2366497621617025,1.9948040125087176,3.3867014480392728,7.913803506100326,7.237877957353459,2.65558847603239,0.0,0.0,4.130632682152161e-05,0.0,0.0
2173000912,2005-06,Eastern,5.361472904744065,8.951637188414008,7.541265065809265,7.915623612143275,1.2066838143920111,10.148615677241601,5.3075889078184835,6.615199809564416,5.325887139900101,8.144407385180413,3.049299148219634,4.8730589383857765,14.674334364200364,15.968722333710366,4.668124864837492,0.0,0.0,2.8677939972286788e-05,0.0,0.0
2183003701,2005-06,Eastern,2.214436086427411,3.149597205200942,2.8323844631565582,2.9462379740892684,0.6622318429442082,5.77619411237782,3.443252445308388,2.5545046863022196,2.097273192823847,3.110473536808228,1.3361494222682564,2.7449971051140434,5.885002803163242,5.06314165981504,1.6209583430092187,0.0,0.0,3.167780018899915e-05,0.0,0.0
2183003702,2005-06,Eastern,2.199484050801214,3.3225588973250675,2.81836999496662,2.790073830835636,0.6776473562348773,5.445695887428112,2.1448803293056775,2.6620887455422766,2.1641673959204115,3.1237430646743483,1.3206486197256622,2.6386858887148685,5.992931579282136,5.575482760355299,1.8138995715464141,0.0,0.0,2.2708095247405923e-05,0.0,0.0
2183003703,2005-06,Eastern,1.8651118376560691,2.8780681959703465,2.548509754809313,2.804122565308448,0.5521825150830374,4.78280371084971,2.5216555114347896,2.3024265985086627,1.929610065018082,3.0052456190057084,1.2457085506427803,2.0306240836106255,5.72643104502085,4.878018731703789,1.5300520717293287,0.0,0.0,2.1634339380374874e-05,0.0,0.0
2183003704,2005-06,Eastern,2.2621137327185425,3.0048999416245863,3.0674319715149885,2.8747485670622273,0.7182337311838978,6.557610539897622,2.853650222477772,2.640543339398199,2.1011852552655537,3.323512577628666,1.383499293272403,2.2505650692232617,5.645690073983593,4.88909774678341,1.7537289167416565,0.0,0.0,2.5247430950872265e-05,0.0,0.0
2183003705,2005-06,Eastern,3.4279513551564684,5.062211117958462,4.49235773303822,4.5915332868926155,0.8492434239239395,8.467651180140601,4.222227370032655,4.092475431446976,3.156319651307266,4.887433113538369,1.6942805186048169,3.914910203745207,8.734621501486705,8.864657852520748,2.533629377218054,0.0,0.0,2.7977131372020274e-05,0.0,0.0
2183003706,2005-06,Eastern,2.4032870736590537,2.8677331878507712,3.2920892772372095,2.7861594285885936,0.7143350964505347,6.851696716560584,2.2784272715355596,2.5927687585841133,2.1406549086211943,3.4877871335336903,1.457504855663723,1.864569343593892,5.510115199793151,4.875244391691304,1.8430604811040743,0.0,0.0,2.8368743037899076e-05,0.0,0.0
2183003707,2005-06,Eastern,4.630411721159348,6.17432123682779,5.971190792564189,5.341487494149582,1.52378576772717,11.95828522104135,4.413235741417335,5.331736291049432,4.0642544264054035,5.842754875666723,2.328388366790792,5.503849058752642,9.347490413795375,8.255479376739805,3.3782199302183136,0.0,0.0,4.5444601496290954e-05,0.0,0.0
2183003709,2005-06,Eastern,3.253827424667662,5.068980393171191,4.338180797619772,4.691762093596006,0.8228405151027007,7.356293209205571,3.9606179531127155,3.9069358445626623,3.0082445811264455,4.952632950300662,1.799047949094177,3.4299542325290213,9.278906149567437,9.142855133224565,2.612758263032569,0.0,0.0,2.2567120183353994e-05,0.0,0.0
2183003710,2005-06,Eastern,4.287046831153042,7.38048329691073,6.1592420356794895,6.881563972237456,1.0909184624151063,8.595156056657563,4.538769080208835,5.480352477943754,4.381317755717468,6.926256341692083,2.8697907226446033,3.7416241197383644,13.126755619234677,13.403218618825655,3.8644971981691634,0.0,0.0,2.7789022662932357e-05,0.0,0.0
2193000301,2005-06,Eastern,5.312867969672232,7.183129108132954,6.9389928677756005,6.246422982382831,1.3860127574529792,13.135672698432868,4.346003473862529,6.093239667133362,5.206356864830338,7.623354924026162,3.00362557983744,5.168379779753954,12.686438979648605,11.949711359952015,3.9937153594449315,0.0,0.0,6.193052216222487e-05,0.0,0.0
2193000302,2005-06,Eastern,3.4497687943795747,4.136009218507522,4.660483199743955,4.099016176103899,0.992811587882114,9.378113731180067,3.827054602054537,3.7051771772317617,3.00902205138363,4.847715913576231,1.8794415258521895,3.0243141338626316,7.319019539218888,6.672997663468427,2.4466453350235198,0.0,0.0,3.972338129752755e-05,0.0,0.0
2193000303,2005-06,Eastern,1.72763868075657,2.5330050975407206,2.253530592375062,2.2680098369919803,0.4597432922877793,3.988529536736845,2.1724665814616055,1.9876237752688617,1.5810481618307968,2.5601336946360775,1.1169140814033047,1.8353114253887584,5.008569387841224,4.9759392627986525,1.3447964478940244,0.0,0.0,2.2054892169473552e-05,0.0,0.0
2193000304,2005-06,Eastern,1.9364201951836357,2.7265045994145627,2.528050604399419,2.2984637797153544,0.4704457951627419,4.448887351206951,1.9898969837109663,2.1422106363635605,1.7295419671003869,2.7504975329316403,1.1916754724553362,1.8817931169404005,5.077172219573724,5.353157978251946,1.5470997049642365,0.0,0.0,1.9857500115838384e-05,0.0,0.0
2193000306,2005-06,Eastern,3.406487863878395,5.783202499909852,4.344268457596619,4.7762771519515885,0.9202823066880472,6.764333551519964,4.242480276371259,4.25644399443559,3.3565748207650077,4.855668123657665,2.028582617728394,4.567689968271277,9.677971590601818,9.808279982107818,2.806038819748592,0.0,0.0,3.175898329531082e-05,0.0,0.0
2193000307,2005-06,Eastern,1.7806768029143243,2.869001047850827,2.385677656977914,2.560626963551436,0.4842533249754326,4.245107809276876,1.962704412783112,2.1706341010459536,1.7188005988309951,2.696825763357487,1.063367275170267,2.0848998603313174,5.1609274565999135,5.22301375827598,1.4614987224530873,0.0,0.0,1.556869218854794e-05,0.0,0.0
2193000308,2005-06,Eastern,2.088915101926869,3.1779482615363257,2.6376343680168426,2.8555581596344144,0.5334899844397601,4.883502278749247,2.57668123536182,2.4558599056755477,1.8201966413749209,3.0318790954730317,1.1618486177595206,2.464666732852773,5.9161862462192625,6.281566563287437,1.540251225615339,0.0,0.0,2.0866760674362386e-05,0.0,0.0
2193000309,2005-06,Eastern,4.360806618617147,6.214182316068585,5.569967321188238,5.240740424513368,0.9876024008524592,9.754527406727401,5.937297704451362,4.845905089576637,4.001916503520802,5.597075926817442,2.067432722654853,5.167619349249649,9.3093873100091,9.960722752423772,3.2548763158942995,0.0,0.0,2.697806636508189e-05,0.0,0.0
2193000310,2005-06,Eastern,3.8435890834121906,6.193383719550923,4.938835805456744,5.159527781020834,1.0596625725356525,8.944866829004342,4.411692364805975,4.804781162305533,3.6116516858777734,5.361648282595863,1.9432886221039056,5.076078062244359,9.945242258811001,9.858167324037415,3.0485120818752502,0.0,0.0,2.6660352263777273e-05,0.0,0.0
2203000102,2005-06,Eastern,2.099236907438592,3.2014770669771395,2.7169490994673713,2.8101555639695492,0.5895056649047196,4.719903106771433,2.8567654657434782,2.4859618711360874,2.0126511812311088,3.047231697655324,1.3318630337793285,2.537054502175542,5.927317749844015,5.615132615955277,1.6544347619904742,0.0,0.0,2.773609386797604e-05,0.0,0.0
2203000103,2005-06,Eastern,1.8660638602249744,2.8627510671443646,2.4488644891741482,2.5208751533772764,0.5250445119549565,4.454536463285674,2.0010230989606193,2.250618634562168,1.7928611713953246,2.7223491160965767,1.1340100629954266,2.177942538517208,5.236284266260431,4.929313019066965,1.4658527448716738,0.0,0.0,2.1141398243586823e-05,0.0,0.0
2203000104,2005-06,Eastern,3.562694533203729,5.162685176064835,4.855579570608515,5.1636772751029065,1.3247674865833081,10.832619960928486,4.2840342827403,4.503850231785951,3.5566678049453344,5.482693120741147,1.9601692672624225,3.8595539427510603,9.592974090213035,7.880800243501582,2.9323757537949064,0.0,0.0,3.2022526702177836e-05,0.0,0.0
2203000105,2005-06,Eastern,5.669481657007993,7.743330099524843,7.388014923901119,6.70421994533311,1.4847463068191442,13.937372424508265,4.641243070614145,6.551687133449707,5.5762306146351275,8.104755092462877,3.1578438288942587,5.640890076263337,13.49996267983317,12.736404817772701,4.262816808642401,0.0,0.0,6.381083915469356e-05,0.0,0.0
2203000106,2005-06,Eastern,2.959841321358301,4.773939553408311,3.838895472416527,3.6087846699099297,0.7027819480448086,5.818332888307772,2.8475514488794578,3.5114668299437257,2.7961752226608225,4.137261183057018,1.7729381222219558,3.305948823551352,7.783322179762152,8.69090445510389,2.5850625911227314,0.0,0.0,2.3888019807940003e-05,0.0,0.0
2203000107,2005-06,Eastern,3.111877913225322,4.725577835573296,3.9002614440344154,4.1597267323918174,0.9637879690272994,8.256799696340709,3.603231008253635,3.8289049282598935,2.99768117525753,4.251210821752773,1.6014060963688477,4.289273959144441,8.049190789849318,7.28357492221466,2.317898213008776,0.0,0.0,2.9226229624732363e-05,0.0,0.0
2203000108,2005-06,Eastern,5.088358577782702,7.701214937015251,6.980257240056755,6.720129432253788,1.4598978896754062,12.127504539495176,4.239071387033074,6.379815341106979,5.01927993382,7.2084641790208845,2.6723846309925263,5.199756997953849,12.8416950545365,10.885232361000327,4.165122703309076,0.0,0.0,2.9709243395838877e-05,0.0,0.0
2203000109,2005-06,Eastern,9.524277873904301,14.0552561452265,12.251746308888304,11.704182561865585,2.571827220386348,22.353342791957335,7.854244732600864,11.701412230960415,9.658305519226449,13.201863777881545,4.788446354063184,11.158928894005653,22.202492191747833,21.16987666048629,7.146084164304073,0.0,0.0,8.041558990337452e-05,0.0,0.0
2203000110,2005-06,Eastern,4.134949935957124,6.5510614310123625,5.577106894620418,5.27241989521907,1.0288212864094304,9.290267831905544,3.531764904667764,5.246049410396937,4.007459492144684,5.807078444623767,2.144143222580353,4.532465079887853,10.846706774240765,10.087018620133986,3.3398595985955257,0.0,0.0,2.309402403667599e-05,0.0,0.0
2213000601,2005-06,Eastern,1.8490150750385992,2.709456615597379,2.3780289220631285,2.4483134709831322,0.5170338777595199,4.553720374260849,2.4714960504895624,2.1638385254446075,1.7035572764673632,2.6918587149955444,1.096223304020511,2.1833145496463366,5.19633878348185,4.959958518249542,1.3916280900881903,0.0,0.0,2.4338711480628532e-05,0.0,0.0
2213000602,2005-06,Eastern,3.4860052069350687,5.782836694311472,4.430839426825339,4.856467926763153,0.9090242373499651,7.197400937659187,4.16777508253662,4.319996626587338,3.2924819775534466,4.973847724706899,1.9640320166300391,4.473993262181371,9.923962605143677,10.292658853236949,2.7761224412516805,0.0,0.0,2.9042551563092492e-05,0.0,0.0
2213000603,2005-06,Eastern,4.0424731538356955,5.374317232114492,5.503999398416216,5.242466704788458,1.3024433896153622,11.476143802446558,4.431832577042898,4.743442508787265,3.7078335015713835,5.780854407035588,2.065138205842767,4.050796956231541,9.39100771173305,7.866771877175467,3.0738573123347614,0.0,0.0,3.337220866582415e-05,0.0,0.0
2213000604,2005-06,Eastern,2.4684057759807057,3.333827990115134,3.5432786206556686,3.1561773678211016,0.6642672949850018,6.045448403160049,2.1004949960364803,2.8159869051594613,2.363608685572611,3.649118573923474,1.5868355045418614,1.9272011245786083,6.081968418190635,5.113040788569345,1.9914988727719753,0.0,0.0,2.2872712510112302e-05,0.0,0.0
2213000605,2005-06,Eastern,3.038939925412496,4.532867938822695,4.018898916877907,4.05237850301638,0.7803055388882527,6.711821829648541,3.7186328787504133,3.521275116427292,2.754782332468765,4.268336373926256,1.8470558508131576,3.3939419318354576,7.7036007815621685,7.904200425226166,2.331796495602377,0.0,0.0,2.915193967736877e-05,0.0,0.0
2213000606,2005-06,Eastern,1.9212687730455922,2.7084838890845497,2.555536616535989,2.3103339140536177,0.5622667767391968,4.812882740553096,1.8386840136935816,2.2208629093961587,1.8061767422078212,2.730704721498869,1.2444735794925843,1.99488008298507,4.85890008604632,4.621545463861338,1.573266123841062,0.0,0.0,2.1847627824676564e-05,0.0,0.0
2213000607,2005-06,Eastern,4.505876131061428,8.86120760402722,5.694146139368938,6.550352365390658,1.0885583809060086,8.203152948400826,5.462325408337887,5.907427202012108,4.789383740855813,6.102034845367937,2.650193063374158,7.295135787364256,12.14233115324395,14.535688078120295,3.657296435324442,0.0,0.0,3.740051029437166e-05,0.0,0.0
2213000608,2005-06,Eastern,1.9025153495152192,2.6703096879026096,2.431563598890991,2.464387284522344,0.5373234289201634,5.026773874729695,2.180043432106131,2.1797579069315067,1.7121725473231408,2.7426694934538025,1.0929791370824797,2.0833848388524903,5.214555043689952,5.008446430767774,1.4161735295024716,0.0,0.0,2.1507432859657957e-05,0.0,0.0
2213000609,2005-06,Eastern,3.809034160209594,5.401807018925579,4.885177399275656,4.757798164393367,0.9549166215297528,9.767781247761205,5.197357117080992,4.423316479867952,3.4718617664061813,5.2406718319129775,1.899144763367483,4.373820010192515,9.109831821882166,9.402604043150848,2.8267127858900833,0.0,0.0,3.316301398703266e-05,0.0,0.0
2213000610,2005-06,Eastern,1.9732637915411988,3.1690067346916373,2.7265671534716476,2.958003591570485,0.5625240659719829,4.893912968040554,2.21321947711719,2.400598968323854,1.9977041191189515,3.0667457495417554,1.2176511621891908,2.2048921584044052,5.752236571947157,5.230224200358103,1.6811673921041028,0.0,0.0,1.630097490692189e-05,0.0,0.0
2223002201,2005-06,Eastern,9.85754228455204,13.264977697488154,12.113204605766445,10.021668079680879,2.379326983646253,20.136929074282857,12.984154426406478,10.727169937317333,8.09696070216768,10.671756738730922,4.275894311777754,11.816392319090644,16.204387330422275,16.439326893135384,7.205535240780679,0.0,0.0,7.311534125963753e-05,0.0,0.0
2223002203,2005-06,Eastern,2.362163323637407,2.9211937112436424,3.332710651953272,3.000554363757819,0.6307759054216552,6.294270068627077,2.8934891660799567,2.5261080466467987,2.0695681195333915,3.4918690811268456,1.37111706406017,1.8181154385879117,5.467569903455926,4.6154828677554205,1.7975170016158568,0.0,0.0,2.2760287521401685e-05,0.0,0.0
2223002206,2005-06,Eastern,2.338901697596881,3.4861001493011177,3.0280084375218985,3.218162999438837,0.6492916855783681,5.470367722177527,2.5901449533425405,2.734852765930723,2.1707842293440542,3.3497879363112633,1.377332237760714,2.596857164465835,6.442491365659109,5.936964271190422,1.7984945654024973,0.0,0.0,2.117587554469734e-05,0.0,0.0
2223002207,2005-06,Eastern,0.9556010180047521,1.142622787178472,1.282443384112616,1.137115144494834,0.2393478611463961,2.551773949160323,1.0081518114684527,0.9545937584810951,0.7642246843922518,1.5050648306723011,0.7496694200004951,0.5892355682504069,2.8984912281631274,3.1849856590429453,0.7120327340508732,0.0,0.0,1.0842962468178876e-05,0.0,0.0
2223002208,2005-06,Eastern,1.9683751410638388,2.765578516678916,2.5105282997615634,2.6197817588089727,0.5775263836080184,5.416896768614594,2.844763016510325,2.2680438004668546,1.8100344066168312,2.789113105300705,1.1175958569969107,2.3971385239343794,5.27257712562841,4.703149849583518,1.4112482981966434,0.0,0.0,2.6837651592784446e-05,0.0,0.0
2223002209,2005-06,Eastern,4.311677864427145,7.202643295879798,5.779072578687515,6.421121595645796,1.1430028848156157,9.350106597281663,5.624699346529091,5.452190558642989,4.369449641759694,6.149365927815856,2.3558501483237477,5.548307820741413,11.186403258336009,11.14992316515437,3.4895894325083843,0.0,0.0,2.7404996322638443e-05,0.0,0.0
2223002210,2005-06,Eastern,3.0943127070781107,3.689414252876154,4.106133089402082,5.18108448935766,0.7303971098246519,8.324536165885409,4.307705016072757,2.8998560998787304,2.1492817657617698,5.493866977422968,1.084131268775204,2.121478175402689,8.834832132193048,10.906267610693128,2.3790947085605607,0.0,0.0,9.601807017301542e-06,0.0,0.0
2223002211,2005-06,Eastern,2.043329767516783,3.04073424663451,2.599233591559201,2.629799216198243,0.4952596799433773,4.834121585180544,2.560298166984819,2.337768032694247,1.8207851322280166,2.8307319982272046,1.0774830837864975,2.510425945171633,5.221737487521309,5.5535466967502645,1.4983866571779865,0.0,0.0,2.0626597368548703e-05,0.0,0.0
2223002601,2005-06,Eastern,5.291257794319265,8.533200516525156,6.523682566809296,7.443057768333335,1.6358424222142467,12.68236995354476,8.235767764067592,6.7398851328827805,5.244579072335829,6.996433041299985,2.6500010267098717,8.465367321617212,13.39585062914726,11.708990076659974,3.8356798746646805,0.0,0.0,4.6632291145376244e-05,0.0,0.0
2223002602,2005-06,Eastern,4.815594062994126,7.834881863461071,6.089115964176539,5.901718468771996,1.1027706427418906,9.048457436455662,5.737340216216354,5.688076198660921,4.520608754711523,6.158894640702051,2.5102973535850484,6.3221501794327235,10.870731780891722,12.161089482952853,3.840927992790942,0.0,0.0,3.649244759702056e-05,0.0,0.0
2223002603,2005-06,Eastern,6.68256681691896,9.038917539474761,8.433922324341983,8.440520449693766,2.4440114753220525,17.4538081018889,11.046803148436178,7.889780995421549,5.703145171147085,8.359097992940274,3.080608172919518,9.373391517142888,12.24465958607524,11.497036314915272,4.509100373712963,0.0,0.0,7.413551506856161e-05,0.0,0.0
2223002604,2005-06,Eastern,3.9205936583423293,6.329577916374012,5.369698393445269,5.44355365162761,0.9990721569216794,8.457572285869558,3.8628841350814715,4.863414030556191,3.9912899246470643,5.734926870704365,2.3820991156468847,4.389111436137483,10.459423407683683,9.98528485510115,3.241957303262024,0.0,0.0,2.8537506464321075e-05,0.0,0.0
2223002606,2005-06,Eastern,3.91768613114411,6.450312703661816,5.044426795764485,4.886195767572193,0.8702639324989105,7.088994275791233,4.380969707199774,4.576856768037096,3.6850957133573186,5.23832787725222,2.2630869212152676,4.659471996049396,9.541957193060718,11.095188382684904,3.2994375397915543,0.0,0.0,3.0772184694032355e-05,0.0,0.0
2223002607,2005-06,Eastern,6.079806634590155,9.142987821481544,7.407179822658178,8.486586626896147,2.4885751979215964,16.968201064483562,10.964126300570713,7.897384804133486,5.75710100515659,8.24011287450332,2.9576469666077925,9.70082276617481,15.735203088896622,11.739283560154298,4.430185348435918,0.0,0.0,7.099122832562026e-05,0.0,0.0
2223002608,2005-06,Eastern,2.4483878811097277,2.985775970362277,3.1373897463964964,2.8819810179530747,0.6317131661321465,6.514554266934222,2.671652920316984,2.519702330643539,1.8676097736684347,3.640504561077261,1.4587687110353047,1.8786728307147231,6.639624641556447,6.433935799551957,1.755812343317975,0.0,0.0,1.7668759002995942e-05,0.0,0.0
2223002609,2005-06,Eastern,4.43845877892565,7.5431776340375905,5.542080439426516,6.0554081059293985,1.3685213512908263,9.896169997571668,4.807970978528875,5.82223633392369,4.516714546063527,6.037000929045158,2.3375648858595395,6.738639776330778,11.770781712657946,11.058976008806495,3.5712926253755994,0.0,0.0,3.4197113949711894e-05,0.0,0.0
2223002610,2005-06,Eastern,3.2041326735956015,4.6514910856381695,4.239060165240964,4.652738142591834,0.9248935850032451,8.177337004990815,4.410563981531578,3.7110978611377745,2.9928599605736257,4.526548147736744,1.5547803199102546,3.8132002939865317,7.750982131855554,7.064375199871424,2.4052287428795904,0.0,0.0,2.282971366883784e-05,0.0,0.0
2223002611,2005-06,Eastern,5.3548543751812145,7.001794243769121,6.800099990460261,6.656173893404384,1.938725865044027,14.276107815569691,8.833284209212296,6.151818133868941,4.511157115375937,6.797594183675331,2.5912642829452124,7.02297348413204,9.90660127741614,9.24779415083318,3.6202973067765924,0.0,0.0,6.717755729559148e-05,0.0,0.0
2233001101,2005-06,Eastern,3.188849762003492,4.421292329653612,4.212009525843286,4.189820187621672,0.9292167296333868,8.501780867201235,5.034768078842986,3.7383234370369864,2.966561195563468,4.579853909855412,1.882400062222209,3.614543145338208,7.3671547591317,7.340755118205007,2.3670456092900602,0.0,0.0,3.844494959904514e-05,0.0,0.0
2233001102,2005-06,Eastern,1.282380527489628,1.678510150021269,1.7523874371696466,1.7504011766144236,0.4268790003408681,3.909739820319983,1.8657943601679297,1.4474564959543423,1.1695145571769687,1.97121872779787,0.8531107356474316,1.2099148482556794,3.4574177591805326,2.967340604037688,0.9972628925456051,0.0,0.0,1.5944174238363373e-05,0.0,0.0
2233001103,2005-06,Eastern,3.115073168452413,5.085416949194209,4.00143340299669,3.9926236928344467,0.7587997992084353,6.3291403395825405,3.189211870836196,3.7000644356854044,3.046509351493486,4.180572114270058,1.781995857006528,3.940195142771566,7.8504586253886215,8.424714019260836,2.5706056093709937,0.0,0.0,2.31672501940351e-05,0.0,0.0
2233001104,2005-06,Eastern,5.48892070261644,8.789610851260264,7.260318131022933,7.083457540400061,1.3882976789302646,10.741882003099734,4.721295076961686,6.793167450904893,5.561512317430411,8.210639816876247,3.2371969704649994,5.766575846452508,14.703774094413241,15.883446872048701,4.741817534315812,0.0,0.0,5.1569577859279274e-05,0.0,0.0
2233001105,2005-06,Eastern,2.797125833314206,4.668368342338379,3.7739344477549417,3.744248139561409,0.6752852956075042,5.576643246288322,2.5801501138129628,3.4061343552425627,2.8170854303691675,3.9098040326387773,1.690041386051553,3.2825229283772654,7.218858154406103,7.222760189339343,2.3455329449508935,0.0,0.0,2.2904356572877558e-05,0.0,0.0
2233001106,2005-06,Eastern,2.8978275143511274,3.8714293562688775,4.040323572962068,3.9241981881971406,0.8445368336169932,7.508858924661216,3.201703482655814,3.292257169940296,2.6189163305999488,4.3218682874961,1.6905822425175967,2.453234038041134,7.278652662012233,6.00544614387846,2.2509339625827915,0.0,0.0,2.423192752058247e-05,0.0,0.0
2233001107,2005-06,Eastern,2.6221469031261897,4.124168849080927,3.34478367924354,3.575785850867947,0.7061354357299566,5.824849926489306,3.287391622663951,3.1703441885030803,2.4520950887939637,3.774336028622757,1.5073493323411171,3.267136639830716,7.420003699846502,7.416212650147061,2.037808137441481,0.0,0.0,2.685989047819883e-05,0.0,0.0
2233001108,2005-06,Eastern,3.1189563233049293,4.353511989294467,4.332541158813532,4.2031289769403735,0.8170311476635405,7.369074960310346,3.06609573483609,3.5453751785317102,2.9144448639108536,4.643753408275393,1.8340683280885621,2.731313045322432,8.029102290766941,6.84678675156235,2.462152484357215,0.0,0.0,2.4580661215770445e-05,0.0,0.0
2233001109,2005-06,Eastern,3.846027464368557,6.216639949495672,4.875979497283716,5.148144956308275,1.1358781287002377,9.789013329244689,3.986500722045291,4.8882221868754945,3.849343484110987,5.2078328446683955,2.0586288423854224,5.481545893767043,9.865050902821443,9.458678149579459,2.9679253221538096,0.0,0.0,3.592430700126384e-05,0.0,0.0
2233001110,2005-06,Eastern,2.6416294677610117,4.391119959966303,3.6007263448905147,3.846578490685591,0.764789837256236,6.14367865014768,2.9310213763799844,3.349012116156132,2.682450194096434,3.914091899338266,1.6179208988739888,3.3850131704874875,7.214560422271853,6.465669327699905,2.1905913364618583,0.0,0.0,2.3826470833927925e-05,0.0,0.0
2233001401,2005-06,Eastern,3.6765738176599156,4.526050769398018,4.740224859916917,4.423833173988511,1.3097475944472456,10.145303718762712,6.052557219082535,4.0349089667054425,3.0339564389592697,4.782722618113382,1.955686223379177,4.247243114759776,6.921009521427258,6.3861122966437005,2.48656518049913,0.0,0.0,5.649338191033245e-05,0.0,0.0
2233001402,2005-06,Eastern,1.5428032694839289,2.3818491866449225,2.0749226339132987,2.0715096654653458,0.4694179163062009,3.7652264574823855,1.6212136708601128,1.8939355016401627,1.5097494046224973,2.331199738942249,1.0270203656406682,1.683433947215875,4.49548810833246,4.113845380349596,1.2976469058009605,0.0,0.0,1.7512496564827984e-05,0.0,0.0
2233001403,2005-06,Eastern,2.4807351793947805,3.3430485987145464,3.2362783257940215,3.34151679468765,0.7698855173852118,7.00772526353252,3.4337387595698097,2.8307639227582357,2.194430983989332,3.6964346875910934,1.3083803828867628,2.502874362208341,6.581998982873615,5.913904989237506,1.910048279239499,0.0,0.0,1.9443002669485638e-05,0.0,0.0
2233001404,2005-06,Eastern,2.3767466676044577,3.019593764080265,3.2137557889744635,2.7322656778663768,0.694734597661593,6.600818523369619,1.8492847176672014,2.6602173759755883,2.2879213255276447,3.5421791523779924,1.5796628792879104,1.8622272122708545,5.999770724171085,5.36260156973389,1.9662038859968658,0.0,0.0,3.218021761551223e-05,0.0,0.0
2233001405,2005-06,Eastern,2.3488332947206287,3.8246020483821628,3.175424424505139,3.3204354563401832,0.6063840813398909,4.88403389463876,2.7623578072520396,2.9008985877348876,2.354908917061572,3.678763434956193,1.6374389183627414,2.4032668580057663,7.2580780963277585,7.4017867022101935,2.0174820691814888,0.0,0.0,2.4643682116552374e-05,0.0,0.0
2233001406,2005-06,Eastern,1.4529188403101039,1.966656744545614,1.988405340303213,1.8327716798202802,0.3598469213862521,3.738747940879149,1.6053871364247645,1.5886627286949455,1.3500078837233889,2.273762951091318,1.0066005554239719,1.1779209963876802,4.190257011605118,3.9418367740771663,1.1719033075100564,0.0,0.0,1.5378678243259164e-05,0.0,0.0
2233001407,2005-06,Eastern,3.027285975862572,4.9002524641958125,4.102083693650273,4.249173750507576,0.8109741514828771,7.0123592889685735,3.31757757210741,3.7926432362011644,3.0825878509948605,4.595557791037146,1.7519581840692036,3.4455097707379196,8.497254384419023,8.10688436613796,2.593017855243531,0.0,0.0,2.2838673261799247e-05,0.0,0.0
2233001408,2005-06,Eastern,2.1610516377705538,3.3482849070660645,2.904989684147491,2.675000818277785,0.4722557658875533,4.173324186433374,2.305106973652523,2.4278193412214244,2.04536257061893,3.003512108726941,1.4139159667009333,2.2365834970083722,5.408614741866057,5.831262003907262,1.7641793471312843,0.0,0.0,2.3003162695418837e-05,0.0,0.0
2233001410,2005-06,Eastern,1.875018289790074,2.6342913280567566,2.403060706240784,2.4882304889435924,0.514139804382222,4.853745885411825,2.463793325359562,2.135350038636983,1.6702834519370275,2.713899164044,1.0839707404469088,2.081575706166651,5.182048586964058,4.9669146607414545,1.3627746588956335,0.0,0.0,2.3096005428299642e-05,0.0,0.0
2233001801,2005-06,Eastern,5.739082913074896,9.560887192733304,7.169456446032506,7.419891468578934,1.417800274616431,11.937795799410273,7.045297182609256,7.187463385918757,5.399764669058894,7.42129415597977,2.6234866984264897,8.501193671382802,13.500628279510469,14.30847964726285,4.309186521261274,0.0,0.0,3.718084000195523e-05,0.0,0.0
2233001802,2005-06,Eastern,7.568815153553341,10.427881938732439,9.528819771068713,9.63671285862137,2.784172505785579,19.541994360850502,12.530991320041467,9.074739481438673,6.508284394694325,9.389208288172005,3.4033549372273675,10.998944071784369,13.796177586908597,12.993854189419539,5.098422410122625,0.0,0.0,7.827463507060353e-05,0.0,0.0
2233001803,2005-06,Eastern,3.0534089128629462,4.609237806982196,4.005290904470391,4.002318198260581,0.7109398588503125,6.960720721276004,3.607114582020833,3.5480651526617466,2.914199223909242,4.522007975928866,1.7606926272048766,3.22082162496742,8.29114108406485,8.88565780361234,2.4533610691208043,0.0,0.0,2.561374452280582e-05,0.0,0.0
2233001804,2005-06,Eastern,2.2988600442001665,3.0477455062120793,3.0653514176961543,2.9798542621844444,0.7250291238907166,6.6002266550334365,2.8651240292749853,2.62921011029638,2.014019465848822,3.388575716207905,1.3239106520766293,2.2119721952799365,5.947424203887794,5.044711038139435,1.7382836380196967,0.0,0.0,1.947023193059457e-05,0.0,0.0
2233001805,2005-06,Eastern,2.728091095600491,4.162851073850139,3.8962631463414694,4.0787656232265945,0.7627991439107473,6.453042621033556,2.849680433405725,3.349135286486374,2.8348474722968033,4.376709421230698,1.7858910622345112,2.497357483614683,7.805593020816654,6.646332237941913,2.2576359872977227,0.0,0.0,2.8516048939876355e-05,0.0,0.0
2233001806,2005-06,Eastern,2.066980272794888,2.585897053431085,2.802854090236917,2.498420838453269,0.5422128245220694,5.183460499235053,2.0359206578137834,2.224123300709214,1.7994968792254817,3.107255706013934,1.332597602755013,1.4417320886031466,5.64002516699554,5.208004129704862,1.6035751768053679,0.0,0.0,2.153475348646761e-05,0.0,0.0
2233001807,2005-06,Eastern,2.4182831106882037,3.906778236776126,3.294705242047475,3.5319484853369785,0.604090655765286,5.622376774147499,2.880155080915968,2.955151942571787,2.406284456855439,3.8069786329815543,1.4173854645914672,2.6806352133998064,7.1086910331896975,6.8666510586180864,2.0027711729624222,0.0,0.0,2.0715706349640742e-05,0.0,0.0
2233001808,2005-06,Eastern,3.77936652996037,4.818941832824684,4.959488383075667,4.786281522278085,1.1807141689318015,10.590310652182971,4.3372924711789524,4.260539521679357,3.2899226084177413,5.275580058993752,1.761084776760921,3.8383116945017046,8.796413493311418,7.323950538035939,2.712152888764296,0.0,0.0,2.8925059149558002e-05,0.0,0.0
2233001809,2005-06,Eastern,2.3952950722994566,3.6592413023334647,3.3327035221214603,3.25661288503101,0.6417374433804338,5.558420075212068,2.3945585167429533,2.89860828877412,2.35114468060916,3.632032792886528,1.5572517731671123,2.2299858890900306,6.712578853224455,6.374258147256097,2.066529405489761,0.0,0.0,1.931224615797817e-05,0.0,0.0
2233001810,2005-06,Eastern,2.718673648427168,4.357458611818426,3.842234968628375,4.135873613440742,0.7655293410161023,6.6469506363616,2.6441669532112546,3.3780339240710324,2.9317177053440044,4.432983908971037,1.7263219858860255,2.6815748105883235,8.143550607612562,6.921395127799413,2.3846118122517472,0.0,0.0,2.423956834013676e-05,0.0,0.0
2233002201,2005-06,Eastern,3.2359485571379487,5.455932263260522,4.352251732793286,4.544260340788701,0.8076581457608135,6.581941248651296,3.167326431730028,4.047471458293629,3.2977899763298675,4.89419918453438,2.0803604357310497,3.4675735096383056,9.812096457033231,9.708037494930675,2.798852658967627,0.0,0.0,2.402943358391256e-05,0.0,0.0
2233002202,2005-06,Eastern,1.7794176292327941,2.2333876323523003,2.4223805420171933,2.126756135416924,0.5276183319141421,4.952779152035982,1.9987262226824078,1.9643149559412738,1.5744865859713324,2.6218993851785033,1.1683170813339403,1.4640759956175655,4.601775808190336,3.934951347070167,1.3701808972780505,0.0,0.0,1.8339714126788833e-05,0.0,0.0
2233002203,2005-06,Eastern,3.1521998910710116,5.035300173972557,4.2838026230063955,4.0255884665090464,0.837910675169529,7.121821250614731,2.6764765931717425,3.9977314856462502,3.1692119400233634,4.563935839114945,1.7966888532380365,3.371635723090824,8.686815366021012,8.424067099273733,2.724922905500454,0.0,0.0,2.0582495403479257e-05,0.0,0.0
2233002204,2005-06,Eastern,3.6135314256071536,5.269737355189387,4.9881991527869385,4.961612834726041,1.0891891083955996,9.18260730986967,3.448829674733613,4.427231874027814,3.6086814725372784,5.391669249475778,2.0561818068519817,3.5831124915327375,9.444320535111842,7.937952879346339,2.9270867660912017,0.0,0.0,3.1409752504879525e-05,0.0,0.0
2233002205,2005-06,Eastern,2.7018087297459177,4.331940169911967,3.631804929500976,3.750599853735273,0.6380022598985742,5.771885438379878,2.7812525622215283,3.2127675632215413,2.6170387584626873,4.027534195447694,1.6578308694343504,2.810255974877748,7.7791651958508234,8.321833037143,2.2439215694109627,0.0,0.0,1.9815098329836622e-05,0.0,0.0
2233002206,2005-06,Eastern,1.9108125893170254,2.9384586474371925,2.733485323625285,2.8958778948881934,0.4580481611582374,4.2747176142234,1.9213730324573428,2.171695269256557,1.9771710725709006,3.118572636632817,1.2881085843512456,1.6026712254326025,5.709255403216576,5.8653665938893225,1.6035832539425803,0.0,0.0,1.8246657379008296e-05,0.0,0.0
2233002207,2005-06,Eastern,1.567503487530712,1.9696972364893288,2.2112061437625097,1.9351642896414822,0.42673024021482087,4.318761044699973,1.7099620008144667,1.7209645548850148,1.3963643959613032,2.4786750580928727,1.045282782536107,1.0949337787920412,4.229572691036699,3.6510147105856645,1.2389017448278774,0.0,0.0,1.8596226616569974e-05,0.0,0.0
2233002208,2005-06,Eastern,2.694762743177451,4.2131283959917125,3.578862100527739,3.6013940032925187,0.6942171583557186,6.099411418874769,2.8961355765626253,3.249540069419775,2.505728476381992,3.8211294092996932,1.5184785893953205,3.1184900271950293,7.036300783753565,6.709032551549062,2.128081893826499,0.0,0.0,2.1913697528247637e-05,0.0,0.0
2233002209,2005-06,Eastern,1.8854808231563474,2.946096071337022,2.57479059944031,2.5232163206551945,0.4338286752060595,3.9316178819300167,2.0056011419411535,2.1871763684348413,1.7930488158069795,2.718239093767967,1.1973328572965454,1.9943198023977664,4.994353960012088,5.058887473554776,1.4895462422120693,0.0,0.0,2.012611847145853e-05,0.0,0.0
2233002210,2005-06,Eastern,3.6204379928343893,5.428493680044003,4.875089741788134,4.942261680023393,1.0093999481035538,9.116258095317745,4.374988124427001,4.447607660889547,3.336850204839001,5.289652809021941,1.8406239184511908,4.165483898510489,9.235399311682452,8.829840206773428,2.8343193125159964,0.0,0.0,2.535890943335861e-05,0.0,0.0
2233002601,2005-06,Eastern,2.678541387858544,4.143568444987574,3.504929327567601,3.650121379880433,0.7164217359202565,6.4714140795071025,3.6002463156168565,3.1730567940529344,2.6566090962230167,3.8253428257415396,1.5343991039454994,3.4073409986315055,6.861608579512099,6.272956593913125,2.1281641721084825,0.0,0.0,2.5311609973300607e-05,0.0,0.0
2233002602,2005-06,Eastern,1.7831322927710722,2.920760759730595,2.5053238762131307,2.7816156730213564,0.4313220880164122,4.169002387716995,1.9475643695476998,2.092954242157902,1.8040461733404995,2.8603025576144088,1.11899418741342,1.944126552405863,5.3536586437637,4.652516809019218,1.4515022548356984,0.0,0.0,1.774851273312066e-05,0.0,0.0
2233002603,2005-06,Eastern,2.669348391997767,3.9723785558333207,3.751563343217239,3.7499304750088664,0.7499000166730715,6.630142412178807,2.531974123018068,3.227119148942837,2.7365424044510562,4.17913866921541,1.6678477955709894,2.4591939481904057,7.464976993173288,6.218850350240348,2.236095887852845,0.0,0.0,2.5252748072096698e-05,0.0,0.0
2233002604,2005-06,Eastern,2.2191403448818345,3.1840920107188486,3.0330870232826572,3.0578768800295606,0.6155946611421718,5.639237389113611,2.431064521303605,2.5484287034695052,2.0804495298822476,3.3429037633574255,1.3748561214762174,2.1729086436485647,6.09932183757005,5.029975145822194,1.739461421444416,0.0,0.0,1.814199466552262e-05,0.0,0.0
2233002605,2005-06,Eastern,5.889034207336783,8.090675183539414,7.664436812252723,6.986658957398979,1.5457258206137838,14.428532975805112,4.823189439234515,6.835725155881387,5.804710718960143,8.400129700942319,3.252375910947385,5.935731632416974,13.999956715839874,13.220030752560307,4.42830281537501,0.0,0.0,6.493036180483821e-05,0.0,0.0
2233002607,2005-06,Eastern,3.3225812439815146,3.9598708611121634,4.494709512989007,3.9314932044415025,0.9542430791760341,9.059256998118075,3.6848554705023213,3.5537856684618054,2.8922897736553286,4.678703240885411,1.8291319358873928,2.8702654099472533,7.061074100353333,6.428221387926102,2.3561089868678406,0.0,0.0,3.901145784957516e-05,0.0,0.0
2233002608,2005-06,Eastern,3.7510019733658546,6.608579751701115,4.945626417374489,5.837670663633293,1.1281934123101776,8.606260018723338,4.983996630634152,4.99353335497803,3.996550184473708,5.47170732719247,2.2321513316195998,5.600367449016775,10.535155934392645,9.527898068209973,2.9964899609579247,0.0,0.0,3.616442861872044e-05,0.0,0.0
2233002609,2005-06,Eastern,2.8106694493957485,4.3170987752570875,3.8842899855083783,3.9925277410628737,0.7267352578110221,6.333294673383688,2.6983401027830314,3.3812448629402527,2.7887450936844607,4.249816188768931,1.6768475795927413,2.6615344281931708,7.986971866519545,7.46396996986758,2.315722761241207,0.0,0.0,1.982956929328746e-05,0.0,0.0
2233002610,2005-06,Eastern,3.4267934063547534,5.221401542720569,4.547045005360704,4.851791038170844,1.0485453882708646,8.295706545983043,5.057078229947151,4.188679031173738,3.255147964837115,4.835604228244681,1.9760742186026523,4.414605404080117,8.473149525116792,7.761804996038442,2.652549159528277,0.0,0.0,3.2407907537359305e-05,0.0,0.0
2233002901,2005-06,Eastern,2.2800385154211122,3.5249689438388714,2.936518098204777,3.0753716883427757,0.6423015203958735,5.087188712406546,3.1010856499255506,2.725842036369536,2.1951997353417196,3.2907705478273344,1.4152484300694574,2.841021140189073,6.408554314488024,6.082740911021971,1.7965587467387178,0.0,0.0,2.8839284451213804e-05,0.0,0.0
2233002902,2005-06,Eastern,1.9442563600797795,2.760719072665532,2.6702051197850594,2.6297997597165166,0.5406401151686292,5.030521795178649,2.358014052361318,2.2762390003603206,1.7755057259426759,3.028618332689054,1.2250973308001774,1.724491036384987,5.481627771547221,5.1954466769739085,1.5872461439346863,0.0,0.0,1.8366247355801657e-05,0.0,0.0
2233002903,2005-06,Eastern,3.2757886565491643,5.339626107195683,4.166345173493583,4.741636250872063,1.0205627655822682,7.991128727637782,4.240977411126541,4.185465666077578,3.4123387561876273,5.023837715256656,1.9817856802860772,4.58415901586583,9.87788632257286,8.104822856409589,2.655015494379349,0.0,0.0,4.034284220420514e-05,0.0,0.0
2233002904,2005-06,Eastern,1.3268847377183675,1.6961450182431723,1.8091101845680733,1.630109661468714,0.44099287379336355,4.100144129667801,1.4685898338005592,1.5161089451285514,1.2340463532096935,2.022247828777245,0.876882826887536,1.1161920234449185,3.642104448015424,3.035182550529007,1.0557586481089496,0.0,0.0,1.5536572922631295e-05,0.0,0.0
2233002905,2005-06,Eastern,2.465058334841728,3.7898235486648266,3.1214312416719507,3.3431799481532836,0.696201457426423,5.905302412771125,3.2878082545552205,2.9852735375320187,2.3052335046452823,3.514811939279872,1.3568513006404712,3.229916157557439,6.814436752891812,6.525221761521354,1.8515668412894783,0.0,0.0,2.7817683816309432e-05,0.0,0.0
2233002906,2005-06,Eastern,1.8216848666644991,2.8785875916770065,2.3897967062424272,2.409247745054285,0.48696476341801853,3.808358350081036,2.2948634822254292,2.180611385055922,1.7448047783289402,2.7269073285689407,1.2214053385778163,2.0783418244526266,5.404831958677185,5.504473506696419,1.5134732409345188,0.0,0.0,2.3953438789555115e-05,0.0,0.0
2233002907,2005-06,Eastern,1.859716102111852,2.7278053763536865,2.390998747468534,2.463764052989769,0.5201235997921655,4.577580355067277,2.4856724391527076,2.177837247664852,1.7139165184524576,2.706325707904365,1.100837170656726,2.2007596241799416,5.224665823652413,4.987422802055411,1.3996518710658288,0.0,0.0,2.4405157910265292e-05,0.0,0.0
2233002908,2005-06,Eastern,3.0101919133272284,4.807198652146742,4.074376897218565,4.417564441538622,0.8220118790640318,7.024024751055319,3.0794487673561153,3.778229535108935,2.9458600677449045,4.627286148097614,1.6087185244951454,3.240062112600444,8.749971461360285,8.622423444935189,2.4536038387386987,0.0,0.0,2.1123895537463184e-05,0.0,0.0
2233002909,2005-06,Eastern,2.8757116932208753,4.118121270511503,3.778042272245533,3.7720662615762603,0.777878188471776,7.175695148703315,3.3805893052628986,3.3290078216169943,2.705826154391922,4.213572336460105,1.5832312320743707,3.028524362940224,7.666797822603659,6.974431984498918,2.283344831107288,0.0,0.0,2.1375633176649446e-05,0.0,0.0
2233002910,2005-06,Eastern,2.220928773517253,3.6511816686556906,3.1221538539337046,3.1379263141282268,0.5158855793052973,4.612275562957275,2.034821317465752,2.6275475261883017,2.2839319316776834,3.335783187509085,1.5584321508018517,2.1496840237987915,6.608555996112833,6.367812501961105,1.9214102940272102,0.0,0.0,1.656172312994862e-05,0.0,0.0
2243001302,2005-06,Eastern,1.764667910569948,2.4871348024874385,2.308607120260739,2.236785509531523,0.4123251396184108,4.251981870661309,2.0619696336816378,1.9230398672657654,1.585109005137619,2.567923263203666,1.0689194240869964,1.78894803364828,4.754545294896317,4.895447957466763,1.3304324867196828,0.0,0.0,1.9470821278070177e-05,0.0,0.0
2243001303,2005-06,Eastern,2.900046458412762,3.3821550841050856,3.9437640237951825,3.378096103565335,0.8269197839144858,7.9917822602714725,3.2131720350023047,3.0562208652483958,2.5068245753731655,4.1140655815913805,1.6600402221546664,2.3718313711795145,6.201721129795308,5.613680386969817,2.0549407663172743,0.0,0.0,3.6513902117895705e-05,0.0,0.0
2243001305,2005-06,Eastern,1.7314084214198056,2.0043547559371087,2.4275598749797083,2.1259305757692046,0.5476576816227661,5.372588108100515,2.324093388269527,1.860417457234167,1.5289974284112204,2.6586508723073363,1.1286650067439103,1.2558808048906749,4.21024020368203,3.396553980919832,1.2952598612762494,0.0,0.0,2.5196659285963087e-05,0.0,0.0
2243001306,2005-06,Eastern,3.1061296394913316,5.04785204698314,3.9335155476649653,4.297468824580891,0.8861545106021234,6.7294351913745825,4.218478117826037,3.85052823066901,3.0393279247228078,4.38640642769719,1.786962137245249,4.307559952522636,8.585404423195865,8.194937129262104,2.4422028490583982,0.0,0.0,3.3260560398495136e-05,0.0,0.0
2243001307,2005-06,Eastern,2.82404550874076,4.604607257674514,3.854559914974077,3.9001849702536107,0.6579542137216738,5.589542039505739,2.718812217362809,3.352853341462157,2.6574366409548067,4.185213482037945,1.7381177116450588,2.733837943231979,7.959634988345939,8.771728293144896,2.4255057366605834,0.0,0.0,1.9663273327795453e-05,0.0,0.0
2243001309,2005-06,Eastern,2.491134892995878,3.8645667106984227,3.5986657069400714,4.096436277936851,0.7068887481745013,5.975625773927092,2.9541197827258885,2.9637888747666667,2.4340205367706904,3.8351123489696777,1.5055650197598272,2.413632286570199,6.607585093228514,5.898080857649099,2.0522756890962297,0.0,0.0,1.772569803645474e-05,0.0,0.0
2243001310,2005-06,Eastern,3.1494518950731645,4.14187464690043,4.010138804360944,4.425330975052915,0.9991956376435812,8.71711455350502,4.60415921017536,3.5126496103360094,2.6822346801290076,4.458069124434529,1.3988034135973795,3.571201910568576,7.571686311533728,6.475233537698605,2.2004535458855687,0.0,0.0,2.329765867570612e-05,0.0,0.0
3013000301,2005-06,Northern,5.488009858588975,8.608084694317819,7.760984832740053,7.6347150853964685,1.4262596914519858,11.733402460050884,4.50246600795679,7.078283086428999,5.482799474623447,8.622769329590161,2.6187990171886715,5.33314889821382,15.360280332932597,20.66781904588469,4.779632501972333,0.0,0.0,3.733656390237587e-05,0.0,0.0
3013000302,2005-06,Northern,4.8201546963027235,6.0584259644219065,6.859201636387099,5.940199092569827,1.344093795433658,13.070219476068447,3.985291663342749,5.601094501170621,4.318101097852923,6.819761030430286,1.947849878695394,4.374312000662347,10.690994160873176,12.210013062286308,3.4586072885063244,0.0,0.0,3.244027592302101e-05,0.0,0.0
3013000305,2005-06,Northern,1.4120299106792336,1.6626004767769136,1.9309798248403396,1.7071825198794894,0.32755255522725785,3.5918793050960076,1.380696383857096,1.4882762395974067,1.1624839611307791,2.207520445285852,0.7219204441380976,0.8794750553765246,3.818490354537516,4.846073900951721,1.0322923360173548,0.0,0.0,1.3572574269295676e-05,0.0,0.0
3013000306,2005-06,Northern,5.152293533494364,9.36794745077271,7.6500045358455315,8.069243597375902,1.3938130975130525,11.837517481059736,5.543421694262695,7.349547367143082,5.613035065581669,7.375579281231671,2.4614368192499345,8.000377948437867,13.872368717032554,17.606801763515417,3.8863778509067703,0.0,0.0,3.128787755218437e-05,0.0,0.0
3013000307,2005-06,Northern,1.9011308014559105,2.550815028593768,2.6429195797895835,2.4377076784225054,0.44579159650432887,4.714799330021205,1.8814979663786253,2.1395993237682918,1.7031373437295416,2.776489282161222,0.8888580241853983,1.8102812310774075,4.679900136525002,5.909042687178821,1.369468430059203,0.0,0.0,1.90442267413232e-05,0.0,0.0
3013000308,2005-06,Northern,2.6789628232846274,3.4133337484103885,3.700613958510668,3.71904242744749,0.8032970735786491,7.874035527882474,4.389435467250162,3.1428113126557524,2.390934501011659,4.11860299667502,1.1952749321098388,2.7784683026906905,6.75242121132743,7.970957521209249,1.871269011592929,0.0,0.0,2.8628046540960035e-05,0.0,0.0
3013000309,2005-06,Northern,3.2996302710853365,4.753365620758037,4.764088340943046,4.935025203005457,0.7905574867702866,7.777676182803638,3.3786826797754386,3.9482184402691,3.0981771515511904,5.415162987284236,1.4803765370823896,2.6139147698536798,9.162818664700502,11.466612628735295,2.6716368989635697,0.0,0.0,2.048093949669622e-05,0.0,0.0
3013000310,2005-06,Northern,1.62521921102432,2.276982551497711,2.213085520866971,2.3050209798173036,0.39632601797262407,4.50733795588381,2.244006079968132,1.90542764331871,1.5112664962849311,2.613370436103086,0.8199182331690033,1.604514241450529,4.704366049377586,6.304797103217389,1.1794891859718362,0.0,0.0,2.242141010588027e-05,0.0,0.0
3021000202,2005-06,Northern,7.0942381131198,11.687426346596263,9.968595363952016,10.761533609094256,2.156769383439365,17.76574695831164,11.340383403474357,9.783283401951323,7.269175989278854,9.996155616043636,3.150615629019715,11.508014102663955,18.667876093776194,21.02304909404224,5.000522122646583,0.0,0.0,5.008958882894164e-05,0.0,0.0
3021000203,2005-06,Northern,9.443360296715218,17.779619150838226,13.069555585664654,14.165461717846219,2.1968503636120946,19.757646398368124,12.930659179513517,13.040388658231144,9.903376636735292,13.164158490316465,4.4804733796712455,15.450103409411367,24.03860558151941,34.398277100011356,6.897523647991027,0.0,0.0,7.35479980635069e-05,0.0,0.0
3021000204,2005-06,Northern,3.6015065175999457,5.619900250603082,5.088234427735638,5.43646024728902,1.0178048385597085,8.734223839088692,5.069048328345925,4.647587770338883,3.4567065767013667,5.529004231736027,1.6991708226764881,4.434702137025828,9.68887177201797,12.34554415858051,2.7859936673964603,0.0,0.0,2.5587548632094688e-05,0.0,0.0
3021000205,2005-06,Northern,5.139842417666185,9.065223352031369,7.495952731488143,7.862093525527873,1.133156577186897,9.934827613473017,4.721548216338674,6.833604820662425,5.309843957161137,8.004572528699304,2.4722476587261637,5.473532241797095,14.716632168661732,20.308766958717126,4.358686180775102,0.0,0.0,2.56046196171586e-05,0.0,0.0
3021000207,2005-06,Northern,2.587235948834201,3.6260875504231027,3.592247610109248,3.7269628301388718,0.7055225786602288,6.717852236397405,3.1674229299969294,3.0936209492974474,2.427761334353559,3.929498049966007,1.1323142656051592,2.8392448633093395,6.8577079566309065,8.226703907541493,1.9060846715671833,0.0,0.0,1.841156415746979e-05,0.0,0.0
3021000210,2005-06,Northern,6.931118047971641,8.562672914052808,9.273350674384147,7.280973106714061,1.5822074571167184,15.408691907339707,9.132445885421967,7.404390462544067,5.495972037218873,8.233963805789697,2.6827406504874918,7.028751228980849,11.92517199861555,15.598810853065165,4.922594326826549,0.0,0.0,5.9318262320653165e-05,0.0,0.0
3021000211,2005-06,Northern,5.390087771541623,8.854079857735915,7.842783225932197,8.561439489054495,1.602926031355349,13.438632820319542,6.242337547812877,7.44172155907719,5.831873956720461,8.326889780292175,2.4725123945584286,7.281521200494168,15.875135409587951,18.03222414328033,4.103864131761436,0.0,0.0,2.9490627519087864e-05,0.0,0.0
3021000212,2005-06,Northern,4.619813677302381,7.709969767993884,6.663022928483268,7.309754807631842,1.1523778759047703,10.69903134853759,5.769966555916377,6.036958322615419,4.851854433248893,7.4657842150537865,2.151841401746497,5.52451898799692,13.424518582102671,17.115978541067868,3.811015958199384,0.0,0.0,2.7117306497873984e-05,0.0,0.0
3023000301,2005-06,Northern,8.245412130408065,12.285661417343821,11.942342595866998,11.116388018568447,2.479977037750588,21.862644960149876,6.5400654082642875,10.904058790394156,8.569701397241413,12.145441703386208,3.714961200399831,9.323017527672135,20.54830059596469,23.948806176838847,6.542039316177886,0.0,0.0,5.3902410298093935e-05,0.0,0.0
3023000302,2005-06,Northern,3.411478366714082,5.346940242459943,5.039381443071455,5.4265450149445,0.7934713655176933,7.451122409287284,3.33116536680861,4.155467351735998,3.4375603783845974,5.723471056798452,1.6834266328336231,3.05813144504171,9.52562985643301,11.92049269242488,2.7948110154563772,0.0,0.0,2.6310166842393786e-05,0.0,0.0
3023000303,2005-06,Northern,1.915932587634531,2.790970095701524,2.840171480737946,3.2053597202311406,0.5021753089494074,5.004315323119295,2.2852939567572776,2.2509826571320226,1.8231481666788336,3.248755612958767,0.9204604911454684,1.7288443629040449,5.314130616060019,6.081546149938014,1.4807174561945067,0.0,0.0,1.885631389096647e-05,0.0,0.0
3023000304,2005-06,Northern,4.16539480071376,5.618407782132168,5.871323868800946,5.254623885588731,1.1696063600058892,11.205102927063963,3.8676415215903193,5.069921961874074,3.884764450982052,5.91726957981306,1.8279642732169774,4.37968072619215,9.842224093514568,11.759142106490875,3.040116168469778,0.0,0.0,3.0000060600851056e-05,0.0,0.0
3023000305,2005-06,Northern,3.872421891474946,5.714452524430428,5.296269541303448,4.967183903871507,0.83735427623161,7.801174483125711,4.612994861401662,4.433635651079784,3.510297678978115,5.364824506206375,1.796028647711266,4.159671251029991,8.953586787329362,12.923799665901615,2.9829436465932733,0.0,0.0,3.1030491065435744e-05,0.0,0.0
3023000306,2005-06,Northern,4.618693055123674,7.761382919565638,6.336152474199925,6.969040712002146,1.2988598091629973,10.234512317287123,6.328876952168556,6.212116776452928,4.6328880531517616,6.874142081036372,2.156500380067455,6.785300950677545,13.05397790788546,16.28251735286308,3.4922169062876858,0.0,0.0,3.757877354925622e-05,0.0,0.0
3023000307,2005-06,Northern,5.456352195937358,7.198084482176843,7.636258143637225,6.693110232004435,1.4784204098214198,14.103065899717128,3.985232650531046,6.472727939965193,5.143826006652086,7.840840950298419,2.355063430345262,5.078429088871268,12.804916491650292,14.8577590123832,4.091487722100719,0.0,0.0,4.378744691740318e-05,0.0,0.0
3023000308,2005-06,Northern,2.626251315753377,3.9630352768782853,3.685715341904084,3.863397064720807,0.8556792652328915,7.552545198482964,3.074006997819096,3.409642074330985,2.678000408814517,4.0567075440419265,1.3595004345051411,3.2591393426335977,7.254254781004593,8.372887216331064,2.0485104592120464,0.0,0.0,2.853104184302813e-05,0.0,0.0
3023000309,2005-06,Northern,3.4999138941232175,5.003429537662492,4.849855324026168,4.394455101570576,0.9476557276708438,9.032804589525323,3.2178901589671027,4.213738509570005,3.3735459145871816,4.891969580387034,1.5997225608998562,4.02317295839461,8.370476204203786,10.329647884280325,2.7251611855829823,0.0,0.0,2.5613719229573542e-05,0.0,0.0
3023000310,2005-06,Northern,3.22217469164087,4.9538206457816525,4.537987441037225,4.397905506113806,0.7446783752810011,7.105322372630618,2.8734824219916737,3.972409327801671,3.1553232050134987,5.01252605422808,1.541330882730213,3.086802600128515,9.063349973758804,11.885936133644206,2.6770668349712845,0.0,0.0,2.0733716383080206e-05,0.0,0.0
3023000501,2005-06,Northern,3.343739178265136,5.663009680787623,4.537881994525743,4.951875528347675,0.8856923922858059,6.962367926167841,4.190612727103204,4.416628413445864,3.280817740147499,5.172066807750533,1.625322276035192,4.477536120931057,9.950487242078093,13.436824090371855,2.64846704776086,0.0,0.0,3.011091700730066e-05,0.0,0.0
3023000502,2005-06,Northern,2.4699228206855195,3.7598473911209864,3.597062327229427,3.357754926521905,0.6272683891818793,5.705447547132922,1.9455513318183322,3.165717201619453,2.5502718134458235,3.8526383276177034,1.3495139307959232,2.2758307411667205,6.998800679469726,8.929000382555683,2.014924524288339,0.0,0.0,2.0110040449648438e-05,0.0,0.0
3023000503,2005-06,Northern,3.083425270913558,5.323577062587306,4.283913229708844,4.387294369991291,0.6313358530249361,5.431079582246476,3.021460316422091,3.7913060753046337,2.88053031845152,4.76530936747548,1.643956365668515,2.97555082161011,8.828343852897508,14.348037836956857,2.690998186589265,0.0,0.0,2.1968938997841976e-05,0.0,0.0
3023000504,2005-06,Northern,2.555570012011116,3.6727256790184075,3.73778379159083,3.8272020157943825,0.6842071915177026,6.181661916364131,2.7576895310769607,3.137868394964547,2.476083206857825,4.062977780092263,1.3345413389044176,2.3664115486208757,7.024307597576506,8.651769902693943,1.9701718155008219,0.0,0.0,2.1590599815360844e-05,0.0,0.0
3023000505,2005-06,Northern,3.389776544723408,5.431806067749503,4.73647006373275,4.839603257589757,0.7604829105914912,7.0160077850155655,3.712852945665911,4.2053087759276115,3.1726557757254445,5.0656312473630685,1.5554313786168694,3.8454705203943447,9.00531461369548,12.775289302521408,2.6112577547071325,0.0,0.0,2.5062151011870738e-05,0.0,0.0
3023000506,2005-06,Northern,2.3602921549363733,3.4648703452904086,3.456437980688439,3.440672829256571,0.6270750093670753,6.046491177163531,2.2184853343772173,2.9113232613010016,2.3763349809665284,3.750924368673421,1.1881192801454663,2.2149149290234655,6.551999098513219,7.748925164444032,1.891735039889236,0.0,0.0,1.732301726137487e-05,0.0,0.0
3023000507,2005-06,Northern,2.582061119344214,3.39579393852326,3.573707639900091,3.60562491433612,0.6893735730353747,6.804580391887372,3.5792164247815696,2.997312988075664,2.345508142988251,3.9605688215233825,1.1359211429192537,2.5738911621994487,6.795643402492138,8.126003387782877,1.8428145209860347,0.0,0.0,2.1148088889216197e-05,0.0,0.0
3023000508,2005-06,Northern,2.357110612275559,3.4988127472598536,3.2510714368571265,3.3430609717183235,0.7129615564855822,6.100467923608969,2.522882336679637,2.9647670619453006,2.264732459087135,3.6824422147418527,1.176292702833969,2.6192086199368063,6.825581982072204,8.27013676860502,1.8570518391335529,0.0,0.0,2.0555454127167263e-05,0.0,0.0
3023000509,2005-06,Northern,2.1486731957795557,2.7544761833875047,2.9412079201530736,2.641439685731848,0.5839093410378574,5.961481021235209,2.0665164130971614,2.48936853300036,1.9306461506126986,3.3360704999655972,0.9986675807825254,1.8136825586715029,5.810864075078881,7.215096967662482,1.6776147750828814,0.0,0.0,1.7401550624281462e-05,0.0,0.0
3023000510,2005-06,Northern,1.8174722961413454,2.508701168629353,2.516051877343439,2.785699533041242,0.5175782947186944,4.9763004317282356,2.372537478383547,2.107418832316779,1.6534209096587282,2.9230128057446807,0.7979526465729373,1.8855773007583845,5.062652644070086,5.85999043748481,1.346158599758498,0.0,0.0,1.435580357431732e-05,0.0,0.0
3023000801,2005-06,Northern,4.5824010730652605,6.905263548100797,6.57970305038226,6.496924689826237,1.1014331533426542,10.055912352511633,4.248154146702099,5.764368385346545,4.428706251789804,6.837457898694885,2.0982227658935546,4.511716421827296,12.041852581014066,15.0851972598703,3.539209180512386,0.0,0.0,2.3255164316929018e-05,0.0,0.0
3023000802,2005-06,Northern,4.631689399043668,5.743674231088642,6.298830542842312,6.039552917259529,1.5983793739574041,13.058430199815723,7.642829054557606,5.353533048905597,3.8278759403287275,6.343777906900164,1.8685534930716188,5.472952488756572,8.821417927404747,10.739499683679998,3.02256352158551,0.0,0.0,5.967683841341273e-05,0.0,0.0
3023000803,2005-06,Northern,2.045805232521786,2.974692400788878,2.862040295120771,2.97036931000366,0.576328471045404,5.441477860130667,2.2424306392968574,2.5188929567560976,1.9711275124690832,3.1530196101181294,0.9936651876465541,2.2969665012738116,5.700225771159371,6.781814666564439,1.5028406871176325,0.0,0.0,2.1564220587746395e-05,0.0,0.0
3023000805,2005-06,Northern,4.95065708581515,6.185372451405887,7.051804560845035,6.255383840665556,1.3955954682550138,13.450834551128347,4.501530460900274,5.714375637630306,4.409285484839366,7.069906944448781,2.0017510099128883,4.579937957522592,10.82243836869456,12.610009197592513,3.496999471645173,0.0,0.0,3.721446580566102e-05,0.0,0.0
3023000806,2005-06,Northern,7.123499911735318,13.620650689810288,9.792912979675025,11.614849545735268,1.8065508362478164,17.56186879923116,10.882925718648655,10.413468061430283,8.009241905942021,11.569304242400186,3.7352482910201465,10.740543097650917,20.984437200561725,30.56174687654191,5.795286186631673,0.0,0.0,6.796097181051278e-05,0.0,0.0
3023000807,2005-06,Northern,3.4224978766172045,4.991434605390584,4.892984130014726,5.166589388913649,0.8601985360411569,8.670394580608722,4.2246701231972885,4.278613485280648,3.18752056193805,5.307202172569029,1.432906702270476,3.677559427981881,9.193168765310034,11.574544686740195,2.438936972854843,0.0,0.0,2.37566120283538e-05,0.0,0.0
3023000808,2005-06,Northern,3.4202883273935667,5.557213828732291,4.765293464306928,5.418388796319717,1.0758855535559868,8.649623071706978,4.666990641520591,4.654300028494849,3.5277335382593966,5.645070285434107,1.67680363364749,4.563552741032469,10.686819594155743,12.198093724077584,2.7062501534148478,0.0,0.0,3.127993676880014e-05,0.0,0.0
3023000809,2005-06,Northern,3.496646712652069,6.123825628340526,4.9132291448217495,5.152264997629175,0.7386423887575201,6.701594551014695,3.5836754133475774,4.489938138033824,3.49203621426713,5.686752408750845,1.7466077033334473,3.5911249532209815,10.488860833420683,16.17210338462012,3.055193170315194,0.0,0.0,2.3560587232314514e-05,0.0,0.0
3023000811,2005-06,Northern,3.219231733460437,4.89386851221463,4.53323218728947,4.52771770337502,0.7561453198169983,7.109215215777344,3.2247128711072044,3.8997005715380877,3.012441803873582,4.798717401473225,1.5107176920116567,3.3373886235210004,8.501229570238229,11.355115035423752,2.51329977924402,0.0,0.0,2.2845142185463072e-05,0.0,0.0
3023001002,2005-06,Northern,2.6299118642533523,4.0708505066245895,3.6761195767675594,3.5556757735990447,0.6032549810531866,5.448846519956427,2.4668609270657598,3.1608111104598318,2.5087808154170985,3.9421835676356674,1.3368461281358686,2.66591985250594,6.973686840444516,9.712466669181916,2.1542115631723093,0.0,0.0,2.123320437269285e-05,0.0,0.0
3023001004,2005-06,Northern,4.317861590319435,7.333197233960307,5.9028207935137695,6.47671215475807,1.1413311968684148,8.256267445112423,4.907875921832269,5.678471106602411,4.1859139775254794,6.859694550274767,2.2115790487283102,4.971534936426668,13.365047252348798,18.686595433604342,3.7435590298256054,0.0,0.0,3.573237774567491e-05,0.0,0.0
3023001006,2005-06,Northern,5.738131359032162,9.309420581948213,7.891136853027217,7.534861234732198,1.2848779470641707,11.203768509161563,6.908760106179494,7.131218864475515,5.419804997783257,7.81368867781283,2.52792549520058,7.431337905105121,13.314070675797486,19.36126937610013,4.419820086528581,0.0,0.0,3.735325265998504e-05,0.0,0.0
3023001007,2005-06,Northern,14.152020923113053,29.801311638836584,20.35908872479012,23.880945664054465,3.7117429247162517,33.282314319456475,22.13040392855755,22.630380626242346,16.950965800674787,21.97216142872826,7.285799529217813,25.30441510945461,41.183665264942526,59.59074486744473,11.441157714214459,0.0,0.0,9.063086201657131e-05,0.0,0.0
3023001008,2005-06,Northern,4.210169145216809,6.291623828850499,5.741704128499205,5.469035835860997,0.9403611637765559,9.053670710639727,5.273835961953876,5.076141623215526,3.904012768823357,6.247477826435106,1.9234199503098346,4.389065079663255,10.53265045555165,15.647037371336982,3.363690589757425,0.0,0.0,3.261535233675782e-05,0.0,0.0
3023001009,2005-06,Northern,2.357782454657481,3.7278493861166124,3.219952654390544,3.194549679465718,0.6159623294421349,5.323898054020291,2.1604373577047866,2.942365942804082,2.3379914439982903,3.6400154400470557,1.2872113473768116,2.5956234193689407,6.628401492374911,9.057584178301946,1.983712913507228,0.0,0.0,2.7390428503875043e-05,0.0,0.0
3023001010,2005-06,Northern,2.8032340473265482,4.046112724293003,3.78973441029768,3.6390237686628515,0.666170882806168,6.506332398373077,2.8978841375050135,3.30631904684165,2.4956876460583435,4.170770745939865,1.2442665343897368,2.91213170175381,7.4084381764285485,10.089333146505444,2.155479525614034,0.0,0.0,2.2365526056574278e-05,0.0,0.0
3023001302,2005-06,Northern,2.5628265733113436,4.134777570891555,3.773278543087197,4.379140761250263,0.7379517641051303,6.486715066571051,3.3562057060528394,3.4036081743342987,2.7246072832863506,4.447602551921219,1.4292006582677916,2.6782472318511883,8.131521468203632,9.924732041118363,2.102866425880753,0.0,0.0,2.3243966122839293e-05,0.0,0.0
3023001304,2005-06,Northern,2.4609471971014885,3.7482535133339923,3.5206704551742285,3.653673157037197,0.6717304324739314,6.452044785816747,2.5902250604836237,3.0612875929280357,2.4110370852072394,3.810173255644796,1.1404532257328424,2.8306146277271584,6.695575209374096,7.973256986633615,1.900814778395573,0.0,0.0,1.914907250616458e-05,0.0,0.0
3023001305,2005-06,Northern,1.7475887571052857,3.18829296906894,2.4581133681626994,2.663085213621057,0.3885973679910297,3.2910090536011563,1.8417291753067324,2.226371685916257,1.7927787040552496,2.794053526864282,1.0299181038654934,2.025805536279381,5.340237146121562,8.53667428902465,1.4524341443805613,0.0,0.0,2.012985566919967e-05,0.0,0.0
3023001306,2005-06,Northern,6.569992222814545,11.926845502086616,9.542694345076464,10.864449246828304,1.9800679159560943,14.997471736124893,9.559142586401187,9.54910578284207,7.126724506558719,9.954131592262527,3.317537690861382,10.314417961222643,18.823381859523654,23.730224847508,5.198213752868107,0.0,0.0,4.508509059532365e-05,0.0,0.0
3023001307,2005-06,Northern,3.0293496478061566,4.047368690651677,4.362168350318862,4.689864473394255,1.0651450497601576,9.901049540607637,4.29446329475453,3.802235695431878,2.9670438187567,5.058364871081646,1.4384450236519435,2.9297185296661534,8.470983536627415,9.055610277390386,2.2767660840450583,0.0,0.0,3.176219391918594e-05,0.0,0.0
3023001308,2005-06,Northern,2.2224032912790905,3.3153359432049223,3.10952846300455,3.234735134313727,0.6631448846326262,5.747173851691584,2.4799827872079168,2.7828598928800843,2.208247217413175,3.504469473498533,1.2070370812051012,2.40702425068659,6.335957672697128,7.700092863351186,1.7915714382381707,0.0,0.0,2.4402499980408232e-05,0.0,0.0
3023001310,2005-06,Northern,4.3521308438249156,7.323887180277079,6.60171517700263,7.356747879362941,1.2269899385969516,10.191770285995327,5.069766732248061,5.942385810479259,4.687032970707565,7.001621481952702,2.2368524669285796,5.580964556973402,12.040233048237484,14.808971777422313,3.344508264275104,0.0,0.0,3.224961342244456e-05,0.0,0.0
3023001311,2005-06,Northern,2.3900402266849965,2.648701946529008,3.2203948969630796,2.923439706173859,0.7978924218051711,7.0603215390327225,3.906825471482896,2.5288026427354566,1.8718583261898971,3.385867913251207,1.0667279033229442,2.227905317785504,4.6312612481020885,5.609134317818002,1.5437125905385487,0.0,0.0,4.370587524024139e-05,0.0,0.0
3023001312,2005-06,Northern,2.9438873742589027,4.272185805214852,4.016600286745258,4.280559804721815,0.8482600724371413,8.26368329403566,4.298670098541658,3.6656192774905043,2.752840309389062,4.391041164331869,1.286802291715244,3.8079561361958176,8.01375237848025,9.295316205775844,2.0394826948526945,0.0,0.0,3.0491489290789536e-05,0.0,0.0
3023001313,2005-06,Northern,2.5160367631856326,3.8367286286037126,3.5641837292722562,3.6068279246072135,0.6441204822596386,5.758896734027236,2.6647311026717584,3.0981144539434338,2.4139303811697914,3.8757285277178792,1.2743163447351118,2.633841444472631,6.831278881208302,8.900860710530612,2.0109353608272316,0.0,0.0,2.029698308078982e-05,0.0,0.0
3023001601,2005-06,Northern,3.0800791444106173,4.160881572721131,4.553781098169414,5.321723035642849,0.9662389616720172,9.178330687449018,4.368976619415461,3.6714907571341455,2.8950836726437283,5.281721925084941,1.3140943693498708,2.5348602168587804,8.522211028927945,9.705324430017113,2.3555687273689303,0.0,0.0,2.1612386217920146e-05,0.0,0.0
3023001602,2005-06,Northern,1.6521275561550326,2.331517642684097,2.241363253899759,2.388977311441365,0.44548967450957233,4.508091961623103,2.3722577466259493,1.944227884939924,1.521582481218476,2.5089190384130435,0.7713208894245417,1.9441229279711771,4.538704146671944,5.463392301555193,1.158976408484577,0.0,0.0,2.040978638883463e-05,0.0,0.0
3023001603,2005-06,Northern,3.139794308916933,4.229943386342861,4.251245282126421,4.127163355500917,0.8296225341387978,8.614327766768522,3.2439355647831114,3.8032776631112326,2.7750010625670867,4.7811313566331135,1.2922894426153602,3.0783144507429596,8.641795979953212,10.553048198987769,2.236744752142965,0.0,0.0,2.3258709984361307e-05,0.0,0.0
3023001604,2005-06,Northern,2.287689240487708,3.5130088345803063,3.276489985616614,3.1518172332648775,0.5878947769589108,5.324625995217559,1.953098528633575,2.8430697815757457,2.2859077394702463,3.4581628973211247,1.1699318785831176,2.3940319217451274,6.182238416439702,7.799862051434608,1.861351785086961,0.0,0.0,1.798684949480947e-05,0.0,0.0
3023001605,2005-06,Northern,4.374843083400257,6.420783463149996,6.076973765363533,5.885375516877801,1.1212841352532101,10.328046234635003,4.386295626841452,5.4476046044829305,4.068212833266014,6.672244865374893,1.9710250843949715,4.304038141424427,12.000227890883307,15.666550410755972,3.517114084776929,0.0,0.0,2.4221728358769498e-05,0.0,0.0
3023001606,2005-06,Northern,3.8874684628135903,7.220442722181174,5.609067766833847,6.117630882016526,0.9764570671963512,8.340999625879123,3.6000709402556965,5.4476828026224835,4.395436000716205,6.432108790000627,2.0995091139690545,4.722219014285794,12.42309663591243,17.072224212960496,3.4285709691732666,0.0,0.0,2.865809561675342e-05,0.0,0.0
3023001607,2005-06,Northern,2.997654926179496,4.597097050639282,4.067978282562539,4.368706088620359,0.824681204989963,7.461760085026288,4.022003142367672,3.8200732543643516,2.815230764495486,4.5593649617919505,1.3343631418560495,3.893144126081356,8.522864763738005,10.588925414103675,2.167302385249544,0.0,0.0,2.8697513549142552e-05,0.0,0.0
3023001608,2005-06,Northern,0.9746188963165364,1.1853717316473606,1.312598197122614,1.2396368722794833,0.2619716672275276,2.716632911264921,1.0910559287207162,1.0473379650785348,0.8345735859367707,1.5574760412583912,0.5262957093646746,0.7526223308125496,2.8108454698316647,3.4198561756880483,0.7136978507063353,0.0,0.0,1.5103273345422481e-05,0.0,0.0
3023001609,2005-06,Northern,3.9893337571944634,5.566878275158407,5.970561597098301,5.94076305291131,1.2412573099584798,11.221421551101463,3.996994860993967,4.985724305949002,3.9083779772476785,6.247596932530442,1.8466543236289235,3.8070262439426306,10.22737548324222,11.67361327161854,3.0836910759101133,0.0,0.0,2.776115392648835e-05,0.0,0.0
3023001610,2005-06,Northern,9.704578875582683,15.113749567810295,14.642853557039434,15.086464076430019,2.94363340471079,25.261345536912433,13.87799805122133,13.082800805873617,9.745465413033758,13.996435807892395,3.87549302661804,13.30562452655521,23.357101426317076,27.032685637524278,6.9374438368099325,0.0,0.0,3.7872973281380524e-05,0.0,0.0
3023001801,2005-06,Northern,6.371450159108426,10.181263329784782,9.148197006252971,8.947901188504765,1.7146653081883518,14.031341072740595,5.96646126935863,8.329487082101377,6.374463034506773,9.250863730804767,2.909918621356335,8.030662482585115,15.878489115868174,19.896924805245238,4.9968611648185295,0.0,0.0,3.977364471684632e-05,0.0,0.0
3023001802,2005-06,Northern,4.083260391161794,5.681011333794325,5.709800652380146,5.795436863875764,1.1510800233681309,11.146728097221008,6.454950564626702,5.023819259862837,3.8060597366695457,6.1385584459446365,1.8392301538031894,4.71591837543311,9.5877568663755,12.472132419141182,2.9077363882893414,0.0,0.0,4.079280258574912e-05,0.0,0.0
3023001803,2005-06,Northern,3.9446325093776626,6.338156243920575,5.3973615917613005,5.85640222883386,1.0998280632917465,9.614447693976121,5.316065319897198,5.225254492619523,3.795956029083378,5.89557627707554,1.7222480263583266,5.588882342047778,11.125659453237732,13.767146736450355,2.850591535731079,0.0,0.0,3.2399783544024164e-05,0.0,0.0
3023001804,2005-06,Northern,3.7779439705903983,5.658206041224965,5.452917799058318,5.653206055397137,0.9798274168207542,9.092688837656317,4.815510322205436,4.7602231472409935,3.7224279675782337,5.852986523464918,1.842192364775067,4.220921573987681,9.537341884410354,12.667196852150079,2.793640546087158,0.0,0.0,3.4075293922452994e-05,0.0,0.0
3023001805,2005-06,Northern,4.745576204067712,8.00921693247664,6.51595286837347,7.17225615772849,1.336371906201555,10.494310762425656,6.506260493991077,6.406578642413191,4.771259294759598,7.050892433726388,2.2122971968435015,7.026810660918284,13.403170987612535,16.71331510105043,3.587613462987934,0.0,0.0,3.802326406240702e-05,0.0,0.0
3023001808,2005-06,Northern,2.4426723842637754,3.6617009229812028,3.3037873791812045,3.512140902794597,0.6337949755541894,5.726006481914112,3.076292812105945,2.999409680132391,2.2350366994712716,3.8085111937928424,1.1468246582934745,2.752971798355593,7.145609292004603,9.319599801546726,1.8272740587483056,0.0,0.0,2.4557918356899355e-05,0.0,0.0
3023001810,2005-06,Northern,6.330555462885103,9.348464862628274,9.48469941294892,9.472718068402246,1.4665664799791973,14.330876087069202,7.319153807754792,7.519320999846783,5.942821636831299,9.262674979803025,2.35036840868713,6.981915329461786,14.185095059464011,17.273584412480187,4.713577058164525,0.0,0.0,2.726252886136498e-05,0.0,0.0
3023001812,2005-06,Northern,4.875616948050586,8.707771739887308,7.070281429098376,7.459287326468237,1.3081591976700435,10.210662423343466,4.4165053234261675,6.869747386888068,5.1855339747151366,7.2395845860978465,2.4144747239128947,6.56333396063477,13.765153523829223,17.32132948589759,3.861629835635884,0.0,0.0,2.709170652506666e-05,0.0,0.0
3023001813,2005-06,Northern,5.884788331154152,9.43181335735066,8.292763055412982,8.279066269426634,1.3551927633784415,12.247957463076578,6.9977157096166,7.419834360430785,5.537206601714263,8.340590543111118,2.5272441779926442,7.23759567477605,14.786912540926236,20.80936636939235,4.4803352882893925,0.0,0.0,3.331419807572148e-05,0.0,0.0
3023003501,2005-06,Northern,2.428034528693863,3.4050944064568234,3.2923004895741683,2.9857813290525876,0.6193377554854067,5.918920976797311,2.2048279043800516,2.8364970017446507,2.244410613498773,3.5509995613932914,1.1431902864005945,2.487767079120113,6.182101896059663,8.024434439524397,1.9378733532364267,0.0,0.0,2.0791902973234055e-05,0.0,0.0
3023003503,2005-06,Northern,1.969548833392743,2.847939045004287,2.8117695035133554,2.9055463277897484,0.4875292258370082,4.972345959070252,2.4611685493369952,2.3557147080006287,1.9362224269844752,3.25178852823874,1.020203357512665,1.8286201072171897,5.552566091036535,6.925171864789215,1.556839186399021,0.0,0.0,1.9416060517865433e-05,0.0,0.0
3023003504,2005-06,Northern,2.782115944595413,3.6715140279758343,4.151299611658168,4.368715582357597,0.8764511822798382,8.197194831444826,3.695154929044575,3.3510457195526735,2.6480630091119144,4.582312145893877,1.345547180196524,2.417166216548672,7.1843942654661515,8.097492652325426,2.0622943150647868,0.0,0.0,2.5908025401888512e-05,0.0,0.0
3023003505,2005-06,Northern,5.346840671226099,8.14791131831472,8.023778644434582,8.203347272689838,1.5087695543810593,13.769868581002545,5.2108823958352195,6.851913669993536,5.468573393019021,8.355371597440627,2.3247097224498794,5.632847947312163,14.125477267509615,16.317508623179492,4.286155492704343,0.0,0.0,2.7341934502402373e-05,0.0,0.0
3023003506,2005-06,Northern,3.3715293230721057,4.507380051503779,4.708188647841474,3.983552705454701,0.78573015912566,7.556013977446121,2.7612867624027806,3.800522266274006,3.046112226258607,4.642804266867921,1.572785757504203,3.14594362322594,7.519033616560728,9.561727764948435,2.535776763293605,0.0,0.0,2.863231637434114e-05,0.0,0.0
3023003507,2005-06,Northern,3.0748471360286427,4.611315799620176,4.434624572812814,4.69395331337423,0.9065182779669837,7.880488468610049,3.135350519997877,3.924762903645527,3.0156502150375495,4.8560904831169625,1.4323628632589989,3.217760664261835,8.452076523366118,9.915132520664736,2.3768593946096432,0.0,0.0,2.1761769882426847e-05,0.0,0.0
3023003508,2005-06,Northern,2.329821878411424,3.6142918240493977,3.3825440843459087,3.6518732305434187,0.6386773764358745,5.814327991760433,2.4313111903758413,3.0047607401909455,2.2449984039776965,3.714924316184931,1.1042902461367525,2.477645900564421,6.465996579092282,7.87723441128408,1.7928988663897525,0.0,0.0,1.6516754488487684e-05,0.0,0.0
3023003510,2005-06,Northern,2.2754125010865414,3.1407501281858003,3.036100091666821,3.10290633166362,0.6839333870025402,6.033858261894949,2.793796340692723,2.739587166409747,2.065330934557773,3.4168487117222295,1.0017909375040681,2.6839009873170667,6.2418518035328505,7.163992948726129,1.602656408007503,0.0,0.0,2.0151805948148118e-05,0.0,0.0
3023003512,2005-06,Northern,3.1552520354102245,4.5678742807277946,4.375838610228412,4.50793743361049,0.7563386946285088,7.048777187600884,3.2141969346824766,3.7172561281773926,2.773551087503228,5.01076854022802,1.4005649991648648,2.786100129680334,8.757331588415132,11.046664411682839,2.483159503663765,0.0,0.0,2.1512369116904844e-05,0.0,0.0
3031000202,2005-06,Northern,3.1186118732938968,4.373807873718789,4.390155580956356,4.554244354844396,0.9806052097325105,8.815247647819763,3.5980809232226862,3.954554019261611,2.992731077821491,4.8039547827784705,1.4254198425367917,3.4758653765815386,8.529661016693202,9.842377957868857,2.2015032090737217,0.0,0.0,2.0793099202782567e-05,0.0,0.0
3031000203,2005-06,Northern,14.0985689761056,19.430048602549565,19.55041903987601,15.450209708555246,3.3473875846819747,29.740366215188548,19.01036562361699,16.60847731860029,11.935917373570222,16.070185430811144,5.311477380967669,17.30545903229264,23.84238697374139,31.013080019410108,10.001062185333485,0.0,0.0,8.055534150667169e-05,0.0,0.0
3031000204,2005-06,Northern,2.193920668415989,3.1915740002336612,2.976941170895959,3.4088393333030793,0.6096089387204462,5.857143463181093,2.7643207640274774,2.5835067356598715,1.9533848053995402,3.4653149973757915,0.8665437618189665,2.608312069143934,5.922089386362972,6.602406800236858,1.56853875428709,0.0,0.0,1.5692437013341684e-05,0.0,0.0
3031000205,2005-06,Northern,2.762703397820811,4.000254613280929,3.801530810518755,3.7169349748626486,0.8122426197681649,7.695630336894568,2.718214891027491,3.4567905182386833,2.5777223573547356,4.217928381489345,1.2330320653239766,2.9946868751435383,7.563505944113974,9.106521050688155,2.1286337981212236,0.0,0.0,1.6926229378855537e-05,0.0,0.0
3031000206,2005-06,Northern,4.416819978211779,7.736800566628199,6.0875573126614455,6.7562718782010975,1.120912317443344,8.584631098097589,5.240391205297116,5.865279406583428,4.385378360648831,6.766539828615161,2.1851147183654422,5.690864836535915,13.122270826664057,18.340717888743,3.6298065036070866,0.0,0.0,3.163982161619728e-05,0.0,0.0
3031000207,2005-06,Northern,2.6309975572192834,4.51309657431842,3.671930335229333,4.008284394118482,0.6647588623222679,5.345174599906002,2.9752029446886916,3.4564725602600506,2.6471843236749226,4.171211943014528,1.3762963802021548,3.2588328324660663,7.986395030883811,11.002715117386723,2.097006034937076,0.0,0.0,2.4975134109914946e-05,0.0,0.0
3031000210,2005-06,Northern,3.8723599681242544,5.44338572500417,5.421655611954897,5.53972447791387,1.179838070766625,10.437696719923325,6.178533181527128,4.764781538439599,3.573416733047374,5.508108402491717,1.653219869747984,5.141503635976646,9.138472632401088,10.627604099453047,2.643035717620211,0.0,0.0,3.3865934430305135e-05,0.0,0.0
3031000211,2005-06,Northern,2.2399343096914923,2.9783967587022766,2.9363933245518368,3.184551522432703,0.6906621909547357,6.538686650302986,2.829745311915954,2.596139915387488,1.9022073707761282,3.4484758217322105,0.8611493966349709,2.5441656428520196,6.114768008563136,7.105531260153135,1.5958764515181787,0.0,0.0,1.4884812140441583e-05,0.0,0.0
3031000213,2005-06,Northern,1.9130310296959656,3.0618367182036814,2.7794380622843793,3.0925365211809424,0.5478997263848243,4.8741453375681925,2.3049710165284916,2.4770399016510622,2.014396360374745,3.051214211621206,1.0437743753997304,2.252831409520589,5.529874962665597,6.878280473265867,1.521034851114027,0.0,0.0,1.8468618798111256e-05,0.0,0.0
3031000214,2005-06,Northern,2.3883608091670654,3.1289579612959595,3.3010361734237685,3.4858675097149154,0.62559397643075,6.240220915091069,3.185171091439567,2.7390045832218486,2.042166504011605,3.836941139034702,1.067163349117287,2.027864415940801,6.658301982664856,8.318354138034328,1.7344261006681285,0.0,0.0,1.8364842633384352e-05,0.0,0.0
3033000601,2005-06,Northern,2.3865091774418543,3.976842587777437,3.4555130163439154,3.990344929803486,0.647555966866436,5.981882663195278,2.9764002235272566,3.191559850754188,2.6218847519388175,4.184474156462153,1.351278891210006,2.6440992332562936,7.72529766569996,9.548772976641603,1.9641505787739553,0.0,0.0,2.5149521644668642e-05,0.0,0.0
3033000602,2005-06,Northern,2.307045585038408,3.202824423773501,3.3209857841544306,3.47926366290461,0.5666103280884485,5.725246765873871,2.7264530984709854,2.718766785764092,2.0945558485087736,3.768420463365076,1.0632954858828483,1.9499765119038264,6.253824015342397,8.109173904282407,1.7344070334139463,0.0,0.0,2.0728265036665556e-05,0.0,0.0
3033000604,2005-06,Northern,0.903864162401168,1.1544544044820082,1.2712454384582406,1.1582319595372723,0.2274971873576381,2.318441588791304,0.8474836036802591,0.9961922744551991,0.8400402115033089,1.5149921252815444,0.5690231942857593,0.5780379786997683,2.732938195337767,3.2644244455809326,0.7212638968982004,0.0,0.0,1.2277338967983058e-05,0.0,0.0
3033000605,2005-06,Northern,1.8880167335585227,2.259614216061235,2.5227798894108147,2.323946038910355,0.464291278833938,5.659347339597232,2.1579091216807735,2.065724629410793,1.561257323379056,2.9348628202627127,0.7888002193387417,1.534644082431075,5.037544883236307,6.537757655669071,1.3386165162313814,0.0,0.0,1.921354419314698e-05,0.0,0.0
3033000606,2005-06,Northern,1.9225633888626172,2.9716577518487983,2.7537122687631634,2.6819878538760515,0.43288531020875726,3.9518222000310863,1.7548882880627454,2.2879504835662496,1.860170270309813,2.9672059025869078,1.0704256139132664,1.7673593271845487,5.247552373754735,7.264662751157557,1.5782962310286068,0.0,0.0,1.7723639432723648e-05,0.0,0.0
3033000607,2005-06,Northern,3.4883740206234055,4.598336575625846,4.875617221650986,5.003152574937127,0.9620038044210076,9.903286412523908,4.402795283014749,4.174888150603192,3.3041517267382274,5.626484480215537,1.521665605612903,3.1827978322407886,9.64953581255908,11.275667276936733,2.552217947269823,0.0,0.0,3.0754539774481985e-05,0.0,0.0
3033000608,2005-06,Northern,4.3813739912417775,7.539803842385647,5.965857633830282,5.953337466714004,0.9431399611247512,7.893193010997279,4.741307379565391,5.5143261268738195,4.11984734469312,6.413900280988242,2.0547589528417514,5.214195960511915,11.557335108974783,18.42847965092616,3.686935353944195,0.0,0.0,2.9177093304095785e-05,0.0,0.0
3033000609,2005-06,Northern,2.2676527723750732,3.152592153990444,3.072778849034739,3.235077878706161,0.6456804075827962,6.492132288614133,3.2988016915119656,2.7258901111684644,2.0734872327290472,3.4362352643036256,1.01495801057241,2.6976129208800925,6.2262260051797425,7.23478177388111,1.5691719290989539,0.0,0.0,2.7108183142768033e-05,0.0,0.0
3033000610,2005-06,Northern,1.829290090099615,2.491285608340396,2.6200653913174285,2.49532683155161,0.4897578680280916,4.874043870160813,1.6703679442997639,2.217168842792523,1.7544287481593233,2.8789783727268725,0.9259833677972278,1.5783996935964324,5.081693917670432,6.062348368404852,1.3652722125541923,0.0,0.0,1.7033845492350548e-05,0.0,0.0
3033000901,2005-06,Northern,5.147353390254846,8.717363105347504,7.390377859481101,8.006782698579103,1.2116465446595466,10.544350937723983,5.330924706747209,6.800470040371603,5.023589635172856,7.92957087866697,2.1149918826508842,5.769691084442732,13.900346325995176,18.42378323588604,4.194170266925224,0.0,0.0,2.3402861217284015e-05,0.0,0.0
3033000902,2005-06,Northern,3.617182082778235,5.259414305824819,5.16552347783708,5.404141726891658,1.1209293180523972,10.50776291266851,4.420070821213384,4.570734177575173,3.5256991464663434,5.702449250843087,1.583460823796581,4.127604850846275,10.069251050345695,11.67166698878589,2.7670596984935276,0.0,0.0,2.14866549868571e-05,0.0,0.0
3033000903,2005-06,Northern,3.5914369836919042,4.454451355361447,4.72239320197729,4.3734784436303356,0.8523670103269265,9.25337118732953,4.841029376948727,3.790325759974415,2.965856513238602,5.088750401029535,1.2582399872031902,3.830531030331153,8.205281536438942,9.792276533469892,2.488644454400595,0.0,0.0,1.9992266333552463e-05,0.0,0.0
3033000905,2005-06,Northern,3.115926927714849,5.339448100611645,4.4670384235032925,5.220886411597877,0.8715275643874857,7.979406406318988,4.457932911642995,4.244574105730841,3.4233602644638492,5.142895166762358,1.617302527549864,4.1869205038838695,9.577052051606172,11.883218273795233,2.4921806151718675,0.0,0.0,2.7184736079873536e-05,0.0,0.0
3033000906,2005-06,Northern,3.249087051302498,4.981566797359347,4.438684150084962,4.701989695832313,0.8350926562307124,8.66039263088475,4.318707883538957,4.071642796117182,3.0821176511740163,4.832762657950095,1.4797137299014602,4.204853726189181,8.780711089975997,11.169169421809364,2.294019673441611,0.0,0.0,3.748940496162818e-05,0.0,0.0
3033000907,2005-06,Northern,3.008895894954803,3.660300135643289,4.136732546009401,3.994405362472701,0.8859681183869285,8.858806275374983,3.4734889103585362,3.428680112062647,2.706387474683034,4.701361021415157,1.3046753142102743,2.6455442488189007,7.880925822055336,8.463584174476878,2.1174301606016828,0.0,0.0,3.484677115722529e-05,0.0,0.0
3033000908,2005-06,Northern,1.711528478374203,2.2098013806783863,2.343866103320071,2.261256436021121,0.4711374052845695,5.023077944469915,2.0635686370663158,1.9406734022132177,1.5090783963221575,2.6043077687375895,0.7849939876217872,1.6679831686682907,4.420382697501674,5.365025224535368,1.2430785063241214,0.0,0.0,1.8505566959219915e-05,0.0,0.0
3033000909,2005-06,Northern,11.675677294324098,17.24854599606003,16.558444174241924,15.25661026255156,3.0243632871692876,28.445875937668536,9.718855411810368,15.115280932246455,11.952563379821546,17.08223618507592,4.950960107696893,13.523017872358945,27.86942887912475,33.392788366513,8.494301522403433,0.0,0.0,8.292338115046317e-05,0.0,0.0
3033000910,2005-06,Northern,2.5181290143024984,3.9829152774841052,3.4629395220781554,4.248724603571284,0.7274036013137549,6.491602229191676,3.74489541688661,3.144148740317773,2.3416810943193926,4.0912609009438645,1.009221685364645,3.3326140850718993,7.1363028550444865,8.226982392022897,1.9209792858349912,0.0,0.0,1.597740280847479e-05,0.0,0.0
3033001502,2005-06,Northern,3.869531149233357,5.313392916301854,5.288134770745269,4.6149940216597685,0.9269614953020445,9.142732017594277,3.72098397694055,4.421507336465453,3.495668221318778,5.112498836098507,1.67121450028565,4.28965632004163,8.40799475962919,10.607167508454923,2.813449214220011,0.0,0.0,2.921240108658242e-05,0.0,0.0
3033001504,2005-06,Northern,2.7624712549102486,3.71054509031664,3.777362810099945,3.6818074802104483,0.8101683263258208,7.81341581587303,3.0731581866375692,3.3382827330389935,2.608598772568718,4.211594885599885,1.295958893552076,2.8420066563926922,7.486072546969797,8.64242470657104,2.041157771438121,0.0,0.0,2.755927361063903e-05,0.0,0.0
3033001505,2005-06,Northern,4.094099120681015,6.173497230824046,5.782858546693394,5.606415822266058,0.9068619864306922,9.049458874091203,4.776178835961528,4.963510211077887,3.982245556291076,6.0823307324523865,1.9426066665674058,4.278194305822666,10.110100441464324,14.161396180392067,3.1448285769628606,0.0,0.0,3.1226931851138423e-05,0.0,0.0
3033001508,2005-06,Northern,3.2555643462102712,5.135449726102125,4.679592895543513,4.875305247342647,0.8456304360939798,7.827001676836972,3.547802221887978,4.193076695668335,3.3007203096840043,5.2361896915587245,1.5629652433308558,3.5369653888678934,9.340221474890674,11.825486601005084,2.6558269505723175,0.0,0.0,2.230840988830087e-05,0.0,0.0
3033001509,2005-06,Northern,2.433989788746833,3.3884797254385344,3.2863207348290437,3.420524127417126,0.7068568066488322,6.586997188380707,2.9425194641478454,2.9271709899309406,2.2126635921170865,3.7055141745345033,1.0784722058280063,2.739637189553574,6.786571937802729,8.003979960599809,1.7545517487161004,0.0,0.0,2.1750439918803652e-05,0.0,0.0
3033001511,2005-06,Northern,1.9573314668215778,2.6546359828375694,2.6452864422046236,2.7588845966873405,0.5535902801482788,5.665507468733731,2.8429090157671264,2.307060265652142,1.7675663911031385,2.991191333819442,0.890715536594516,2.21439717729133,5.401252866007035,6.280422761699065,1.3526108253527618,0.0,0.0,2.5332658620697718e-05,0.0,0.0
3033001512,2005-06,Northern,5.546958719958597,8.157747212464876,8.051537159560146,7.787210636940529,1.6815307519830915,15.23898138607013,6.370903877680807,7.259585046549965,5.524868430738646,8.116463323639573,2.5076635721225653,6.815540608727795,13.61632146726942,16.86982184723809,4.1689264206173196,0.0,0.0,3.9330965085948295e-05,0.0,0.0
3033001513,2005-06,Northern,5.047889504486487,9.588310832365972,6.956298087828558,7.747480763593176,1.1465566016475945,9.226928112870297,5.785255080178974,6.672191555002155,5.218434118023048,7.618525061521559,2.7025449305970826,6.7700495806126915,14.290195484295973,23.17517912182258,4.223905766740776,0.0,0.0,4.580724483405759e-05,0.0,0.0
3033003301,2005-06,Northern,2.330450427764213,3.5341423195317727,3.2510648218199347,3.1146761293029552,0.5311744335475704,4.8662266497143944,2.182450092257493,2.7558912172744536,2.1999447960643628,3.5135761932441825,1.2056794536768178,2.260292690570111,6.19879678656829,8.632575916739645,1.9068629552003422,0.0,0.0,2.00657320791714e-05,0.0,0.0
3033003302,2005-06,Northern,2.6928959632835947,4.38564687519395,3.64677730581579,3.915208222292395,0.704717739140214,5.697821296424203,3.369163333004733,3.4498682810655428,2.5935840783032265,4.218336609816673,1.3377908239612504,3.336992887306234,8.057941550727353,10.902963191562408,2.131445041230595,0.0,0.0,2.7269112665705615e-05,0.0,0.0
3033003303,2005-06,Northern,1.659971546029543,2.288743989897501,2.3325700525167283,2.3313729576701645,0.40502666241452207,4.21974743013273,1.7194308173621604,1.9094760388748824,1.507203655184333,2.6303830771148853,0.8119425899065376,1.4236334088130498,4.54829723810946,5.544091966468313,1.263456845387,0.0,0.0,1.4480232867596286e-05,0.0,0.0
3033003304,2005-06,Northern,6.908793863843926,9.413760059127094,9.550089359666492,8.722416515228174,1.7338023503231688,17.46581150346268,5.6545525737009745,8.336653270922696,6.7502975928105915,10.405168192786212,3.004910982607266,6.844985989634088,16.643706945995447,20.00834351368018,5.018499527484182,0.0,0.0,6.595657296122004e-05,0.0,0.0
3033003305,2005-06,Northern,2.8586359684350393,3.8816633287952538,3.89671302473204,3.4917797073806494,0.7121513842566138,7.168274044212002,2.8764207454333444,3.2484133560708304,2.6131230198203883,3.9786166101480447,1.3136040619535565,3.0145249431492616,6.569717428693012,8.366417385434486,2.163834616808981,0.0,0.0,2.596466489593806e-05,0.0,0.0
3033003306,2005-06,Northern,7.062783656606977,14.220572581887865,10.185949354367015,11.840058671309848,1.6765470314443411,14.626786045660086,7.916714403498115,10.335742771749176,8.21893118668065,11.453082499446648,3.808752149062444,10.116332675091943,21.750266530567522,32.57684337770214,5.782668197804925,0.0,0.0,5.118263232047123e-05,0.0,0.0
3033003307,2005-06,Northern,2.1558693357326044,3.1086696750436236,3.0258469694857584,3.2695573638773916,0.5828488621205888,5.763901668329415,2.9428569990669406,2.5724626936894976,1.9858847190688917,3.437461815227737,1.00211764790141,2.283934320932668,5.932547454566474,7.197591952720586,1.623732962201604,0.0,0.0,1.940277767364916e-05,0.0,0.0
3033003308,2005-06,Northern,2.690939227081936,4.299857537561344,3.6477192066349717,3.765005657114322,0.709617049642683,5.83558600131322,2.775946330553824,3.4252372751233477,2.5786655334553505,4.197431900154985,1.3439654045326352,3.076721087182632,8.023273842556142,10.76868468530859,2.2047430553992506,0.0,0.0,2.343593674955209e-05,0.0,0.0
3033003309,2005-06,Northern,2.381188396423204,3.090814767631969,3.2770663161260685,3.071796484966971,0.6269708010391107,6.621430204899478,2.3204743120539337,2.7660099761011874,2.1331849817042796,3.644191624708809,1.02567416563792,2.15003879969315,6.362261981557095,7.71807047734383,1.7528604592611332,0.0,0.0,1.7705947020322053e-05,0.0,0.0
3033003311,2005-06,Northern,3.766509777728279,5.798788472270505,5.381054323800259,5.505381309693377,0.980093863124526,9.07354457620431,4.128081380179767,4.78858603244065,3.5955251830758996,5.5648942847973295,1.6925472724725952,4.46385501471837,9.6348763583297,12.05227335739054,2.7948377653919203,0.0,0.0,2.4416386364303765e-05,0.0,0.0
3041000201,2005-06,Northern,4.194875602622469,6.230422405480194,5.7913867126620975,5.662333127657873,0.9758526696675255,9.533083452334361,5.180211379642301,5.034252565592222,3.8132426697753647,5.9400291909648155,1.7833687953933148,4.918922758279357,10.256600810768058,13.918888207681038,3.0717752744127256,0.0,0.0,3.0375398997872424e-05,0.0,0.0
3041000202,2005-06,Northern,2.4933393643706947,3.345802465543935,3.453032023560291,3.7695893123097077,0.8495745247560801,7.838929885989843,4.352323159022814,3.101051928818173,2.3630715793745978,4.021438080963741,1.1529518010158208,2.7757483470412643,7.253827241124158,7.986675950600908,1.7836021564641624,0.0,0.0,2.471371271440854e-05,0.0,0.0
3041000203,2005-06,Northern,4.354719052026155,6.593105560426137,5.957293007586814,5.325045447808602,1.1182216413989405,10.179862513930225,3.5959864224594407,5.46367558970696,4.169094172084167,5.97566762045912,1.877908445534855,5.307810349068186,10.57067085255986,13.017909332670293,3.354101794774907,0.0,0.0,2.4776167825697663e-05,0.0,0.0
3041000204,2005-06,Northern,2.2071996074306153,3.289359604263126,3.1739050465373695,3.2433424376048423,0.5082700650660551,5.125738742452072,2.194859056328345,2.645419479380627,2.129055465632204,3.5765117558847863,1.1123384223453971,1.9273790929404984,6.312624767761853,8.197709213391619,1.7653483707873792,0.0,0.0,1.8325425408262255e-05,0.0,0.0
3041000205,2005-06,Northern,5.587344421971675,6.997143980282609,7.9625819415491135,7.3587472976358494,1.585144464576716,15.236266779823076,6.230667632182519,6.468654459109302,4.9704859296958785,8.098934598196882,2.221522067367963,5.484136094266901,11.893320901408245,14.2875613678453,3.8097351161186217,0.0,0.0,4.712371973358304e-05,0.0,0.0
3041000206,2005-06,Northern,8.634534376880971,11.817198099555664,12.078641347247073,11.749827026112099,3.0741500967081934,23.2792669051669,14.489957215405452,10.87342733009787,7.539940522773868,11.390622642688003,3.3187806592265545,12.25549462030037,16.244290060356718,19.789357850994215,5.637939031206502,0.0,0.0,7.849436664904641e-05,0.0,0.0
3041000207,2005-06,Northern,2.573553118138866,3.4910591521869287,3.3902721504237276,3.375637841857051,0.6180579761682362,6.35381342534051,2.881006450333944,2.946906551396863,2.1139951208289838,3.9500442944500516,1.047247546344595,2.4715513236257096,7.118879577990717,9.466308558844462,1.8756118197437965,0.0,0.0,1.953584806137546e-05,0.0,0.0
3041000208,2005-06,Northern,2.4480116771364195,3.839979797358708,3.549178555217371,4.790519199470841,0.6942365378868748,6.407106133261597,3.3925148929882902,2.8828512737577503,1.9879134888426448,4.193892496670549,0.8531865146023703,2.6627323460556527,6.158546513612708,6.76706180245,1.9007281071396978,0.0,0.0,1.5243136136058033e-05,0.0,0.0
3041000209,2005-06,Northern,3.6643793094374466,5.085206945952992,5.265821941823909,5.060995716916268,1.1586612681700006,10.772041464572464,4.023594927044835,4.640187182555456,3.5383637679801607,5.52459154224966,1.695751611821927,3.9999064159934705,9.42636018940394,11.011572289331816,2.7467575833683546,0.0,0.0,2.7255522800185514e-05,0.0,0.0
3041000210,2005-06,Northern,3.318337912080088,4.936023476261317,4.5746073449026055,5.064365947017781,0.9204350920191577,8.387520573703139,4.04266674210428,4.127003634342569,3.0786609064712946,5.254604098260656,1.3375478491309865,3.936159812122197,9.364360093763173,10.454696146139769,2.4256111421270736,0.0,0.0,2.0454869139363325e-05,0.0,0.0
3041000401,2005-06,Northern,7.441768264112087,11.227837778049867,10.119121570683408,11.143789986198469,2.9658558970088635,21.78098145717113,13.615114048714732,10.273131422390987,7.1834481224652995,10.785256971830691,3.1315936661369563,11.749252915825998,19.985375600660582,19.17553042666999,5.264114807082508,0.0,0.0,7.332249086092027e-05,0.0,0.0
3041000402,2005-06,Northern,3.2322870618809567,4.1510657330551055,4.580229230550883,4.13846042332099,0.8551859768081004,8.565931349211887,2.8887181271021496,3.6964177333892687,2.9019689729324853,4.665213338019366,1.378583077733752,2.934757416104986,7.434507021796161,8.625467880091923,2.333761095348243,0.0,0.0,2.4616761938107723e-05,0.0,0.0
3041000403,2005-06,Northern,3.2099503224572565,3.880673413014464,4.486770850403169,4.555374836805325,0.7850155775097226,8.639204785121507,3.886900381805928,3.423436846293126,2.5558782419199297,5.093045926605633,1.128551774042443,2.387099644579266,7.907680990528817,9.737160818231205,2.2818234350573987,0.0,0.0,2.110005101360966e-05,0.0,0.0
3041000404,2005-06,Northern,1.0842908938080287,1.2624162609676015,1.4842740693055594,1.4037919142274187,0.2778398546213141,2.8103300553464385,1.3750820254993337,1.134709789832444,0.8552437952776965,1.8203912325822678,0.5640986415993805,0.6426557342782193,3.1285640700369446,3.881695311631956,0.8028155363872111,0.0,0.0,1.3033586162009175e-05,0.0,0.0
3041000406,2005-06,Northern,3.813878096496643,5.855911147935309,5.512140923820486,5.2297428411409035,1.0903826460424226,9.758410415866045,3.0894470225699258,5.029855366007558,4.046033168755402,5.745743844788408,1.9370998163720734,4.136332484447002,10.555368294455238,12.748528861877478,3.114570743958842,0.0,0.0,2.651021112010669e-05,0.0,0.0
3041000407,2005-06,Northern,1.7265422087479807,2.4682021597371335,2.4025306411011336,2.622157784618965,0.4796101120332327,5.074050678311061,2.3923605115815434,2.132725540219934,1.6834714530083728,2.9815324490546486,0.8829671248536732,1.689112372609234,5.4120984062267325,6.502950659591381,1.3254038381956041,0.0,0.0,2.2095641014980673e-05,0.0,0.0
3041000408,2005-06,Northern,4.169593018051604,6.84463633794863,6.176545579459814,6.62881662566544,0.9597793374268667,8.942063067189316,4.525049993957814,5.180181933629433,4.287671814003662,6.346514154549139,1.823694742241832,4.840477679192889,10.614728035101454,13.471384737583087,3.2541717244962998,0.0,0.0,2.4178411426745857e-05,0.0,0.0
3041000409,2005-06,Northern,3.5892139451977445,7.071242043629581,4.942020135999748,5.5031049333249635,0.7906607206899444,6.071425140172451,3.6765951325866815,4.723224029667136,3.64102902090346,5.694996786034571,2.0706161779407286,4.1877378095848075,11.123589074954893,20.10695475154756,3.3208324164060814,0.0,0.0,3.161767698611451e-05,0.0,0.0
3041000410,2005-06,Northern,2.0707277841101477,3.0171137894067783,2.8783972875619592,3.0300208052270414,0.5163811134418648,4.893905368987693,2.4691085438869034,2.531601137349326,1.9255690104088636,3.4335810785169296,1.053246267664795,1.8737044531948335,6.399900286392506,8.555664859363997,1.592975615696151,0.0,0.0,2.129762419517071e-05,0.0,0.0
3041000411,2005-06,Northern,1.4753835652327285,1.8990402200449497,1.9772721025903401,1.9737515905009257,0.4154470754478684,4.48241958921893,1.7533323054024315,1.68795638508906,1.282177407163002,2.2979686237046155,0.6633588057029393,1.4611416177394678,4.125774782551812,4.9347257670753955,1.0312129196711015,0.0,0.0,1.880716612999962e-05,0.0,0.0
3041000701,2005-06,Northern,2.52841503231336,3.2751155048896567,3.555865315266676,3.00210899111303,0.6030135704191829,6.3244948739409725,2.029813983249604,2.897679927158534,2.338448885757242,3.6592544215703153,1.182899101397044,2.125185497616597,6.131291904872121,7.497189792721502,1.9023622546422758,0.0,0.0,1.873723466930261e-05,0.0,0.0
3041000702,2005-06,Northern,2.3044136558351367,3.7744027171599046,3.1711169738043323,3.62554632895243,0.5876772731035205,5.7562503209420814,2.6226180850444853,2.9137488124410806,2.399488951052752,3.926523152029289,1.1098764722690257,2.84435261220499,7.488777064111572,8.670404832483975,1.8196341972283145,0.0,0.0,2.3449485610927235e-05,0.0,0.0
3041000703,2005-06,Northern,1.5886052716107333,2.286788257271478,2.141693602202972,2.2004386364719632,0.40520819855455764,3.9070639610378284,1.6999809705613886,1.8647676591834708,1.4556357145242598,2.5722577135703464,0.7917640668054109,1.5516897929143003,4.820066226694273,6.111717213067098,1.2333965024924645,0.0,0.0,1.7543043503628242e-05,0.0,0.0
3041000704,2005-06,Northern,4.410961273550116,5.753358050998936,5.996768388249019,5.550533702760334,1.0827050629272021,11.050638095343233,5.142642914195556,5.01265139371343,3.8567483122227384,6.395308563933374,1.7269014682520436,4.330208285787396,10.78419859969714,13.795978020064334,3.275020145266096,0.0,0.0,2.335754093932845e-05,0.0,0.0
3041000705,2005-06,Northern,2.4041979955054096,3.412650053511378,3.252063479552266,3.4498110854341664,0.6159542324989558,5.99791954947471,3.043308566164987,2.8652780493715597,2.1125729870757333,3.7371334236197233,1.0829821049688093,2.4985045601269062,6.901498764410418,8.856758647644698,1.7374150822229042,0.0,0.0,2.330261003466477e-05,0.0,0.0
3041000706,2005-06,Northern,2.8654039491111183,4.583199559068563,3.9031822122546935,4.213692374108349,0.7438392389968884,6.0509385134971065,3.5789023625916125,3.6031471372975172,2.7565567731441023,4.453182270840367,1.4449886658065632,3.3935425776312167,8.443828936580733,11.273980725101675,2.2710070002775624,0.0,0.0,2.782519942978007e-05,0.0,0.0
3041000707,2005-06,Northern,2.2502770816133366,3.377286867169491,3.0189713603249837,3.203272423507277,0.5985848608453782,5.004949666515855,2.870787490013632,2.7588232541197537,2.0574627032268498,3.5538066589069723,1.0863442313080427,2.4990251054108037,6.7698519499714,8.767839942265066,1.7288602604825303,0.0,0.0,2.164686893031954e-05,0.0,0.0
3041000708,2005-06,Northern,2.580832129856201,3.733816495447008,3.5324734474316952,3.4343761749987025,0.6861373628238391,6.0743477577782485,2.265029105397881,3.0861644513777757,2.484638003425117,4.025459608494124,1.3280738926828584,2.4417964971491117,7.455103248213007,8.958538460995165,2.1203681763125792,0.0,0.0,2.2225824698663826e-05,0.0,0.0
3041000710,2005-06,Northern,2.680838915370173,3.9767866815719404,3.6506393941661894,4.07343392096554,0.6801874795357609,6.27674282340683,3.460653663968222,3.223979746265121,2.4470439381072357,4.243914865130598,1.1268799321069172,2.960852782767211,7.5990152759827385,9.294473622410178,2.017909853126495,0.0,0.0,1.7524967417862605e-05,0.0,0.0
3041000711,2005-06,Northern,1.5663821931243496,1.9973535807924025,2.1570567365869984,2.0254596504351796,0.419822833103891,4.519351586632522,1.642530526568637,1.7652391286757483,1.4402418719971355,2.54080626147446,0.7756461367997011,1.2651591322913112,4.376452995965766,5.259351287482148,1.2451951880291994,0.0,0.0,1.5700306745188737e-05,0.0,0.0
3043000901,2005-06,Northern,2.9504071158741465,4.513265554706656,4.170569366562251,4.20336471938811,0.681003023303834,6.584479801835549,2.384761115134641,3.551957101537579,3.002543048165056,4.908626817910318,1.4971407006669033,2.488763029086574,8.676943231423012,10.885476165521336,2.5194091182122307,0.0,0.0,2.4619231746609247e-05,0.0,0.0
3043000902,2005-06,Northern,2.8346410751342574,4.280053352826241,3.9087082683333847,3.9796242638121604,0.6833441370809676,6.07244824851466,3.465103539272084,3.3984551560549856,2.5937897732210726,4.346372509274431,1.4021837990601855,2.874050548672841,7.698272187182215,10.644114001267232,2.2854639772245666,0.0,0.0,2.280270760572648e-05,0.0,0.0
3043000903,2005-06,Northern,1.4813136119727346,1.927358038071239,2.0320084557238354,1.9241262482624293,0.372395240996469,4.086187073592736,1.4798826484345007,1.6620183624295666,1.293959991100024,2.275646211228396,0.6829613200571971,1.329938532514139,3.9342357041656637,4.931319637231967,1.0820497534749316,0.0,0.0,1.5903069966906296e-05,0.0,0.0
3043000904,2005-06,Northern,2.093633691633572,2.40794004605505,2.954560718102198,2.7645399923575424,0.6382410846237546,6.531537255390758,2.4422578233020964,2.299489202291641,1.7913781324447833,3.2757755043920356,0.934165558549122,1.577011509334015,5.16564718095464,5.666088934423757,1.4782905316335415,0.0,0.0,2.125079745702901e-05,0.0,0.0
3043000905,2005-06,Northern,2.075634536439299,2.899489553609499,2.9302025833352845,3.153409576003472,0.5269416291801696,5.124560024024048,2.18091705056721,2.431243612160294,1.8592683399591687,3.360508221474225,0.9638418051307428,1.6693612904560506,5.868814880471302,7.203153913527144,1.609353976044291,0.0,0.0,1.6082647665895734e-05,0.0,0.0
3043000906,2005-06,Northern,2.0105046007601497,2.7271677312092204,2.7232436685961705,2.6853346262892033,0.5381890286669468,5.219986856339725,2.189598310919569,2.33855841146661,1.8029921876349537,3.0344787308657426,0.9459050402478285,2.030614284343742,5.471651253658381,6.622543475460636,1.4538196812801456,0.0,0.0,2.122264935574047e-05,0.0,0.0
3043000907,2005-06,Northern,1.4590908874393067,1.8966547820110193,2.104199574839415,2.094284922424889,0.46212184270102014,4.414205545833957,1.6700057465465328,1.7497852371527383,1.4025826153589376,2.4044469393626113,0.7983845294478698,1.2155216571042051,4.186380078376283,4.859009053667234,1.098160442571925,0.0,0.0,1.591786639483637e-05,0.0,0.0
3043000909,2005-06,Northern,1.8406857534511158,2.181838801181904,2.566992691290085,2.3617571054995086,0.46797885621749197,4.854848983486767,1.8437253349219238,1.9573327466351362,1.5685048810552091,2.9340978366418184,0.8893613924797833,1.2248495412989135,4.7762348155747025,5.488170537606701,1.365748748620223,0.0,0.0,1.871067689395728e-05,0.0,0.0
3043000910,2005-06,Northern,6.280898768587929,7.749897001354815,8.764222033577273,7.355827106596359,1.4427123077608783,15.306195647779182,6.231054018700812,6.887892356393241,5.451064791121502,8.56924559314071,2.413121588549088,5.593599517014232,12.849756785100379,16.172697971216685,4.452756675033121,0.0,0.0,4.331048939901437e-05,0.0,0.0
3043000911,2005-06,Northern,1.816397117575284,2.8649710929392107,2.700823733174028,2.852835718098288,0.440826453508242,4.000499302053985,1.7195850064736444,2.2689887242582807,1.8970687540744147,3.034611708561396,1.079736162698893,1.5660659044678091,5.530735191161741,6.900944219713516,1.4708147662324238,0.0,0.0,1.7276650594214087e-05,0.0,0.0
3043001401,2005-06,Northern,2.832091101595004,3.6386137752117307,3.975474475842333,4.040002011788477,0.7709418138313028,7.967204767776417,3.5757691110235,3.2098792983884623,2.552043791579078,4.5284389200721265,1.1739588736447544,2.4983829947902976,7.392018973938937,8.340559595425987,2.0958925573158775,0.0,0.0,2.272706462915265e-05,0.0,0.0
3043001402,2005-06,Northern,1.8523651613735133,2.548891899025842,2.5506715951682066,2.607082315981631,0.590687139024532,5.655610785704427,2.1229639222030188,2.2541803295687615,1.7298762649840067,2.882895797160594,0.8760847231928088,2.0299196058845395,5.179493012224294,6.000783456947053,1.362999291401096,0.0,0.0,1.9208898226149858e-05,0.0,0.0
3043001403,2005-06,Northern,3.8356698341569113,5.397227432377923,5.439651114078233,5.510252083493192,1.1413052174509606,11.407331120275098,5.011560009658721,4.855678033223334,3.587890775765595,5.872542897991288,1.643290402206224,4.3174291022156,10.054904390392297,12.15110964472486,2.7712072297870645,0.0,0.0,2.5236452700965314e-05,0.0,0.0
3043001404,2005-06,Northern,7.666100270567589,12.409403112699135,11.145345421029026,11.170650807747307,1.8118171185861556,16.119336692994278,6.255189799054046,9.987172535086044,8.162325013134208,11.972429117368735,3.5995008953038976,8.327990481280287,20.53626562981467,26.606668087755917,5.893916479776922,0.0,0.0,5.327611534868512e-05,0.0,0.0
3043001405,2005-06,Northern,2.9802774557147975,4.344312164637402,4.359514317115627,4.709105762313408,0.7626620307017079,7.32376779974444,3.2619652842988573,3.5636667708221514,2.915723612563635,4.943821309494496,1.3548583225303052,2.8329975636779663,8.161661921948081,9.232155118540703,2.294396890617646,0.0,0.0,2.424574059829569e-05,0.0,0.0
3043001406,2005-06,Northern,1.7149413095967632,2.5226490021105703,2.442296934841696,2.513644946747418,0.44652650798548793,4.391782861202252,1.8332033547260314,2.130564626795925,1.6760475828582697,2.886525049720172,0.9052534051433392,1.5499716629039442,5.228237280942359,6.534531566028301,1.3497991374023401,0.0,0.0,1.8348286291901957e-05,0.0,0.0
3043001407,2005-06,Northern,2.5190426313147185,4.178014635973595,3.7942627651404623,4.439574374543674,0.6753408711509582,6.020375958154052,2.9313437799139788,3.213085625701854,2.604170727425435,4.188593742094908,1.2703318516457904,2.71020304260966,7.316116483353353,8.642054131499021,2.083538132107927,0.0,0.0,1.751973276180574e-05,0.0,0.0
3043001408,2005-06,Northern,3.351954940520224,5.051764435482966,4.6903883663109385,4.644374897712436,0.8351313790098787,7.547308697001536,3.615255063567393,4.157577782014761,3.1511214076073673,5.038088247822426,1.5888954428968391,3.6241436096767825,8.839309806839927,11.883860313571336,2.60233981624077,0.0,0.0,2.491301138805166e-05,0.0,0.0
3043001409,2005-06,Northern,2.947253931202195,4.091516718774414,4.015397068741893,3.9086204243554854,0.6998945298898267,7.198782200832724,2.9528671805844025,3.4702362515454634,2.583740921032116,4.630507170865041,1.292905300022446,2.54657115831606,8.250461788757745,10.6231620927077,2.2764805515826274,0.0,0.0,1.9369688070319224e-05,0.0,0.0
3043001410,2005-06,Northern,2.4820099140939025,3.2864287258546856,3.365978754406536,3.0027553157189466,0.6271192061536981,6.3568099114230385,2.3106547296363478,2.871384799138793,2.2564076988763846,3.8027107308265578,1.1585667461559608,2.15982796985288,6.599840513376629,8.731171806482259,2.011647960760219,0.0,0.0,2.070215711976119e-05,0.0,0.0
3051000101,2005-06,Northern,3.4975200715107486,5.634999584195616,4.804531309179116,5.015853514042498,0.9705028545066225,7.8484841190911,3.6983831360572466,4.542852418981209,3.4613457226971915,5.297276986612645,1.705801531662491,4.3599173187833165,10.022120433746505,12.783549865499548,2.804337033608699,0.0,0.0,2.7521514139826267e-05,0.0,0.0
3051000102,2005-06,Northern,3.720007511862117,5.951568399527262,5.39423091628588,5.7115419779369425,1.0009619843001603,9.42262851423139,4.065781844291134,4.876958222071367,3.734441046787052,5.706163564487778,1.6167293952473467,4.5773113751927,10.106355666476096,12.071359246553714,2.8617185941066747,0.0,0.0,2.1419828153824122e-05,0.0,0.0
3051000103,2005-06,Northern,4.614613991373366,6.632702613453059,6.790304221633611,7.3199669381322545,1.565288045314636,13.471662745687395,5.579254369067493,5.997545822886929,4.546252742448196,7.441455968617646,2.16601006995455,4.69249070804738,12.582211687294022,14.462575051211658,3.5220203129537353,0.0,0.0,2.9938037093171894e-05,0.0,0.0
3051000104,2005-06,Northern,3.080300135029795,4.959070943885843,4.252907969725637,4.29403063713373,0.8056584124546704,6.843698459831448,2.825017595456334,3.8810939230337,3.1128750921507544,4.660181739411554,1.6705135065876204,3.4943151242735313,8.482461523194448,11.441314985925688,2.59809318204947,0.0,0.0,3.070399166760853e-05,0.0,0.0
3051000105,2005-06,Northern,3.261607298491331,4.275659443262147,4.750475009242848,4.4705656799890585,0.8855969013743172,8.488545052737475,2.9961435372597554,3.813306558465113,3.056579927480896,5.037837706911636,1.517610115297076,2.7511112600983125,7.8974007546861555,9.376799684190624,2.458033778907983,0.0,0.0,2.865908054342774e-05,0.0,0.0
3051000106,2005-06,Northern,3.3150962481476642,4.473513836576842,4.496576505866612,4.166067459102343,0.8775095231949303,8.484435583890567,3.681649013985046,3.834976403768756,2.9923858624245225,4.562174939429566,1.3928699653346006,3.8181698466775083,7.719176994682315,9.115358661864988,2.34591301293289,0.0,0.0,2.481927409992051e-05,0.0,0.0
3051000107,2005-06,Northern,2.207155810712294,2.9964386827900578,3.07392404248142,3.331527320730985,0.6483106210898203,6.42798646535191,3.0312010326821133,2.6159202416824288,1.9277155356889613,3.530835234143672,0.9805195991824639,2.172236268979721,5.978834307784332,7.298565210686535,1.6000874145066042,0.0,0.0,1.6810693557735548e-05,0.0,0.0
3051000108,2005-06,Northern,3.0800444606694093,4.7266309042697765,4.318210828519486,4.827650052741359,0.8253385336041821,7.942539399825167,3.5947777572943655,3.918419330506296,2.834167442431323,5.1446910289855134,1.2567730807255462,3.2076177814806086,9.220085271078764,11.236107092096121,2.406725367231016,0.0,0.0,1.825223890404077e-05,0.0,0.0
3051000109,2005-06,Northern,4.065137600300365,6.336418106958712,6.142833905787686,7.0170207943888006,1.2271437248891084,10.372944717218576,5.586039364593798,5.264391149949821,4.01895086691428,6.288999547681267,1.7864060428847988,5.057457111759305,10.265186831018056,11.838840884611393,3.0243106729398295,0.0,0.0,2.5704689738985775e-05,0.0,0.0
3051000110,2005-06,Northern,5.384226408264413,7.810148373162542,7.803731662566307,8.334516281487188,1.7305448424454934,15.164178591414075,6.967545241483101,6.883614679460806,5.046171185072692,8.049606857047902,2.1362430798727448,6.638899137018443,13.30634805808195,14.742735544083173,3.8191507482614635,0.0,0.0,2.8615893126893476e-05,0.0,0.0
3063000202,2005-06,Northern,2.200021357224357,3.355773817624926,3.1045069222430666,3.1725531922103896,0.5805054433217167,5.571071515388147,2.164488854543543,2.7478388726580314,2.1821409307144775,3.39029531373133,1.1241338980541287,2.4573878234176854,6.12884464010895,7.703906156458125,1.6732509471644217,0.0,0.0,2.42489450058734e-05,0.0,0.0
3063000601,2005-06,Northern,2.9822057687861188,4.631453296190082,4.386906701444392,4.812595446551006,0.7982604392950201,7.213080117728306,3.7684523397020655,3.8119213758122505,3.013996919742057,4.939285497741877,1.55568705627,3.089450537303063,8.532591325287624,10.63590350337937,2.3749501002480593,0.0,0.0,2.5032358682453188e-05,0.0,0.0
3063000602,2005-06,Northern,4.622638525985456,6.830910329425821,6.461697569621236,6.215986028215984,1.1319047001766236,11.38849086556672,4.487987930881497,5.728773848982989,4.428863614693215,6.932130804298207,1.9256731658943835,4.9396252654970425,12.482508532010906,15.746336976394554,3.581490947212681,0.0,0.0,2.52991024040675e-05,0.0,0.0
3063000603,2005-06,Northern,1.7824172056175525,2.314906991154961,2.557907814531104,2.482420704261748,0.4781059795185723,4.786979905189908,2.0768243915102196,2.0586298906884712,1.6416102561752046,2.865521839535582,0.94542514347084,1.3729711535012687,4.8277914956070225,5.9288302106916255,1.361340026744765,0.0,0.0,1.6717024467581704e-05,0.0,0.0
3063000604,2005-06,Northern,1.3240706139657052,1.7632489270177847,1.8252932621003992,1.689150715388767,0.309508672909975,3.2324671051230105,1.331650212144776,1.471983806516239,1.1675535777781343,2.0466656127854925,0.67148275913453,1.1258555121444367,3.5492284315875753,4.70281082797208,1.0004954409223246,0.0,0.0,1.5724541600188733e-05,0.0,0.0
3063000606,2005-06,Northern,1.7836549538901643,2.4130646734488113,2.413301333375999,2.4233421489681075,0.49159934286469825,4.778298445860632,2.0033861618568425,2.0724748261441164,1.6101506809206763,2.766311934462952,0.8640653858071742,1.7652419342268144,5.034043945842542,6.134279110640209,1.3206085850309845,0.0,0.0,2.0297495498299613e-05,0.0,0.0
3063000609,2005-06,Northern,3.814201355871855,6.279804432491107,5.382259614519259,5.322085351494578,0.8931469905322587,7.711832284878276,3.602645116888214,4.823593020773563,3.7613898792700358,5.611083482584985,1.8555131814164318,4.386940338069097,10.023242097134796,13.94325840729405,3.1293343410397996,0.0,0.0,2.515411357011922e-05,0.0,0.0
3063000610,2005-06,Northern,2.6711231905544115,3.8448547132426816,3.9466833751360744,3.954083725443772,0.6974975273541046,6.809390370727429,2.762002345432741,3.2430600353756356,2.5899618725489244,4.202857410803556,1.292220579571298,2.5517413702328726,6.999915282966861,8.22253630652111,2.0719901275080796,0.0,0.0,1.896973958286957e-05,0.0,0.0
3063000611,2005-06,Northern,1.7499714125205237,2.249423031178389,2.4333640688739235,2.4207483441474804,0.4755282167275203,5.2087370697372455,2.1719185412929516,2.006431385817741,1.5613936526340855,2.842845784325557,0.8045357888240084,1.5000030323237048,4.821957540688959,5.7581079959361405,1.296265287261966,0.0,0.0,1.6719089105639795e-05,0.0,0.0
3063000612,2005-06,Northern,2.7327425077944247,3.635600436789491,3.8632415529138617,3.76728871747013,0.6577193381679343,6.448213245970418,2.7831922485963045,3.083932565117507,2.4923279949387807,4.444160892707012,1.3354115048182336,2.1065722486071383,7.0512547995936,8.948264098405247,2.1192164857408367,0.0,0.0,2.6950405193564896e-05,0.0,0.0
3063000705,2005-06,Northern,2.4828059381292302,3.966925502612014,3.5609378224087944,3.760280439548275,0.5922162907878903,5.488381479088761,2.8071382571484884,3.1291493885738326,2.4988108507093685,4.1385772782259025,1.3238173654327918,2.528501364119518,7.1567104447426315,9.821516278939367,2.012867667080518,0.0,0.0,2.417197941787927e-05,0.0,0.0
3063000706,2005-06,Northern,4.194595902163635,6.077416427626635,5.949454974858002,5.618696356806022,1.0650769968900726,10.488149084166178,3.8307293725618434,5.232735524628823,3.9974738958921496,6.255188002908556,1.8142097442506901,4.220883147243059,11.19032608002338,13.974951260272237,3.238520814979748,0.0,0.0,2.34515556736379e-05,0.0,0.0
3063000708,2005-06,Northern,1.4020079999793351,2.015015442166079,1.9971501244644139,2.141698378688391,0.3632274753516273,3.400888027629733,1.71596449833064,1.660749837925199,1.3529067064035716,2.4395673641213254,0.8475619526882338,1.0787571581988553,4.484132994686516,5.506648351957393,1.136534816662977,0.0,0.0,1.6288786953972857e-05,0.0,0.0
3063000710,2005-06,Northern,5.10315322540414,8.806465903721687,7.198965616921435,7.486747350342114,1.3186898481211113,12.039011483270183,4.702491898488142,6.967344233811759,5.625683366275643,7.965385916505072,2.562128379860644,6.498586346815095,14.7723310325965,18.821472521911748,4.228883883186508,0.0,0.0,3.668819924847094e-05,0.0,0.0
3063000711,2005-06,Northern,1.4422896073882474,1.7806586418525976,1.9976056429442743,1.923736793130696,0.4078601115292353,4.167805117757011,1.6344304451608194,1.599971969606511,1.2670705568073948,2.3817585635002114,0.7474637823291996,1.0758052431589435,4.129034843574692,4.802895060222201,1.1096935828803471,0.0,0.0,1.527459785583805e-05,0.0,0.0
3071000201,2005-06,Northern,2.426656205490966,3.7549237086892653,3.39871716826484,3.5273713637038733,0.7237340189994063,6.673267490560724,2.647286689052741,3.138591209317981,2.3961537810214097,3.609704984359465,1.1530831644766901,3.151602957704408,6.518137532722832,7.718697199052578,1.8121140019154964,0.0,0.0,2.1223838023540142e-05,0.0,0.0
3071000202,2005-06,Northern,2.8964464820753943,4.28240855026101,3.959058220840212,4.237108729582068,0.7864063750643389,7.2509261132586635,3.8817143311935327,3.5754032175186903,2.6978141648124976,4.398584638610743,1.3208668719092571,3.4669053797550826,8.125180374192276,9.993292431139572,2.09853987177331,0.0,0.0,2.8004347688488594e-05,0.0,0.0
3071000203,2005-06,Northern,3.8253294408691683,6.012677851616244,5.4753991546955945,5.574233940798231,0.9718035984268917,8.935208523191289,3.772346041368502,4.914351367152734,3.7965196571324693,6.000874913104819,1.7825191842770312,4.019081093649365,10.825341658515956,13.570229926749674,3.1126813469665073,0.0,0.0,2.214114246394631e-05,0.0,0.0
3071000207,2005-06,Northern,2.7407766669947327,3.806361723735881,3.781645359992987,3.4812311003455174,0.7793622069326398,7.5700735287817436,2.297767569089686,3.3542773076600323,2.6920582145353618,4.164796292543885,1.3925275292934398,2.6462205149114957,7.309139832975212,8.910809608497551,2.2115546053278874,0.0,0.0,2.7160552158196682e-05,0.0,0.0
3071000208,2005-06,Northern,1.6039952641060926,2.614828171197948,2.3153052174182833,2.5120729849679724,0.3836912536721022,3.5717405063384344,1.6088983931227279,2.013891693722879,1.6145350531000566,2.693261304412641,0.9089661139780386,1.4967839532374785,5.046683369033791,6.745441842626607,1.3268005462589574,0.0,0.0,1.649753429646089e-05,0.0,0.0
3071000209,2005-06,Northern,4.622468765910385,8.203263794622588,6.434041252732616,6.947469222739253,1.065962447184392,9.965728711717853,6.295631229492443,6.021298758587402,4.826478506229891,6.559718935694488,2.2740174714626136,6.928328081208018,11.993807914792281,17.058396826369886,3.3803675306717054,0.0,0.0,3.9492284218273334e-05,0.0,0.0
3071000210,2005-06,Northern,3.17874986401157,4.80446308926097,4.176398326936334,4.4278663129376685,0.904567906140017,7.9674042417050694,4.006137499091208,4.033207601837933,2.7974275525161767,4.883656999733801,1.2760154956652692,4.119450110140668,8.900422264544197,11.100818621835698,2.3115283956573656,0.0,0.0,1.9810773886668116e-05,0.0,0.0
3071000211,2005-06,Northern,1.7090645377821476,2.1822761858166144,2.3985505231202757,2.1972749932844455,0.435379176065637,4.645042472157286,1.5556951481692511,1.956445098209758,1.5373878275372423,2.6579011568257505,0.8071712435950347,1.3511607231583418,4.57644334390121,5.491774172103734,1.2658514890126304,0.0,0.0,1.435756234423829e-05,0.0,0.0
3071000213,2005-06,Northern,7.582825243078848,11.472612338285934,10.320071046548865,11.36561590430319,3.0246912399524897,22.16206869035917,13.880329370439364,10.494161342606986,7.3312582723582205,10.976425569118847,3.1888807377403987,12.030577657799192,20.355524606949018,19.527444882473933,5.3631219880126775,0.0,0.0,7.390769803182331e-05,0.0,0.0
3071000501,2005-06,Northern,3.290054998856571,4.658530550222255,4.718768569478904,4.591822604082052,0.8759172379761504,8.501465321627766,3.6228390978191163,4.052709121003677,3.192922656238168,4.995957732206083,1.5597208886826597,3.3421537635942515,8.450068814822323,10.464979717810225,2.4877107853040084,0.0,0.0,2.398474897474166e-05,0.0,0.0
3071000502,2005-06,Northern,4.816382372878567,8.16982680839194,6.866984764493709,6.8308524681962,1.202348093507509,10.216189304317403,4.0601352646874105,6.341719584733283,5.043238217480048,6.86712850509165,2.415368271960833,6.273541266532258,12.479996438790092,16.140999937210307,3.703254259695803,0.0,0.0,3.559499236214273e-05,0.0,0.0
3071000503,2005-06,Northern,2.189199476764887,3.153773086665955,3.031280019205935,3.1281102051715766,0.5698653612532799,5.546488210092981,2.3632298356136667,2.665065909015848,1.9976095156468119,3.357561485587852,1.0075616859375163,2.308907711710273,6.035659203523206,7.40619081904901,1.5725187048538103,0.0,0.0,2.0774584176435468e-05,0.0,0.0
3071000504,2005-06,Northern,4.505639263045011,8.669477494421566,6.25189720915866,7.170230111747091,1.0349149264524247,8.401242781525092,5.078111548295091,6.1135087305641385,4.7480258564200275,7.507134287115095,2.6068648589454577,5.011450492415419,14.37602543700747,25.20986670080931,4.210019353590219,0.0,0.0,3.8402104515798315e-05,0.0,0.0
3071000505,2005-06,Northern,2.536713496855903,3.705965441048133,3.447809383340271,3.3928062107322976,0.6998885824604769,6.078127840048502,2.6378938934194576,3.1016930226809927,2.3951899645900623,3.7650792670071755,1.215887936440032,2.9182631240408794,6.873057384765736,8.37513805842928,1.9061735096517112,0.0,0.0,2.4887904568640038e-05,0.0,0.0
3071000506,2005-06,Northern,4.173103301042847,6.898569356625164,5.707598367295071,6.2563913172865435,1.1675061012867496,9.317855644362156,5.707540751496221,5.535081522346342,4.149686222944205,6.250512493539725,1.9609203342836639,5.9487145002157735,11.82592230508537,14.765855731050507,3.156578305774381,0.0,0.0,3.594977646118532e-05,0.0,0.0
3071000507,2005-06,Northern,4.783468825865868,7.060456421674565,6.665684116719426,6.070690584430208,1.2285157837473166,11.575389017614567,4.880374923974745,5.83632312314018,4.5976545655202035,6.4642634512539905,2.1253578011932133,5.89156368357543,10.837321788537448,13.756230301055641,3.6274019912741773,0.0,0.0,3.267695084839099e-05,0.0,0.0
3071000508,2005-06,Northern,2.709948557381518,4.551140205457076,4.086348999060878,4.889158556029388,0.8061770828978296,6.563516121467498,3.203165287695171,3.6623091434079087,2.908185737301823,4.437245729491499,1.3841158876759223,3.2937936056318113,7.97240349482688,9.305500031558545,2.1224984230218396,0.0,0.0,1.917876921949534e-05,0.0,0.0
3071000510,2005-06,Northern,2.7763738533243676,4.175206661453451,4.1256492357215215,4.5481666480334395,0.9002796652957407,7.705701390394332,4.1712759127773715,3.610225493985173,2.7816769303423716,4.365221250745483,1.423028741509714,3.445609577156728,7.291713323248843,8.65416688892086,2.0391751674110163,0.0,0.0,2.587097270582599e-05,0.0,0.0
3071000701,2005-06,Northern,2.9704433240611356,5.4165674514796605,4.2637182489144045,4.772523542895227,0.7408768793314782,5.808648856005904,3.144901387917066,4.058094834904622,3.125896488397971,4.724910286401389,1.5990855484284323,3.82974699391739,9.077187919239519,12.729888045659674,2.375403450737743,0.0,0.0,2.489616115969448e-05,0.0,0.0
3071000702,2005-06,Northern,2.509331106657987,3.955726942701289,3.5729463964878847,4.62149328267846,0.693938164574025,6.372478143397927,3.375954577102804,2.948523661323397,2.3916998745903792,4.320223496713744,0.9844188969965652,2.984773300594346,7.41736703100234,7.499185599340722,1.9436387713262964,0.0,0.0,1.6578893017922e-05,0.0,0.0
3071000703,2005-06,Northern,3.7230682254112675,6.059352829923179,5.179588263702233,5.752016831485592,1.0248140641436911,9.494147064211003,4.92482258442146,4.905799553253088,3.7722278579837756,5.680539462490503,1.6577825756661324,5.355767205845646,10.668956098582667,12.509670301796172,2.7115595228225664,0.0,0.0,3.0481135227604883e-05,0.0,0.0
3071000704,2005-06,Northern,2.8761247349353884,4.4804212106762,4.0387683134916035,4.493932626735668,0.7480198746923312,6.882321226565413,3.1224273289707556,3.582707065687862,2.8139086618532785,4.472782832343929,1.1936598464828942,3.427427492325776,7.817370000404024,8.56722523949568,2.1774452126605106,0.0,0.0,1.6606712429250437e-05,0.0,0.0
3071000706,2005-06,Northern,3.248346310825625,5.472979810187836,4.406786059228844,4.799319295209585,0.8590342726383762,6.778385550084198,4.069935283214857,4.273044066023028,3.179272489023786,5.03317579344181,1.5831610886266414,4.306174533138939,9.673586778516507,13.067157785578786,2.5727942746539965,0.0,0.0,2.9718349627717134e-05,0.0,0.0
3071000712,2005-06,Northern,10.738816520254941,21.79722392676161,15.123371410180173,17.91610930982752,2.7807228286791927,25.721638141010988,16.616010196820437,16.57289875837999,12.536434704324313,16.98805436723996,5.543000855217318,18.0297668093283,31.398959994618046,45.52263359629068,8.719091786960199,0.0,0.0,8.092741646448914e-05,0.0,0.0
3071000713,2005-06,Northern,3.1180688467883955,5.332965736203393,4.247739991553914,4.635476089043764,0.8400529772725998,7.249897483574771,3.6882675105758254,4.200835823708792,3.0721560493420563,4.493755363132374,1.3548772803549267,4.788918627157219,8.367134217984395,10.214807315718396,2.3030951463011102,0.0,0.0,2.203070278512139e-05,0.0,0.0
3071000714,2005-06,Northern,2.2689638412703355,3.1768091485822416,3.095321566024506,3.073890359531662,0.683467016278702,6.590913387358201,2.3710867899922343,2.769182654848986,2.1404013736833325,3.4169712617033863,1.0385238783671253,2.5931804944693377,6.215790226068388,7.266549539204985,1.6744043496685999,0.0,0.0,2.192598541761543e-05,0.0,0.0
3073001202,2005-06,Northern,4.815790662446874,8.24052586346426,6.77614980055631,7.037682601471997,1.2405248002469553,11.403432225105648,4.432209738269404,6.526613770262332,5.2811595209305775,7.544284895010365,2.4271237512807864,6.030981255640294,13.951351052231336,17.788993531197747,3.9922408489971914,0.0,0.0,3.576838405587416e-05,0.0,0.0
3073001203,2005-06,Northern,1.4188764569614873,1.9719189654338056,1.9912363471451489,1.9423336695265736,0.36383847391312657,3.6543390885453406,1.3937689801610005,1.6460046526136973,1.327899530290997,2.2794222532670445,0.7260589804719709,1.2295866994613809,4.041067337246933,4.935192109168544,1.1310018165293727,0.0,0.0,1.308230676383202e-05,0.0,0.0
3073001204,2005-06,Northern,4.227459852864668,6.604520396572405,5.9777123773498735,6.481838800061798,1.0684462629464586,9.688609618224543,4.448713305886447,5.371399251987513,4.148486848628076,6.755677813513462,1.8098431078951058,4.361203317080672,12.274003356944503,15.285107829712237,3.372374219028953,0.0,0.0,2.4030454771062197e-05,0.0,0.0
3073001206,2005-06,Northern,3.5377875222076898,5.491105249005636,5.126138380218587,5.296537722152373,0.7986633470829446,7.7257208127843455,3.863107717247027,4.4144644274165055,3.4333685361906925,5.5125115301074805,1.6876007405362299,3.4929114897056577,9.616637470108271,13.33383486111734,2.730662985518248,0.0,0.0,2.502654292326098e-05,0.0,0.0
3073001207,2005-06,Northern,3.0029703415311846,4.755020107518372,4.285741586190995,4.7695843655554535,0.9158633337691767,8.145118531591265,3.8472028822538658,3.9638403133761444,3.1432778542051474,4.778039245934638,1.4475403042867685,3.862467327619428,8.862764788861785,10.284269551043428,2.3397417963484584,0.0,0.0,2.2661012002420747e-05,0.0,0.0
3073001208,2005-06,Northern,2.879231433495864,4.625450557056928,4.219327980077844,4.832680723036902,0.8690676775378522,7.47414830376448,3.9090045759579914,3.8585146702271595,2.914831291852353,4.62544953456315,1.4854009994133694,3.549554222328872,8.342310479338645,10.317385207557265,2.171445027856942,0.0,0.0,2.5553760028570933e-05,0.0,0.0
3073001209,2005-06,Northern,3.41826282048374,4.758367110375886,4.789518106888612,4.688485146367084,0.9340809253084262,8.960014589589079,4.016357205898615,4.151902505461429,3.2227048778587553,5.269329900381508,1.5952676932699459,3.355929392987831,9.097316615735377,11.495533604842912,2.695346206995659,0.0,0.0,2.4860158137335294e-05,0.0,0.0
3073001210,2005-06,Northern,3.8969472121061113,6.032313565323842,5.752891782437906,6.405686077763225,1.05243224557753,9.561087902245191,4.062331659670785,4.853531326513006,3.76802196182933,6.182841464516012,1.671329021246572,4.067153617201603,10.328958259426496,11.214313094357683,3.0395820618626535,0.0,0.0,2.2435291548767978e-05,0.0,0.0
3073001701,2005-06,Northern,1.6767737300147234,1.9939178906573676,2.276027899949232,2.0427460897279293,0.45566945910985457,5.133432745340127,1.6903879391914618,1.8530861532504832,1.4354477068526625,2.623245607534051,0.7581785268286984,1.290705708561322,4.495596491813528,5.495857721842118,1.2397818704673964,0.0,0.0,1.564279599025686e-05,0.0,0.0
3073001703,2005-06,Northern,2.64773737799318,3.512143631244362,3.709217606457374,3.6865497126890285,0.6659889545995168,6.79053331694756,3.113786376245498,3.0418052801630817,2.3030685547585237,4.119555422199395,1.1341463561501246,2.4161890334222558,6.7350882484157655,8.627272736553065,1.9039098902420133,0.0,0.0,2.511960559381088e-05,0.0,0.0
3073001706,2005-06,Northern,2.0669654282785697,2.9695968238640504,2.8063121338099686,2.748683710446486,0.608500717756898,5.380545908065603,2.0137771291431315,2.527457529492204,1.9830349592939898,3.167175415650127,1.0255146538347355,2.2608729540960497,5.830040067357158,7.053626299475841,1.626271278172518,0.0,0.0,2.0901574964043446e-05,0.0,0.0
3073001707,2005-06,Northern,3.6481506742250844,5.563015697077245,5.12105581330065,5.427216939003108,1.019513178474447,9.275491042029271,4.038419509201736,4.741762029093411,3.6030157850290974,5.907326376044874,1.6629282797242428,3.8422678169503706,11.209371881434059,13.707211205707202,2.9153022816688567,0.0,0.0,2.194076739861946e-05,0.0,0.0
3073001708,2005-06,Northern,2.9375272583871137,5.019057032964489,4.3425364480200965,4.7299941265091725,0.6965548335836238,6.189102633688943,3.1415347661204,3.8559327427970183,3.095176395994316,4.882605509769492,1.5840760393657998,3.166791983629574,8.589235719504533,11.782627257945158,2.400227246102734,0.0,0.0,2.4810826432285227e-05,0.0,0.0
3073001709,2005-06,Northern,7.472069769646747,12.67290463955842,10.596684369361155,9.99759071591243,1.9186687091027068,15.882011656366569,7.580872397088479,10.059498207478288,7.579738540147812,10.153224598904902,3.319879587422375,10.68924259728199,17.987934946945565,23.982029875111365,5.888707339213068,0.0,0.0,3.7300083817216614e-05,0.0,0.0
3073001710,2005-06,Northern,4.239100720061808,5.923139764614968,5.907536892287705,5.532997339937168,1.0944706763395085,11.064950056496391,4.246881825259446,5.160994977450284,3.9353605812991788,6.331810754067071,1.7954511615506072,4.269151351195271,11.289710313954386,14.591018933977532,3.2643636465202093,0.0,0.0,2.5695399682707792e-05,0.0,0.0
3073001714,2005-06,Northern,2.3492135897384836,3.432424739271389,3.177596990754732,3.2527600429685943,0.6633663040673203,6.157705930322743,2.65142348082958,2.911996407939864,2.1861298786897474,3.6020124071071535,1.0732395729246815,2.753296324958425,6.662889877729992,8.19470517553382,1.741875535275786,0.0,0.0,2.3287532051670163e-05,0.0,0.0
3073001801,2005-06,Northern,3.1654776365645625,4.377378226123447,4.28824812134821,4.07625672605775,0.7494265347129803,7.652487882602127,3.3484804737212297,3.732487974663525,2.79348161114582,4.8914234096002644,1.3756502632419196,2.8938104704791328,8.706675879723614,12.080147810219705,2.4646467492980833,0.0,0.0,2.332177938437535e-05,0.0,0.0
3073001802,2005-06,Northern,4.869701069930325,7.291989543985415,7.146604613087258,6.851339533068208,1.330305831720774,12.024514810592864,4.4154732974029125,6.407541604234126,4.8739089135865905,7.110755624198146,2.20414138725013,5.506582074554372,12.370784556865432,14.397162910182127,3.554893808490141,0.0,0.0,2.5897554841878503e-05,0.0,0.0
3073001804,2005-06,Northern,1.7595043263560284,2.4456374281998663,2.476083822128737,2.5223610443694913,0.42548817550642076,4.1818824036851865,2.106007135970951,2.005465569422771,1.569117087865803,2.763218606296979,0.9137946487386397,1.52148640922,4.78824980127628,6.234123845778476,1.3339843705216752,0.0,0.0,1.7784536013170923e-05,0.0,0.0
3073001806,2005-06,Northern,9.967253057054354,21.83710155891271,14.100019602523755,16.705831183009508,2.5091438755909063,19.159500711137234,12.5250825339343,15.522049573634593,11.533675221665135,15.895147361024888,5.262149350056029,16.230801988828837,31.159726366175043,51.350682160278694,8.86666974042863,0.0,0.0,6.332515129704143e-05,0.0,0.0
3073001808,2005-06,Northern,3.5791531688761857,6.076100210954665,5.057598802882261,5.407310596522376,0.9614914451449369,7.661447238421572,3.614372922693638,4.782433638614172,3.6744831310050077,5.473194549524785,1.8121456632857407,4.514579591586263,10.394277403872671,13.424416613307798,2.881627299326186,0.0,0.0,2.6335117429677792e-05,0.0,0.0
3073001809,2005-06,Northern,1.9850893633701177,2.820440560146159,2.7983893581673116,2.772249877543105,0.459442994640191,4.393005268914709,2.3106243600763885,2.3168258161518325,1.8136168459922606,3.256357318702398,1.1003178575845625,1.4914118615384937,5.73841941716846,8.003481004569863,1.629178514652435,0.0,0.0,1.821184217634775e-05,0.0,0.0
3073001810,2005-06,Northern,2.306744062149041,2.942376614447585,3.254226698783046,3.1116955014098133,0.7020729177117561,6.928729640344698,2.8634500522594863,2.7302620419179915,2.111949883794104,3.578297297304649,1.1154835590602614,2.1609608536436347,5.853287201133596,6.864382413424381,1.6870942562054643,0.0,0.0,2.408962340874876e-05,0.0,0.0
3073001811,2005-06,Northern,2.54598863202332,3.2997989262993426,3.518152264760072,3.6166821341990536,0.7373408887622503,7.528099937349642,3.38779230979287,2.9781537203233044,2.213583650108752,4.0725089537647134,1.101970134804005,2.3296213455342745,7.041344774065153,8.612491468092193,1.856209822471618,0.0,0.0,1.9310574703984285e-05,0.0,0.0
3073002002,2005-06,Northern,2.152804314612186,3.1462818415455307,2.955698876838333,3.2135866095632473,0.6457022487818378,5.905547692753469,3.1247538599688753,2.7095041678801004,2.0065344980485595,3.407623883727521,1.0061140468530612,2.587237499984881,6.238072296020296,7.497384937691666,1.5589567171443095,0.0,0.0,2.3192251280394507e-05,0.0,0.0
3073002003,2005-06,Northern,3.1676056228506764,4.342894579292386,4.4176416967587295,4.649495726945945,0.8549500232527147,8.823726162597646,3.6317958266694603,3.7965653180634225,2.9638343156312557,5.150323659377252,1.3228964106781373,3.0855957880144578,9.001782837227438,10.26881206076572,2.3098199142303595,0.0,0.0,2.867425769345161e-05,0.0,0.0
3073002005,2005-06,Northern,3.442704972165803,4.782544260327818,4.858617933293322,4.701373272839447,0.7803308702664021,8.116996719247195,3.9898958378809115,3.8880812173643866,3.169433383749578,4.944837782439189,1.4410532659309092,3.5098829790564032,7.975051560677256,10.357164149637047,2.4967037762648547,0.0,0.0,2.466552578801534e-05,0.0,0.0
3073002006,2005-06,Northern,3.351351552501962,5.043293682134854,4.612140815694536,4.702571030942594,0.8519688464935509,7.927710785168811,3.7560850025036787,4.133405181813024,3.0266405054456342,5.106150519695405,1.4919430264909095,3.639462663117804,9.159537702531741,12.085388404203645,2.5958747661670665,0.0,0.0,2.2920727858979032e-05,0.0,0.0
3073002007,2005-06,Northern,2.452338693388346,3.7724334351790927,3.4779152147200487,3.4071430688102122,0.581229297662926,5.33385900947703,2.1480695287096516,3.0186036922478308,2.4620423546299497,3.9146803515694257,1.4092531852411712,2.156536937832105,7.068788531268874,9.737374270042945,2.0391239515896924,0.0,0.0,2.443634795683008e-05,0.0,0.0
3073002009,2005-06,Northern,1.6332036059168182,2.1566527801951443,2.2067941087198926,2.1979922896568893,0.4740170757313319,4.821168287419742,1.8978207172048531,1.8970518189631795,1.4790400659115595,2.5131699752326275,0.7703850581000576,1.6903520970166503,4.507772283704763,5.2732874058948855,1.17359980766666,0.0,0.0,2.0634503693628716e-05,0.0,0.0
3073002010,2005-06,Northern,2.7600991769334136,4.590126323982416,3.9374265532877866,4.261060477315586,0.6636882007115261,5.888041453904493,3.1515214944433905,3.4841146586985388,2.7530334735434843,4.3709014928904475,1.3937555772609163,3.14153767587118,7.80443182770965,10.319376736648858,2.2514048148802077,0.0,0.0,2.1398173476187385e-05,0.0,0.0
3073002013,2005-06,Northern,1.5953105458772356,1.7599880028598895,2.1660169991169798,2.11850321230703,0.4971690687116916,5.101262383693213,2.2323498028598143,1.7007674125157752,1.3295151025438088,2.559958725284136,0.6856211362066994,1.207144617632387,4.373880965524704,4.604238563199138,1.0821890448563745,0.0,0.0,1.9523922781335437e-05,0.0,0.0
3073002201,2005-06,Northern,1.9151978207303957,2.6629276666733066,2.5837234489481657,2.614025927095199,0.5631792534978265,5.048532828044791,2.115226246565956,2.299196334372771,1.8050359921681016,3.103447748897006,0.924535148391498,1.982120097638986,5.760395060532815,6.571238020945666,1.4816646029465863,0.0,0.0,2.083021630206668e-05,0.0,0.0
3073002202,2005-06,Northern,3.861251248221657,6.182154894627728,5.279286168727405,5.725013968191637,1.0754694693191977,9.426673444379073,5.201602490298692,5.099423002249918,3.708632532945486,5.779021784410725,1.6879622840299697,5.435346752977603,10.897174023874133,13.488894671749547,2.7906236848904826,0.0,0.0,3.209932303422498e-05,0.0,0.0
3073002203,2005-06,Northern,5.18187548305976,7.191701913493994,7.175135014331438,6.369604294832142,1.2761884715494722,12.837900629348342,5.21436293217985,6.199685604139276,4.829068825863095,7.163103031253937,2.2116698989669277,5.552742494114324,11.875089853418537,15.20281799578777,3.883547532891426,0.0,0.0,3.3340492043320106e-05,0.0,0.0
3073002204,2005-06,Northern,2.269088810510984,3.0337306065797733,3.1569493778662165,3.1139222810864284,0.6265069999096429,6.095432307490286,2.7921667924582287,2.689905243584741,2.0527242928049025,3.6809080307919175,1.1032607417107188,1.9369410843470871,6.40718450658543,8.096532245588923,1.7905347965771756,0.0,0.0,1.9035355808295072e-05,0.0,0.0
3073002205,2005-06,Northern,3.6654921729931242,5.817801545143078,5.00284244774605,5.416797666782186,1.0183740213824966,8.984589279575586,4.933262906235903,4.805501774345383,3.5043148642001127,5.504597252139485,1.6075715170205855,5.077845025085956,10.360251997104928,12.834527279097667,2.6496833779301037,0.0,0.0,3.137643785535098e-05,0.0,0.0
3073002206,2005-06,Northern,2.5770049422561128,3.2592086587782227,3.4689845138407693,3.0764361415734305,0.5682476386059119,6.534683730464692,3.5899429408930392,2.7963679434757385,2.2321700307929127,3.7630646800011216,1.208934986388223,2.21673971050092,5.935886649589,8.22823420355007,1.910110842281858,0.0,0.0,2.8599980065623182e-05,0.0,0.0
3073002207,2005-06,Northern,2.736343546236408,4.014031128987013,3.7407524985958083,3.4778570197093255,0.7027303405594426,6.494962528705985,2.640063518623211,3.3634603546545776,2.5138888623146514,4.021069809899479,1.2501389198379975,3.021850617628219,7.061407958274103,9.014374258880746,2.091602827438059,0.0,0.0,2.0287923804259558e-05,0.0,0.0
3073002208,2005-06,Northern,5.149923643768741,8.606061241200202,7.218740217297082,7.323148238140931,1.2643029870287705,10.510830334370818,4.684458831409584,6.750989871631671,5.2354977914405945,7.883963284660494,2.660756943222061,5.5041743834591745,14.700608072370049,21.105379915412502,4.463250999398484,0.0,0.0,3.493640456473274e-05,0.0,0.0
3073002209,2005-06,Northern,3.870316278286644,6.075362736171172,5.619107505894192,5.763224728731518,0.9974246824372643,8.582843008737639,3.800521557759085,4.9453830235906455,3.76511577907803,6.032538384570216,1.7791595400285996,4.093335702595417,10.308630194957058,13.324906874687423,3.088313862169523,0.0,0.0,2.6595541952143643e-05,0.0,0.0
3073002210,2005-06,Northern,3.923367602607248,7.19488818475054,5.495877062353443,6.155338425209997,1.0112057219452788,7.744440790549148,4.450063387488147,5.4395317409521615,4.069487881496801,6.079596779387371,1.969956541496201,5.555279053127444,11.803034204004689,16.23382351326416,3.1226805233406654,0.0,0.0,2.9862262753592653e-05,0.0,0.0
3073002301,2005-06,Northern,2.0258009164804327,2.8750908602542222,2.73895220369949,2.508550421547711,0.4211759169821294,3.999900811788334,2.256497726232476,2.219040972170038,1.7630802815018485,3.001576683518895,1.0509702072161728,1.7648153041969532,5.159959839075193,7.88974955555757,1.6288009682782616,0.0,0.0,2.1333884335542075e-05,0.0,0.0
3073002302,2005-06,Northern,2.1056757843041987,3.305003031526273,2.9255020840814563,2.9530841942484725,0.5790933197948674,4.898859685520258,1.9822944662903923,2.6937234196950723,2.0832344994925083,3.298111080385836,1.0917144738892073,2.3557404524577756,6.210902761971222,7.9184781885627675,1.7004400998615767,0.0,0.0,1.9609186050367263e-05,0.0,0.0
3073002303,2005-06,Northern,2.4527203518017857,3.7069445138708392,3.3235196702601866,3.529969242305594,0.6675292910670982,5.697201397183796,3.332717132925365,3.0255827718179322,2.3318549324332873,3.79061201531619,1.2102514810351235,2.9354137259134205,7.053569099544096,8.836801779558083,1.852134251574476,0.0,0.0,2.827900638303554e-05,0.0,0.0
3073002304,2005-06,Northern,4.524885288193313,6.872045826925552,6.594136822712966,6.767263838680192,1.3422249886324915,12.259835792663637,5.415372804237486,5.9610957460533935,4.585596406361356,6.9674079261022115,2.069729492737866,5.545760001570417,12.054550474928005,14.099609923286806,3.4320609966787483,0.0,0.0,3.042581112495663e-05,0.0,0.0
3073002305,2005-06,Northern,2.1268342541566163,2.55996713871489,3.057886555682133,2.7801731971847325,0.5260840870046887,5.387911597653555,2.136727425237628,2.3004529969023904,1.8855925883046973,3.3426135317655774,1.057901997346312,1.4949210693965083,5.017557620054975,6.082064691324629,1.5163887976999577,0.0,0.0,2.6043102172124874e-05,0.0,0.0
3073002306,2005-06,Northern,1.621668989559203,2.315316753661273,2.1874072777917193,2.2724634907632524,0.3924436604213038,4.079630256961179,1.8521984920641634,1.8741396373295933,1.3969526303678514,2.548016088165061,0.7213146782293366,1.641921400925482,4.50898337809982,5.740639618074509,1.2044004652983764,0.0,0.0,1.5262381788315833e-05,0.0,0.0
3073002307,2005-06,Northern,5.865062258585525,10.770882100179792,8.14134122568532,8.718240312683804,1.6188781768195557,12.027992840061124,6.138248828291262,8.376392221957754,6.059783917086743,8.723648555332483,2.7543995486147765,8.729291415649284,17.191294509981052,22.737604548326644,4.800322018990766,0.0,0.0,3.31521472181196e-05,0.0,0.0
3073002308,2005-06,Northern,2.5020058262045244,3.7514136345996536,3.593787438607118,3.541159910230386,0.6650207118224136,5.920974253736738,2.215649186814566,3.1769914472733096,2.4968297063155465,3.9667679232988737,1.3204324025527456,2.3103513399644795,7.36990669486619,9.189945110821553,2.019551042837564,0.0,0.0,1.9188325239362846e-05,0.0,0.0
3073002309,2005-06,Northern,5.341908384432922,8.169790649683117,7.7120504092780156,7.465728769896937,1.588629005806886,13.76904802938239,5.350778089719746,7.140551251144731,5.25225041398166,8.024524170089144,2.42057711271046,6.194815097897463,14.671113184104431,17.782364460404448,4.193875822696716,0.0,0.0,2.8545441761261657e-05,0.0,0.0
3073002310,2005-06,Northern,2.9017718690640146,4.201264131757395,3.9573323142605497,4.215218434470231,0.8355788677628151,8.154370105157248,4.236145056538259,3.606133174310566,2.7100760982085994,4.332111001604347,1.2698165143845055,3.7368302805239044,7.902783088301523,9.167621143897628,2.0102640868516417,0.0,0.0,3.0296654993090015e-05,0.0,0.0
3073002501,2005-06,Northern,3.085971451194917,5.021650633572275,4.194139883163803,4.356309827682381,0.8614997888860593,6.965831556514754,3.2607369724703315,4.052480418389697,3.035619358218698,4.727976392714571,1.4924165017721345,3.954482181388514,8.997439964871242,11.619520927303224,2.470664987061629,0.0,0.0,2.6213947148797988e-05,0.0,0.0
3073002502,2005-06,Northern,2.7359302939643366,4.18464171105533,3.708604423466255,3.972666305701907,0.7137053303206932,6.360261484342143,3.4498888346971444,3.4136023579320964,2.528773995751829,4.238214512487659,1.267191978390571,3.212868493024039,7.974820436423229,10.389947052098755,2.0483954276546505,0.0,0.0,2.587719861990634e-05,0.0,0.0
3073002503,2005-06,Northern,4.3633114641821145,7.487346015613566,6.001677762860313,6.631869734330596,1.157262158134705,8.93779101010366,5.483720552883091,5.8138157413611475,4.354800111860882,6.617714049340793,2.110788402484012,5.941779760601374,12.707950810826626,16.9282716903268,3.462091973763876,0.0,0.0,3.36477261600555e-05,0.0,0.0
3073002504,2005-06,Northern,2.099040400226131,3.1291351688359224,2.9924906228047714,2.9771270859469796,0.46210350293248675,4.655535215313089,2.0207740939248287,2.511311137828268,1.9769466155409794,3.3900787790749334,1.0617488577304401,1.7604847821717278,6.010146855537489,8.012120816544833,1.6727561398642201,0.0,0.0,1.74772802969019e-05,0.0,0.0
3073002505,2005-06,Northern,2.409374219081086,3.6247310569309277,3.3539513740978117,3.5507081193398484,0.6447597008219281,6.1545993748702505,2.697184199713616,3.040117326997467,2.3206135103294017,4.047353017348117,1.1899285856536554,2.336963257635103,7.576729120883294,9.722761080052928,1.9525904664957676,0.0,0.0,2.1680089607939445e-05,0.0,0.0
3073002506,2005-06,Northern,4.849178092761945,7.477606700841393,7.072118084350233,7.344663393119362,1.3102130545910997,12.101715123194571,6.6123427010523566,6.341130467027841,4.927852420947286,7.412294056629785,2.2805625769986357,5.7715113724182086,12.678966807644079,16.084504966623832,3.6857178965723505,0.0,0.0,3.152771900158954e-05,0.0,0.0
3073002507,2005-06,Northern,1.6020680797970683,2.263317561953674,2.221585549575233,2.24689670038121,0.41557812277634154,4.068784627770467,1.7547259414130456,1.9164446586257273,1.433078191383465,2.4780152099674955,0.7560000792392805,1.6317788878603394,4.306355574959584,5.230285113044736,1.1790014838087848,0.0,0.0,1.5168801799169686e-05,0.0,0.0
3073002508,2005-06,Northern,3.6237455258607767,5.787260816293536,4.9789901931258145,5.169739567223805,1.0673422637647256,8.715697426637643,3.945211165591231,4.772536850018282,3.6316033633056457,5.405264056841798,1.726530703129873,4.8548199649807815,10.121226162478786,12.331988595398093,2.817380412142913,0.0,0.0,2.9670220688966632e-05,0.0,0.0
3073002509,2005-06,Northern,2.683402271871412,4.16388561863885,3.8634955843103795,4.1241121752371175,0.6993368070605803,6.862827524199486,2.7681532055020397,3.438819304953591,2.569841533643153,4.221460967800892,1.1591256873823952,2.941300642732277,7.295848410187394,8.573112094009637,2.044612132128888,0.0,0.0,1.7951626899879018e-05,0.0,0.0
3073002510,2005-06,Northern,4.162846590374371,7.299307767728593,5.6976607302341025,6.515142818871795,1.1726551149359572,9.110497823004863,4.948371315345348,5.7203748749126415,4.36876149685115,6.8181951981325355,2.0579536125063567,5.791994468171718,13.26091164394589,16.129258121589455,3.4402204609034905,0.0,0.0,3.775126008143644e-05,0.0,0.0
3083000101,2005-06,Northern,10.551148995442864,16.733811090958245,14.628827611835794,16.038936598973354,4.2707481356572385,30.085222559498142,19.515217914770172,15.2536801765177,10.492840851176659,14.943444620257349,4.4062380317375,18.14281434095221,28.116801318218766,26.906094733915655,7.431425011037039,0.0,0.0,8.479392402722411e-05,0.0,0.0
3083000103,2005-06,Northern,3.5620991853468724,6.189748570986078,5.260988238821782,5.992384751861749,1.0223036467815587,8.617559615388402,3.7387815957795163,4.776506679072795,3.8196674677169837,5.7407952546695515,1.6505978149509062,4.499041104461468,10.518529354434582,12.333861831404176,2.979854308870987,0.0,0.0,2.1988640125042267e-05,0.0,0.0
3083000104,2005-06,Northern,3.440024094811828,5.238120444348573,4.749524950727859,4.640228192242567,0.8649959315961125,7.790854156990867,3.1252367588723104,4.283062416175674,3.387610046275988,5.308532740723769,1.8079956520365486,3.3776259224751133,9.53977336856173,13.008119215255489,2.86778045754861,0.0,0.0,3.161113370848152e-05,0.0,0.0
3083000106,2005-06,Northern,5.12712168790308,7.863088258125516,7.071729783168897,7.055147992404576,1.1819051032792718,11.357976859478958,6.212819371845939,6.437146187994498,4.718151967475251,7.732362260943784,2.1535481120116473,5.626702545488043,13.828097828707056,19.943651988879544,3.96651140039683,0.0,0.0,3.149685396151921e-05,0.0,0.0
3083000109,2005-06,Northern,1.2065933654063379,1.625436922027009,1.6785160788333997,1.7360912244450628,0.3112525771713079,3.2522655211509877,1.2922998397106735,1.3760473541875506,1.0393263893323768,1.9990137259881111,0.5742372383129084,0.9871082126113743,3.4801403961888466,4.254783350412259,0.9053227541456075,0.0,0.0,1.2134950300712405e-05,0.0,0.0
3083000110,2005-06,Northern,3.407556799404974,5.809416573652133,4.894143097803881,5.284379893810175,0.8664729868488074,7.48645912516334,3.597410328315874,4.575423849124092,3.3253384897358607,5.311257568039052,1.6215374548211217,4.13857197370122,9.567119104018989,12.725877760952972,2.688759032873566,0.0,0.0,2.2509052354986314e-05,0.0,0.0
3083000204,2005-06,Northern,2.1490014972722546,3.0775510327493723,3.0219980887704785,3.0118433536860265,0.628136889722148,6.069002318247399,2.1390931223644274,2.676943837026409,2.1744188162773552,3.4966530979022314,1.1151380286963917,2.1011652805090217,6.2835774227989925,7.309870934929648,1.737521571784733,0.0,0.0,2.0932225117152166e-05,0.0,0.0
3083000206,2005-06,Northern,6.07210226408654,8.102720193062419,8.357096940764006,7.586661640625167,1.5113073942574535,15.49160297961615,4.952540096408231,7.201662139576094,5.867030865689378,9.20448279315384,2.66949836513977,5.765773263130925,14.666008837089924,17.644410117510272,4.404081478888783,0.0,0.0,6.222656186698632e-05,0.0,0.0
3083000207,2005-06,Northern,3.8752789498631985,6.474769635369778,5.606338135430134,5.977371870644629,0.8810993010098767,8.300137418698029,3.265608501873082,4.958091756808737,4.234103427742062,6.629038252760488,2.00862459814262,3.7792164119146356,11.615384178142165,15.182109166470577,3.1992115370208203,0.0,0.0,3.4050720695920586e-05,0.0,0.0
3083000208,2005-06,Northern,3.3856769497656383,4.820470502293643,4.73123045500994,4.630535129192564,0.9691445490770514,10.110905696475317,3.491518668205482,4.313507874492087,3.226857233868873,5.216330278521954,1.4662892949941508,3.68268515923132,9.661079221716479,11.90415716233653,2.5205843048012895,0.0,0.0,2.7113430711832237e-05,0.0,0.0
3083000210,2005-06,Northern,2.9617258316524,4.694736570772186,4.020772000688456,3.950673450635503,0.6077765778362995,5.366743152554389,3.0814542596173116,3.432555559670799,2.6574234550673492,4.463580971570797,1.548275182399625,2.7082889295688943,8.060316079248246,13.060220002932214,2.5467423855933227,0.0,0.0,2.286084684685083e-05,0.0,0.0
3083000212,2005-06,Northern,4.63073638143289,7.663361529837657,6.493430361939099,6.46105077758622,1.383399581870589,11.21713852347382,4.378389852252492,6.3842717938264695,4.73187711783272,6.671627087081714,2.2117634571118705,6.476107025016529,12.292609847186718,14.846949684692854,3.556909286944187,0.0,0.0,3.019868308788054e-05,0.0,0.0
3083000401,2005-06,Northern,2.062030511652295,2.9090587572057083,3.0136073890186257,3.137419012685726,0.5890270680634625,5.533796791045439,2.1299292203278486,2.492913838826088,2.0521254483383853,3.3642218521557536,1.0722065933641582,1.8258350100953649,5.699384263657326,6.6760741548282905,1.615754400118826,0.0,0.0,2.1044268720591267e-05,0.0,0.0
3083000402,2005-06,Northern,2.282772924304285,3.5086389121353116,3.109613091707432,3.147430466116641,0.5564853469057556,5.035788621614564,2.2383275893716728,2.780548958033185,2.1179133392677527,3.5958960135006803,1.1870180289333865,2.237933988240278,6.780686657716138,9.581292044191947,1.8651984911289123,0.0,0.0,2.2463942680495457e-05,0.0,0.0
3083000405,2005-06,Northern,2.911910881019255,4.429646391715466,4.102325542454654,4.487015618640849,0.7931202668671709,7.30105030555412,3.824558866819731,3.7296299789470475,2.959968454412371,4.72673194314219,1.482569522318974,3.2538363902258833,8.67701616931374,10.529907614460976,2.2008702127185615,0.0,0.0,2.9568358323647743e-05,0.0,0.0
3083000406,2005-06,Northern,1.7856885607273316,2.8726691960434567,2.5019816582943477,2.6307590812127626,0.410019957625301,3.744338518831474,1.8853184891442207,2.186745216913304,1.7127856251508995,2.89058033063413,1.0036796572665752,1.7526943423997363,5.427341316700474,7.946071813307973,1.4212047994773565,0.0,0.0,2.1611183892784528e-05,0.0,0.0
3083000407,2005-06,Northern,2.6409488951046294,4.318814690418529,3.7382781971029644,3.729153514082262,0.599114969501095,5.215742604421492,2.3206091332329777,3.3214421561385734,2.6227366357117017,4.284023532489871,1.545028679581411,2.2581405068413725,8.038935001634888,12.047295763729936,2.3163039413633966,0.0,0.0,2.286956192320981e-05,0.0,0.0
3083000408,2005-06,Northern,4.3161324612349405,6.6632168830736305,6.276817098819957,6.600466293457435,1.0603615900950072,9.667487389496026,5.107149402038823,5.510136828463051,4.111772752834865,6.744994999227814,2.054081791408633,4.443865983624803,11.832905467038088,16.203916662373544,3.313646614314319,0.0,0.0,3.058092782474473e-05,0.0,0.0
3083000410,2005-06,Northern,3.1346421231410377,4.978442569760238,4.3080034688156585,4.605509566808267,0.7689472451111723,7.200298401893733,3.796254132760267,3.9202862886963934,2.9915642708376255,4.780156292847318,1.5202598718335205,3.7411110917602595,8.861829901674358,12.1882291420237,2.368680366601802,0.0,0.0,3.278808300941966e-05,0.0,0.0
3083000411,2005-06,Northern,1.5806303985861456,2.0764422899332677,2.131194859378399,1.9519398171415585,0.3650993198239954,3.8732023061752923,1.6953445919723413,1.7439866750075188,1.40053242151353,2.442027591003654,0.7858838524354345,1.3280604090321726,4.22111985231097,5.8612990515251004,1.2356925035987731,0.0,0.0,1.6500827159651067e-05,0.0,0.0
3083000412,2005-06,Northern,1.8184781676586905,2.342829685344461,2.449108914450059,2.2567053771543955,0.43364353057700733,4.61379661818445,1.9022882415565587,1.9821990240105454,1.5605982757982895,2.711846104114299,0.853903376659939,1.6040117318951477,4.667780586031601,6.125202419994021,1.355317041417666,0.0,0.0,1.8870024267608845e-05,0.0,0.0
3093000102,2005-06,Northern,2.536881180587201,3.7134558309829595,3.451568156254403,3.337164019335361,0.7277121082510473,6.35833931461271,2.3962328919942504,3.14318241041986,2.43413349660422,3.7629457508422597,1.2143943800688113,2.9215528804430613,6.89525482792551,8.280326161681813,1.9469525411823065,0.0,0.0,2.2705819039981748e-05,0.0,0.0
3093000103,2005-06,Northern,2.1450212005494023,2.7294527513363427,2.933209592833894,2.849012260353954,0.6082728468273845,5.815328567200324,2.3466014288212644,2.4725008794130456,1.8974226579242377,3.37407822004832,1.0417863430427485,1.7671912593468,6.026657944620393,7.165395928226475,1.581688313713525,0.0,0.0,1.785642441227367e-05,0.0,0.0
3093000104,2005-06,Northern,1.5117195099698997,1.8787678582987961,2.0211283105126014,1.9473509841017262,0.38508112593171717,4.272862775043221,1.5710828637046417,1.6785808585812996,1.2885877317571557,2.471057169696344,0.7007927202133064,1.1537334667032444,4.491695754074973,5.575827683490235,1.1092869860920667,0.0,0.0,1.5915994283800193e-05,0.0,0.0
3093000105,2005-06,Northern,9.954212421759168,18.200661799392634,14.579684988916334,14.726327571356373,2.3092353273571415,19.20541914579498,11.305652694078155,13.984446445767317,10.595215921223415,14.423303917364057,4.561639496251622,13.665434570187287,25.838714029908957,38.004370549065136,7.957202858978432,0.0,0.0,4.3102935215546066e-05,0.0,0.0
3093000106,2005-06,Northern,3.492293024168861,5.210501559923095,4.732656853305964,4.414730579220185,0.7594228889563619,7.06843553924353,4.159894402584235,4.0485058536541665,3.1506789097958037,4.888933199205737,1.5979672876230961,3.869005488825002,8.215064684262076,12.003169842582892,2.685077521118596,0.0,0.0,2.9896273085051696e-05,0.0,0.0
3093000108,2005-06,Northern,4.22791790791278,5.313579530237484,5.769376552929287,5.10964558452507,1.0277447428504478,11.063006393389132,3.4193090797300485,4.780537942261851,3.962566620039289,6.517477567256597,1.935382777646417,3.5336736375835947,10.295530019773675,12.401337875781094,3.047378126681272,0.0,0.0,5.263832745303155e-05,0.0,0.0
3093000109,2005-06,Northern,2.171840418477624,3.23942277695702,3.0920407354295976,3.1917509332854967,0.5886910661027643,5.740551099305828,2.278940945241398,2.654567222700429,2.102880345240738,3.3844938746976854,1.0192230629733838,2.394853985339766,5.9271760859436,7.060984960822119,1.676695061504455,0.0,0.0,1.8094547219902648e-05,0.0,0.0
3093000110,2005-06,Northern,1.7956915338293802,2.6385661791774266,2.5620457605549594,2.9905814201096503,0.603510746980046,5.65911914468657,2.5590292860416093,2.2531729115204966,1.6639461557461024,2.987642875278728,0.845598952082678,2.0489038840362035,5.136732086323422,6.022699146320154,1.3102568403954948,0.0,0.0,1.762016375701529e-05,0.0,0.0
3093000113,2005-06,Northern,3.774126897786589,6.122065497524187,5.217825998418503,5.122868697117105,0.9263745840347744,8.263439382601794,4.019041140690567,4.763842857698022,3.7114225127096065,5.30593728669125,1.7130474727382756,5.014872901182026,9.395024679437634,12.579591469989715,2.945330281326961,0.0,0.0,2.4925674988264022e-05,0.0,0.0
3093000201,2005-06,Northern,4.054033398286339,6.693215139797514,5.891889868641808,5.951650979520373,0.9404010596482052,8.322729140621535,3.8222421823946306,5.259079725287176,4.122379986897096,6.30127338284982,2.0349872976409613,4.142973372833164,11.330028969825426,15.955743010597494,3.3881969644620344,0.0,0.0,2.475145229330517e-05,0.0,0.0
3093000202,2005-06,Northern,5.828701936023441,7.504627343707747,7.990275900446595,7.736519189912342,2.0352334367168017,16.16237544831449,9.668318299736054,6.953544747102947,4.913921297036289,7.87848470613236,2.298260135983078,7.4028059432652755,11.047140261724978,13.453480468482713,3.809039824596179,0.0,0.0,6.616830447191854e-05,0.0,0.0
3093000203,2005-06,Northern,4.269705055956034,6.53892090527574,5.851626296527945,6.323081537211297,1.268915438013089,11.099541982601663,6.7287237087715965,5.506243283436293,4.190271642093246,6.217504145830615,1.9329496397067525,6.092522778474855,11.396536661395826,12.855468977589936,3.024513880270477,0.0,0.0,4.040926563268805e-05,0.0,0.0
3093000204,2005-06,Northern,3.8477489161802954,5.016597288183156,5.597593689831682,5.140857132193709,1.0053333832546951,9.64372619183453,3.4004307611461564,4.4769163700813275,3.554042103274105,5.742764106049773,1.7098898793473634,3.313467085157227,8.92762514474627,10.580770895465632,2.8047067090674935,0.0,0.0,3.0410230009554384e-05,0.0,0.0
3093000205,2005-06,Northern,2.5575759381396157,3.518207726348745,3.6934062779825267,3.80779967134443,0.7537716521260553,6.895467878789348,3.135493056061012,3.12001346491859,2.4094530747027556,4.09253481834629,1.280709002134811,2.412340572453731,7.032909430058089,8.390718978256679,1.9374882143175973,0.0,0.0,2.1663597191954568e-05,0.0,0.0
3093000206,2005-06,Northern,1.8764265079095543,2.5801476197681597,2.5403149684412707,2.6454450445439424,0.4999214717164099,4.847440762294538,2.501300758146847,2.185071884169446,1.682991569187031,2.920022941624875,0.9031844052220224,1.9309778865822034,5.343594670820011,6.580544896523218,1.3540565175416333,0.0,0.0,2.2911679502100147e-05,0.0,0.0
3093000207,2005-06,Northern,2.476666410775525,3.9814472036695836,3.5538169527933383,3.574177780868395,0.5136525872034335,4.729488863966903,2.4611941682506058,2.996708817986041,2.386683528171077,3.999944083632341,1.4128926753480726,2.0043130281158756,7.151977645063407,11.07489442669104,2.1144062886294788,0.0,0.0,2.008235221660998e-05,0.0,0.0
3093000208,2005-06,Northern,2.7614957433720675,3.9254688128586412,3.918978955912449,3.7419016608557705,0.7308562172140168,6.991518190603749,2.746865370425304,3.403420275248945,2.6456289542448554,4.28438698128157,1.3304897005361893,2.645336416325031,7.460269707827719,9.413998535789643,2.164598706797173,0.0,0.0,2.0214436375438286e-05,0.0,0.0
3093000209,2005-06,Northern,2.1412581764590697,2.8974585936834183,2.983655856279391,2.982844558209338,0.599013406453636,5.6822868498380075,2.251155199595977,2.5190399333036395,1.9389044244436764,3.29776937706755,1.0089398279175301,2.0410443229321897,5.808529026573781,6.797104406935431,1.600522222366754,0.0,0.0,1.670982258640488e-05,0.0,0.0
3093000210,2005-06,Northern,2.4786887351401314,3.6747198290968655,3.6432359424104828,3.8412859473320635,0.7300492981662954,6.63838300139096,3.0558779094598716,3.1429356418440686,2.4738406203425574,3.8960525674207354,1.2656884370903,2.745927879733167,6.662163045637615,8.088169168699629,1.9008662867908397,0.0,0.0,2.1819719243620038e-05,0.0,0.0
3101000101,2005-06,Northern,2.079928874604523,2.8164114214177154,2.9209532241456793,2.9372801460726445,0.5122689784612375,5.126943522389013,2.253460234621989,2.394948390514414,1.8455482523852031,3.3509670275686103,1.0458332410253561,1.6795446006695232,5.85276700898835,7.192244484238093,1.570341315968269,0.0,0.0,1.8565814849734944e-05,0.0,0.0
3101000102,2005-06,Northern,2.10431361440425,3.1525217299578285,3.189122712629467,3.6085286073605936,0.6315291767838396,5.462594265111646,2.651920027244051,2.625987103405798,2.051812277880917,3.50034851308808,1.2165734454411734,1.933776267996792,5.898182623483424,7.132942372897281,1.6643201655153896,0.0,0.0,1.80683734327867e-05,0.0,0.0
3101000103,2005-06,Northern,3.448286688036552,4.778673352847939,4.706108944934225,4.323272454493208,0.8484147643481836,8.837408188305458,3.6029511632733398,4.04197477731264,3.087512074721467,4.758489026739677,1.4198634161449109,3.944115877079042,8.054306216522708,10.038743651628193,2.4358694021474157,0.0,0.0,2.6425830831485314e-05,0.0,0.0
3101000105,2005-06,Northern,4.186351436745561,5.1072492075594695,5.574004066721937,4.872914863343736,0.8878935100997565,10.398107973793511,4.602789811134223,4.458141973640578,3.34491868566494,5.935678166177268,1.468588997685217,3.6668430399275525,9.643225452433539,12.937593667218236,2.975794781413705,0.0,0.0,2.0794030530692928e-05,0.0,0.0
3101000106,2005-06,Northern,3.41375550358225,5.051641536829299,4.630418464638879,4.505978315979665,0.7938983625064969,7.847747595194152,4.196521438634247,4.088498449643548,3.0553445119375424,4.911353843793196,1.441415468559051,4.01899898002358,8.522836988100162,11.69006493729158,2.493587221322373,0.0,0.0,2.7949391627689838e-05,0.0,0.0
3101000107,2005-06,Northern,1.8048659295178335,2.431203238870975,2.481952068389171,2.5278367693979327,0.5521128979699936,5.412032367657101,2.2445168579587906,2.1625583617710156,1.6522834213560935,2.7759988743998143,0.8451980138370081,1.9571781816172398,4.905035762522316,5.629160182712957,1.273300874226733,0.0,0.0,2.0223546529010652e-05,0.0,0.0
3101000108,2005-06,Northern,3.8075877809098304,5.702112401869064,5.557499724673755,5.740159546583035,0.9336640213120727,8.551732189323841,3.887641650699934,4.721508794205411,3.625344433383602,5.980156893447308,1.7427267920299723,3.500399063440954,10.111597148484384,12.943269952534507,3.002615060332326,0.0,0.0,2.4092669540880087e-05,0.0,0.0
3101000109,2005-06,Northern,3.6136234433131063,5.438716165038298,5.251163046008351,5.319668769463506,1.0309657199507911,9.696979774272874,3.656878841644121,4.65036463145911,3.625012003196722,5.602155774962709,1.67268721802186,3.9533377645493326,9.747362985379732,11.397884037828032,2.795449865446863,0.0,0.0,2.0840428152127942e-05,0.0,0.0
3101000110,2005-06,Northern,5.443446236913288,6.634456250736682,7.926437038290269,7.277448251500303,1.5828442843395052,15.260393458252707,6.859066041201171,6.203383442364261,4.681581651065346,7.80183071626766,2.0898789472432635,5.308726244763922,11.200252459213061,13.25266049324595,3.6524930576004704,0.0,0.0,4.092286210707417e-05,0.0,0.0
3101000401,2005-06,Northern,2.4440104359195516,3.2391905469284326,3.29636404182175,2.9391621032985324,0.5997171605318841,6.2459907163460375,2.1419847022364427,2.7740416565022077,2.1516388794248806,3.5113397948163763,1.0705730270600555,2.335530829108672,6.09722857411992,7.535362541124322,1.8105964715782732,0.0,0.0,1.8755642631306224e-05,0.0,0.0
3101000402,2005-06,Northern,2.7449084248788025,4.2097341512606175,3.9167166119452195,4.481377065174853,0.9744766165514259,8.379431541347898,4.829510844289042,3.694064351041139,2.8242420927074927,4.396175458337734,1.4125001163944728,3.7093324051485443,7.887029015719356,8.807992629365735,2.0568528688780336,0.0,0.0,3.0302917426429814e-05,0.0,0.0
3101000404,2005-06,Northern,4.095491424121748,6.30242692101369,5.625044011434169,5.274329141725601,1.0124594430231897,9.074142365654302,4.073727256583645,5.057073113816409,3.909671965549054,5.77247176617382,1.8576178892984676,4.943830999525224,10.005963645181723,13.443806069253878,3.240727396825609,0.0,0.0,2.8779350013954272e-05,0.0,0.0
3101000406,2005-06,Northern,5.493384393154134,8.057643279115023,8.027136388174863,7.789611261135836,1.6144566943621994,15.622961779559775,6.579531527747282,7.217379089356275,5.342081038245633,8.06206603045091,2.336612610067402,6.7976422081175665,14.055243000724412,17.29186284475281,3.9724128433651886,0.0,0.0,3.6509827683240554e-05,0.0,0.0
3101000408,2005-06,Northern,2.8796057522158107,5.001123386344898,3.896513718196313,4.0858768365271665,0.7216749948556397,5.994243211560703,2.848856311934267,3.826275161418757,2.853308616676158,4.5111744423760385,1.37553457800303,3.723893067403527,8.761975870449094,11.623399255337612,2.3556530479165865,0.0,0.0,2.2840365304657914e-05,0.0,0.0
3101000409,2005-06,Northern,2.644822991076869,3.561083466670694,3.684491881256541,3.5448185620074586,0.7440021616954517,7.343657912678278,2.765161273952073,3.146967580914986,2.480178659734604,4.0814483091850535,1.1985118524636715,2.653384056489718,7.083305441853369,8.167983455094921,1.9865189098446387,0.0,0.0,2.154575457782992e-05,0.0,0.0
3101000410,2005-06,Northern,3.0260298097598435,4.477477279345974,4.525042774625871,4.796180090988303,0.7429492367135382,7.185357958917769,3.17569220992317,3.647330228992301,3.0245361348421267,4.988233994177176,1.4481655454640803,2.640295268747339,8.11007340532012,9.736717370651567,2.3921353778449825,0.0,0.0,2.2822945650505506e-05,0.0,0.0
3101000411,2005-06,Northern,4.076128571179557,5.749918774908371,5.607406759492276,5.470048897630121,0.9477479469608289,9.847704018607292,5.178429599528618,4.85374408142793,3.663758738746389,6.099408130905428,1.7353975825695607,4.115301295236106,10.52915072371685,14.569298143724028,3.0452138038354133,0.0,0.0,2.985986932439749e-05,0.0,0.0
3101000412,2005-06,Northern,1.6386049929268356,2.0870322213311194,2.2298139277134945,2.2180372215068864,0.4325259242965057,4.898482475992649,2.315531253016651,1.8396361777676984,1.3873653510098476,2.519640799509442,0.7113429561595662,1.5972759992430676,4.275246134815755,5.2840466736286,1.132679415372605,0.0,0.0,1.8994391315164664e-05,0.0,0.0
3101000413,2005-06,Northern,4.866853928680659,8.115391294355248,6.873409461732673,6.717101567008374,1.14786441305147,9.799871233535997,4.252096277677693,6.30106483449626,4.796374623598828,7.023336736243344,2.2732473754530482,5.6676795488461265,12.79100036624841,17.08990012895207,3.987420502558915,0.0,0.0,2.5514813238955662e-05,0.0,0.0
3103000601,2005-06,Northern,7.127836469310444,14.832983612755541,9.911169443841665,11.700672264948652,1.7608379912697545,14.018943747782847,8.879488159446694,10.611552596406673,7.993502836865925,11.620265139136645,3.815985331571636,10.55400764727561,22.392246514225956,37.10170089134243,6.359179182558906,0.0,0.0,5.4834900235053715e-05,0.0,0.0
3103000602,2005-06,Northern,4.4243066097731685,6.604161194483334,6.377058935083469,6.778193355943988,1.2129241249978011,10.850216960865943,6.007778363803851,5.6419863935348475,4.310183747720156,6.844711083470233,2.020049860063315,4.9367160942753765,11.934236302245681,14.873668631440829,3.3375892780772225,0.0,0.0,2.670803448879279e-05,0.0,0.0
3103000603,2005-06,Northern,3.739289585045359,6.5723572869690186,5.226590149851279,5.550507587494291,0.908514424399436,7.755853442360334,3.938619119993674,4.991520877269933,3.8627679531718884,5.5918136384066415,1.8429797498723142,4.835311981618862,10.613326981163866,14.885936228624184,3.03886120507424,0.0,0.0,2.4748283669280188e-05,0.0,0.0
3103000604,2005-06,Northern,8.799742279011774,13.628349639828636,12.425406006476827,11.1796292983512,2.0145788095029786,18.769048538671864,11.914470648821133,10.901347870596604,8.330978558814914,11.070383511394315,3.6647390377074873,12.01428976946123,18.050429430724922,24.375060243351744,6.242556895724187,0.0,0.0,4.901203609116378e-05,0.0,0.0
3103000605,2005-06,Northern,3.0255848823197478,4.556409003528892,4.34614233743688,4.5515186050457315,0.8011564894179478,7.600234864229371,3.3829637860734354,3.7675290807738953,2.99604967810759,4.903645994016821,1.47502200779457,3.1135457137789153,8.592921933789299,10.211216578087678,2.415575319205232,0.0,0.0,2.307817588017598e-05,0.0,0.0
3103000606,2005-06,Northern,2.4026019475754308,4.061446336293552,3.3800329842448726,3.7430006276894634,0.5991694757217139,5.46854184289025,3.0965005070567986,3.088373693604151,2.3511205194210913,3.6222139413981793,1.099480139305871,3.438652258319434,6.483897320986481,8.363568928807675,1.8213358179583452,0.0,0.0,2.082195047056079e-05,0.0,0.0
3103000607,2005-06,Northern,10.744636415333435,20.10658908475847,15.453945364157647,17.692414164527197,3.4379354701833504,25.396621932862253,14.39722558370099,16.418747684214274,12.258530940622423,16.411550821190012,5.039566354320235,19.29128766223286,32.393971008178774,34.917400461037175,8.278598541164095,0.0,0.0,6.387223483096589e-05,0.0,0.0
3103000608,2005-06,Northern,2.2420160948949155,3.437435470442589,3.033193228172975,3.0760827502506456,0.6140237942139404,5.178141542411594,2.3618661954086027,2.811368170892109,2.141448831047631,3.500500462321413,1.1186521397661149,2.553003839531053,6.584743258957893,8.539876133153705,1.792751331538959,0.0,0.0,2.2630258474380197e-05,0.0,0.0
3103000609,2005-06,Northern,8.47150866306006,13.213058292518017,12.467595169759527,12.946900769649654,2.6901150380954815,23.563368176791048,8.913875783143322,11.517581904463524,8.341824959117064,12.650418459829009,3.3499503939504742,10.875219766156256,21.28978284067583,23.116092131235256,6.199302876574514,0.0,0.0,3.284165945480981e-05,0.0,0.0
3103000701,2005-06,Northern,2.0734505657488427,2.8254023475283,2.8381052189997344,2.997749539619608,0.4840454971691785,5.312376161764879,2.523189649660483,2.343621451058081,1.7948233799095445,3.4669931621494556,0.9393927808778441,1.6765882738039648,6.168759934659314,8.073064683777124,1.5842912067456048,0.0,0.0,1.7709374282585213e-05,0.0,0.0
3103000702,2005-06,Northern,3.175534551575156,3.5115013322373976,4.5368237431603005,4.068639528837638,0.8058855771682405,9.004249011084736,3.1809682759321514,3.325948452507168,2.6978129563032267,4.953487501721303,1.3063802820703154,2.0050736111624414,7.132211607581766,8.391649845879495,2.212086852667101,0.0,0.0,3.0065687371392262e-05,0.0,0.0
3103000703,2005-06,Northern,3.218900073593172,5.32448476736252,4.66403626264874,4.742586178676721,0.6889555593370716,6.11597583978832,3.2143805638935206,3.933514864574547,3.2123834685830457,4.789215099123957,1.6778615245043818,3.4415990596517125,8.295690102620178,11.974159525462513,2.55467846302484,0.0,0.0,2.442654980976414e-05,0.0,0.0
3103000704,2005-06,Northern,3.308251007119233,5.261720550756274,4.793567160663501,5.2220313146650765,1.0648046496863042,8.75912176619485,3.941260951084447,4.457588971279045,3.46195019448618,5.068862991107563,1.667800466664574,4.426958527022589,9.244093254627385,10.724426085268394,2.4943285754214792,0.0,0.0,2.627973885382367e-05,0.0,0.0
3103000705,2005-06,Northern,5.175526854998485,9.393357820464342,7.12696478235616,8.226795566789736,1.4752028879627253,11.15076083883248,6.171412966518408,7.319324974185514,5.534698060519862,8.361556734112293,2.5195187179059184,7.704110668705018,16.410268972687046,19.92541948623758,4.270163084821717,0.0,0.0,4.158784867033279e-05,0.0,0.0
3103000706,2005-06,Northern,3.0273728275318637,4.533672655883516,4.0939250732803885,4.060041188080987,0.6622871986518931,6.296445075235648,3.4042939475949807,3.550706484629878,2.6565489073827515,4.5406323249991285,1.383452318459727,3.0404706974635722,8.12780787532702,11.960760327042893,2.3624926119280074,0.0,0.0,2.3788369550243254e-05,0.0,0.0
3103000707,2005-06,Northern,4.710810223112404,7.321793774656368,6.480943032068685,7.014794156260427,1.406387699216988,12.156381245431103,7.440863072205637,6.155046077663187,4.661602417948755,6.817663810476796,2.1211280926662193,6.904299169596655,12.538645197970393,14.137749694245455,3.3356960358260306,0.0,0.0,4.216218763141849e-05,0.0,0.0
3103000708,2005-06,Northern,2.2025124071185016,3.408250922580479,3.134559108260153,3.1579030257330474,0.5168983243317493,4.60018070039032,1.9517896013822849,2.6798105803584398,2.131125811024937,3.6147746840946318,1.1924028831858724,1.7986770337385711,6.526963343430794,9.13600888749917,1.878978365541843,0.0,0.0,2.01984260735473e-05,0.0,0.0
3103000709,2005-06,Northern,2.8415666842267946,4.1012388881854065,3.858826262552121,3.54875586607349,0.6864677283819268,6.4580825182712776,2.804871130299639,3.330766391692579,2.6169882855227504,4.08790633907484,1.3272677968539823,3.0359753042752193,7.007361137981202,9.45657355494504,2.2441415654337034,0.0,0.0,2.437363377898154e-05,0.0,0.0
3103000710,2005-06,Northern,5.044151461009297,6.6949903661398755,6.844166043550004,6.101201995433904,1.427966173561558,13.853379669476615,4.930924261546357,6.030137342235354,4.431308883741992,6.890413714343061,1.9024029872545174,5.9442483034559945,11.495391753716486,12.93041207587877,3.4235005137545462,0.0,0.0,2.5314063250418197e-05,0.0,0.0
3103000801,2005-06,Northern,2.257371397066299,3.1551210696612335,3.1583098947115253,3.04919642187609,0.6629728574896163,6.395453377345527,2.327518389017158,2.672204578376357,2.0791011025821735,3.3254913707616316,1.0179778029552062,2.5329608274722752,5.749849093773419,6.778085710112336,1.7218368728553661,0.0,0.0,1.6580587846927854e-05,0.0,0.0
3103000802,2005-06,Northern,3.454272530107984,5.427823623218644,4.705784803715585,5.0846870378025555,0.9569230612332126,8.505530946293565,4.644350915956454,4.49083360632341,3.285000008817665,5.207212483126989,1.5209920499953185,4.697033410409506,9.780116499625938,12.126634645026419,2.497377035586322,0.0,0.0,3.056696454475929e-05,0.0,0.0
3103000803,2005-06,Northern,3.141069984838645,4.470683622334594,4.2777997231543265,3.9860767255701064,0.7328902157594698,7.037918330694805,3.1424631977154283,3.7051315467727215,2.872097110620974,4.823858948016465,1.4952670780053388,2.812353174347919,8.452751107408659,12.055265823408703,2.6111579753263574,0.0,0.0,2.3866509992475816e-05,0.0,0.0
3103000804,2005-06,Northern,3.1454768017864487,4.313548211023679,4.279443908981606,4.053842450346425,0.7445836499732608,8.07543570567629,4.1345189427151805,3.607209757419114,2.7630374927927286,4.406024786262562,1.3076654447785734,3.5566868284976425,7.376363294095075,9.560784009036512,2.1872215726739443,0.0,0.0,2.866121405591256e-05,0.0,0.0
3103000805,2005-06,Northern,2.204400878612761,3.195926880851003,2.9746353588568213,3.0377313597580375,0.5908879214861262,5.444961374194027,2.4180085918422853,2.6735493655451936,2.010964944907663,3.4298630999599395,1.0407544865904736,2.349098295243615,6.389346948895512,8.146904383021456,1.673701782032846,0.0,0.0,2.158172820108899e-05,0.0,0.0
3103000806,2005-06,Northern,5.226093764966415,10.31060151128587,7.149813933153539,8.008112646865932,1.2081692034809004,9.49575957224226,6.0063451369009675,7.13742627703767,5.44922729195472,7.903114388155775,2.735524849004264,7.5967672005862115,15.012308004734413,24.613702013154416,4.368916739532859,0.0,0.0,4.69783473335967e-05,0.0,0.0
3103000807,2005-06,Northern,4.656883531507212,7.372413608448014,6.765764224693227,7.341961245828268,1.418694284392924,12.725076062583074,5.6588537851259755,6.2861722717238155,4.459914879903938,7.429507651987069,2.061400775413267,5.616385652560193,13.171416172801038,15.71311939967957,3.565375354784687,0.0,0.0,2.6351224309631727e-05,0.0,0.0
3103000808,2005-06,Northern,3.5345911612733127,5.461212890936343,4.878722247358233,4.951010476558195,1.0182656169773603,9.71455856715604,3.4516444391773806,4.635590577240011,3.6782232949902713,5.587625590182081,1.8596612682905607,3.974882624025506,9.901604611560586,12.577773675391962,2.9531135753181417,0.0,0.0,3.6860746167435635e-05,0.0,0.0
3103000809,2005-06,Northern,1.8927040466814375,2.664841038589253,2.7488950806109456,2.8810494835225966,0.5718361077409573,5.466013177777864,2.2614419045079344,2.3312392978601375,1.778630075622201,3.027835252495514,0.9535368936274531,1.8928931192634375,5.122802133180513,6.0863140301665,1.413557233017828,0.0,0.0,1.7687170406278012e-05,0.0,0.0
3103000811,2005-06,Northern,3.7134893544700582,5.300239998797848,5.140707622099178,5.102257859527515,0.9735677994619726,8.860629906511779,3.675790441872762,4.504528003522198,3.294342112244015,5.6933762476578105,1.5568937810604295,3.6286227786819354,9.88944692127151,12.189036133234689,2.8513452111741286,0.0,0.0,2.3468064348740247e-05,0.0,0.0
3103000901,2005-06,Northern,2.8088880972108456,3.3946742377922448,3.968658352149823,3.528976211647526,0.8265578151801979,8.289837498609575,2.4798717671560646,3.172503094357881,2.5138318657757046,4.284489973986168,1.2633415431716621,2.218432665881261,6.773463806783427,7.842858793552691,2.1323614052882434,0.0,0.0,2.5985825262188078e-05,0.0,0.0
3103000902,2005-06,Northern,2.1751000940953555,3.3531008334630616,2.944623683227661,3.2032846364095695,0.575086125794653,5.32633781873665,2.935507490367981,2.7097966112262126,2.041828497042134,3.309419937967477,0.994775953084993,2.800404856733859,6.146693595578813,7.7932677011471565,1.5801127688540875,0.0,0.0,2.212694936625388e-05,0.0,0.0
3103000903,2005-06,Northern,2.7185633236096094,4.017954534044498,3.8839518890101203,3.9701993730205127,0.7490155070713577,7.1964788830748905,3.1277014106958636,3.3810047628513615,2.603804675002193,4.103274733277144,1.255206521273978,3.147362242102777,7.055355551883225,8.655277945884134,2.016568453011683,0.0,0.0,2.1992926901941748e-05,0.0,0.0
3103000904,2005-06,Northern,2.1060955801532386,2.8093889663413756,2.8715395905128474,2.8648122212596028,0.5532127006948276,5.855615942642825,2.508877243757371,2.4263814155107473,1.8086852062307581,3.2397312979887736,0.9150013999364894,2.0591315442012426,5.623466166199671,7.091488531742795,1.5230451860879604,0.0,0.0,1.9235372702252752e-05,0.0,0.0
3103000905,2005-06,Northern,6.626072815020277,14.353373020342884,9.204128130152288,10.776852686728123,1.5988821092379055,12.000544260655738,7.549588485372207,9.942388892559798,7.339110031150831,10.880234972887733,3.5467268071900193,9.604390744396166,21.650383847002068,38.46871965704804,6.193306700020674,0.0,0.0,4.6495544692217296e-05,0.0,0.0
3103000906,2005-06,Northern,3.199980585664775,5.06165997902036,4.350679557133203,4.7076816418699625,0.8830574914332437,7.288549223399182,4.359463627620129,4.092515144895741,3.1109640360949737,4.870638702801501,1.5356209024331267,4.194914982748855,9.133325244330408,11.429088753285031,2.4202886869560425,0.0,0.0,3.194084392379749e-05,0.0,0.0
3103000907,2005-06,Northern,3.324595899556869,4.886101035562067,4.749478372201292,5.159688184021481,0.9621352331693663,9.15345159304461,3.7720546274180418,4.219819491862076,3.4259975296272405,5.685919554638136,1.6064630288231019,3.316908648836964,9.778702501637818,10.968882817124289,2.6381233686962506,0.0,0.0,3.263583486656529e-05,0.0,0.0
3103000908,2005-06,Northern,2.533396259032507,3.6638827395824105,3.449627555361948,3.6672601189523997,0.6837555807491303,6.404617585536375,3.3882188157927375,3.0708798465164286,2.3318954283093793,3.8774991900239653,1.1719600869398885,2.9002087882157994,7.1389025273543885,8.785881248677553,1.8340161718314942,0.0,0.0,2.6348686620342772e-05,0.0,0.0
3103000909,2005-06,Northern,1.8175622327929404,2.4806079899959683,2.5405859442798397,2.500012650589901,0.46388905527054525,4.478771054631382,2.0282011856093987,2.1093116608895497,1.6422868924887584,3.05210152765171,1.006563832690652,1.361316684489487,5.3859918465011996,6.8597195595281075,1.491229665946625,0.0,0.0,1.7948091389594055e-05,0.0,0.0
3103000910,2005-06,Northern,4.699999102700973,7.152883485970752,6.59604054484013,6.7384440780340915,1.2732939703174868,11.58346379940241,6.772719333880791,6.090157554878723,4.565535229016796,7.199530140281854,2.120972257291497,5.5836860704318605,12.513273016568544,16.338866704300465,3.6579001441433903,0.0,0.0,3.187342473673287e-05,0.0,0.0
3103001001,2005-06,Northern,7.391589336545754,11.140897722545771,10.04772336276175,11.064889542361609,2.9449358767195566,21.645295121108692,13.520826326713662,10.194631677364539,7.130926096468151,10.717185570276579,3.111227278478035,11.649412979058999,19.853668644978296,19.050304395904067,5.228878418486558,0.0,0.0,7.311249927355448e-05,0.0,0.0
3103001002,2005-06,Northern,4.082597219516715,6.7666581493148215,5.65321153843198,6.099456840064098,1.0797374392572314,9.82333132857813,4.646510801075786,5.493391885128423,4.094776233299126,6.2461028872122695,1.739986066151902,5.51911956673399,11.879727929559566,14.552830948007692,3.086308555776483,0.0,0.0,2.5426704856560414e-05,0.0,0.0
3103001003,2005-06,Northern,4.090175430656213,5.558818747908327,5.87730206202834,5.856295975684319,1.1199160658127096,10.645184220082882,4.078242207803326,4.8690684510859,3.7566154534533807,6.292869479370742,1.7338341768209795,3.6288692381343455,10.421761686409877,12.183033972941903,3.0925087719280535,0.0,0.0,2.3241149117377107e-05,0.0,0.0
3103001004,2005-06,Northern,2.020383588921792,2.459514149039496,2.815507331408022,2.5222006861664075,0.5940116939613646,6.073492998647395,2.070334500160268,2.3138182787335766,1.785561038817861,3.067819021387623,0.9479908482407721,1.7238603007643083,5.1212878609585495,5.868836525910003,1.4396419895934396,0.0,0.0,1.784199350522906e-05,0.0,0.0
3103001005,2005-06,Northern,2.4086173757000555,3.158970718445352,3.374903646389254,3.398458949612961,0.7170705945561968,7.505218662349803,3.2100324841718346,2.8814009424119065,2.1811574582191855,3.8359930349907647,1.075539637778172,2.3126557900505857,6.548866742527085,7.927515130758237,1.774705976368408,0.0,0.0,2.056238975120357e-05,0.0,0.0
3103001006,2005-06,Northern,2.468797566650217,3.9716940704922283,3.354775997982814,3.6918110390722605,0.6761637008158807,5.605075604322968,2.923926963976818,3.1717690230471765,2.479598067421085,4.168348535809591,1.290935596704228,2.8627594551319073,7.962245510134861,9.693737033477591,2.04061805223637,0.0,0.0,2.964772335124984e-05,0.0,0.0
3103001007,2005-06,Northern,4.363899576131606,7.7456180888364745,5.950450776822113,6.592830834026392,1.1731323071326842,8.905923502445688,5.487163867699382,5.986888810740355,4.381917572399813,6.641055621431788,2.077030551726317,6.384812874288408,12.902861059570156,17.35937443704815,3.4552062725548365,0.0,0.0,3.3911078875530335e-05,0.0,0.0
3103001010,2005-06,Northern,5.171451963685107,6.891418509191219,7.55886565094236,7.623840547579023,1.6857642507813224,15.44357892898037,6.97771300182135,6.402168308149804,4.853288965147574,7.923475170454888,2.1695566298804945,5.499029777328207,12.323554038743273,13.944022998005432,3.6830986049318573,0.0,0.0,4.035495969270557e-05,0.0,0.0
3103001011,2005-06,Northern,1.7134357162805707,2.5685716092556374,2.514169961893955,2.597748736449642,0.41244574021819275,4.133304964090541,1.7515598324998902,2.0531375810312347,1.733125511810101,2.848052780136016,0.9214717313995908,1.5138606232816205,4.916081638323632,5.8816487947889735,1.384910743084121,0.0,0.0,1.564226197316114e-05,0.0,0.0
3103001201,2005-06,Northern,3.873651612753226,5.783941930607566,5.478576207419754,5.51583764357005,0.8839929193765758,8.808552453531872,4.4977932832054766,4.745273437967003,3.6383970217020427,5.916408536200298,1.746460490554345,3.908296900714583,10.300596965705232,14.26486911700337,2.9473622244681152,0.0,0.0,2.73564011857769e-05,0.0,0.0
3103001202,2005-06,Northern,3.84217047919206,5.031671247354289,5.240836930400419,4.706792640661966,1.0199545857634487,10.2952942525533,3.7992976501314595,4.510825678124545,3.486855639417736,5.457962176461095,1.5775052572843193,3.951103387225227,9.318351644715596,11.046848794183065,2.772105502934792,0.0,0.0,2.4010981792202108e-05,0.0,0.0
3103001203,2005-06,Northern,2.104400993725274,2.8889227410761475,2.975043269037263,3.1597473674661782,0.5842735627656563,5.591437834026389,2.8513735613341407,2.498672522778259,1.9748912785158548,3.4083024822725485,0.9996531497611548,2.124880344904719,5.860769539661909,6.743360872888511,1.5421744749455641,0.0,0.0,2.020633070235125e-05,0.0,0.0
3103001204,2005-06,Northern,7.573698160656308,15.310920937039237,10.900821155870645,12.150952498880962,1.7201399738245158,14.189548804260983,7.941553657428263,10.710267182827966,8.4688165331546,11.195576527039865,3.8982821032673143,11.821580118661439,21.261574677321132,31.551402011863033,5.826895954304656,0.0,0.0,5.162733609262427e-05,0.0,0.0
3103001206,2005-06,Northern,10.700041666210527,14.15954206218039,14.587200487609445,11.563291787056395,2.502781628198461,23.028226836984306,14.278764583319619,12.137802786851923,8.828112331278286,12.401928774532696,4.051270983313149,12.26567831186633,18.213530491288505,23.73192385629057,7.606751483696473,0.0,0.0,7.171702183058452e-05,0.0,0.0
3103001207,2005-06,Northern,3.5147351444559307,5.253098427560913,5.2160404175592525,5.495291347562451,0.9891025742381315,9.232505519177696,3.414069850981172,4.494005252903381,3.6454688891920757,5.790007651829867,1.6714633158210754,3.2231969518407833,10.065388077873486,11.636129396997328,2.8552665369863317,0.0,0.0,2.3433326243342865e-05,0.0,0.0
3103001208,2005-06,Northern,1.854457659137737,2.5691142714641226,2.5782133257862085,2.369796423023036,0.41409440536609154,4.11315034719406,1.779413594383438,2.116914816140658,1.693431537760481,2.955212633653847,1.0052008839368796,1.3850034097597541,5.167398693230263,7.3173703912972226,1.539200698017227,0.0,0.0,1.7703034567310497e-05,0.0,0.0
3103001209,2005-06,Northern,2.4978570785694374,3.652476523724376,3.584390174836306,4.038366967460542,0.7258545100113091,6.671618387978655,3.101931115814815,3.0852556164286895,2.3071272258458717,4.055392053516691,1.1585923823150817,2.5304842536442047,6.919973550552718,7.917747010910317,1.903102706795643,0.0,0.0,1.695180680532648e-05,0.0,0.0
3103001210,2005-06,Northern,3.2414326915259166,5.066176860607769,4.667038589596374,5.057425338154667,0.8295437383571683,8.51504598696081,4.466122431646684,4.189311606080506,3.0256264230717096,4.966205228544869,1.2970944292026294,4.226047668197225,8.817631125794788,11.17599207824697,2.3242900198365604,0.0,0.0,2.3570913359026967e-05,0.0,0.0
3103001211,2005-06,Northern,2.639626597075768,4.005949859516054,3.610049705698311,3.9593465370015672,0.682526826729953,6.685826095387611,3.3210955647125524,3.2696614141472002,2.464754869136015,4.136133714077093,1.1561322405534007,3.1567179818659126,7.694621558015193,9.489835817831285,1.9228532977893964,0.0,0.0,2.393423834134336e-05,0.0,0.0
3111000101,2005-06,Northern,1.554531490268886,2.2594005419617584,2.155803146517046,2.167094374643787,0.432668815604906,3.798053001210542,1.6772730243095348,1.8809340220244941,1.4879179340832314,2.52872530222321,0.8940611701375912,1.4461110257073677,4.629135662736473,5.915864758153932,1.2825908484970212,0.0,0.0,1.946296754807767e-05,0.0,0.0
3111000102,2005-06,Northern,4.537936833194306,7.13375439670144,6.510756127237006,6.912823024532417,1.2072445398309488,10.66035319216588,4.92014567834637,5.988263367873617,4.489715026114783,7.090716884935473,2.112343888771378,4.953460411189398,13.376764844589516,17.062149057557743,3.5338389455157704,0.0,0.0,2.8292673297574594e-05,0.0,0.0
3111000105,2005-06,Northern,6.035789603198994,9.7206062407886,9.04795728750879,9.10522322389967,1.6347432908119182,13.811985621061766,6.325528529713576,8.139564088619073,6.264452917082104,9.075642583089401,2.9113682589714767,7.123269482910956,15.985029777911391,20.87665452441301,4.76604620490169,0.0,0.0,3.527176591278986e-05,0.0,0.0
3111000106,2005-06,Northern,3.2875219577886634,4.83125284712699,4.666566325868899,4.671458985872317,0.9008000680087885,8.669122524662482,3.5053398667504068,4.1778957404162345,3.1286442177420533,5.155026844305161,1.47225231198828,3.4492858373746373,9.187699476032869,11.620374626864356,2.536223066770393,0.0,0.0,2.199378218524339e-05,0.0,0.0
3111000109,2005-06,Northern,4.59602053875645,7.412549840188983,6.6444466956991555,6.980114156999056,1.3402995523456342,11.088186668729373,5.133921607174214,6.10386863897972,4.400179615660826,7.024629625227588,2.2172976015121635,5.4546078463528,12.699787485700103,15.765070140707206,3.667666450432717,0.0,0.0,2.6733238314776722e-05,0.0,0.0
3111000111,2005-06,Northern,3.3186732629006404,4.175961355524685,4.6737989131483335,4.880569639762512,0.9698079575110388,9.020223500368,4.437587712245567,3.770161780700997,2.824637106632635,5.284283278248578,1.425116729026753,2.7163951135516657,8.69356908408696,9.979055224489635,2.407217428678835,0.0,0.0,2.469848041984611e-05,0.0,0.0
3111000112,2005-06,Northern,4.801765993129009,6.72704794684211,6.574597024099478,6.0804692088571,1.0995639016320078,11.676044701325251,6.76323472236514,5.64987202168354,4.4111280749019866,6.793142802332573,2.105320379798458,5.112176202624476,10.878523381842879,15.003562077548551,3.588301750648611,0.0,0.0,3.825014102681135e-05,0.0,0.0
3113000303,2005-06,Northern,2.3171752571258266,3.3007850946573365,3.172143076611302,3.131697626671923,0.6268045554736714,6.274010287156011,2.2976273558639373,2.8142099369479987,2.1318427652371574,3.5454943222009594,1.0694788549418706,2.430988195098484,6.514201203992516,8.214941714039867,1.7433005099602523,0.0,0.0,2.2174662388924325e-05,0.0,0.0
3113000304,2005-06,Northern,2.9729418376200036,5.0995828595440775,4.037728112852197,4.341563087732778,0.7183071606018718,6.265620318236235,3.407965129738753,3.8887954948130057,2.855656614014703,4.652944146605681,1.4397236405596487,3.7593558514289422,8.90920449063877,13.23189787100506,2.352107381641072,0.0,0.0,2.9841886556407e-05,0.0,0.0
3113000305,2005-06,Northern,7.847941631091233,13.667333033854982,11.910758547843946,11.562624330958872,2.150577647418309,17.750213589314917,7.0284404930801525,11.280451274079436,8.681705581143254,11.5037413049763,3.648806523544221,10.175696639359368,21.735926057422322,27.252767700347103,6.386508453448008,0.0,0.0,3.0423514023429693e-05,0.0,0.0
3113000306,2005-06,Northern,1.8125154802376646,2.6035822402356503,2.6042429559802733,2.6866180426688593,0.535415690929323,5.053977109028259,2.008449267382706,2.2818907209598533,1.8558131507148647,3.042312589737412,1.0366092525815456,1.6747260308082228,5.410299447712436,6.4981739264630445,1.4591198910476613,0.0,0.0,2.1717693845417304e-05,0.0,0.0
3113000310,2005-06,Northern,4.045568927189882,5.9489678899814,5.9746578344810635,6.1802459147188955,1.2385372362016618,10.937299572425863,3.9554142261918486,5.23965433724714,4.185784512830575,6.525099057859397,1.9811632307086506,4.034066560178167,11.147756810817471,12.830395229998471,3.1999678595529617,0.0,0.0,3.174002282535929e-05,0.0,0.0
3113000401,2005-06,Northern,2.278195964153311,3.120589364997014,3.16118409225262,3.0431930284852804,0.6818305262048809,6.608073500257152,2.1569877671266986,2.7710321186254228,2.2052601833631185,3.569252081992867,1.0784362609812828,2.221100710978428,6.471605561857895,7.320259952213465,1.7582289534438782,0.0,0.0,1.7779128830490787e-05,0.0,0.0
3113000403,2005-06,Northern,5.143787404433557,7.121522777487888,7.359326242264653,7.447260624367547,1.703351348050586,15.134828936898934,5.7066175092652225,6.5537375860785305,4.972052312821264,7.823460965711358,2.1853120371281802,5.6482629021922754,13.373127072348224,14.527190262573384,3.7366429380114203,0.0,0.0,3.413008434319623e-05,0.0,0.0
3113000404,2005-06,Northern,4.762996024759119,7.3930150823992555,7.2451828206601405,7.992427311340572,1.576262142345408,13.391836832462284,7.401078184253697,6.567327827878659,4.965355881491142,7.571340618317255,2.354124997109532,6.09087517168624,12.938077734694902,15.588050917882548,3.5378292890257517,0.0,0.0,3.268832092459894e-05,0.0,0.0
3113000405,2005-06,Northern,3.6891244415094144,5.910971709360073,5.16705023341954,5.234272754438083,0.851197128997351,7.954780704879744,4.170782719127848,4.641275626316996,3.501532918989912,5.406331123128656,1.6364626387471928,4.54088650863245,9.49921881226983,13.078054121425,2.7525420799717,0.0,0.0,2.7136190053928757e-05,0.0,0.0
3113000410,2005-06,Northern,10.390685485643457,14.9194892081944,14.616431002636885,13.427789854932906,3.1223003913494036,26.257532068458538,16.383668657991752,13.297718591416478,9.633754098789732,13.39579230746497,4.037751655036415,14.673398212134966,22.40624343106963,25.389494762188757,7.120640408154169,0.0,0.0,5.558539254778132e-05,0.0,0.0
3133000102,2005-06,Northern,2.1676211170129194,3.014725983846425,2.945653287720843,2.9279259763028156,0.6170739665756291,5.869683873431944,2.223652550259303,2.5901616419622577,2.0040150359187794,3.311991023049894,1.0199940820962496,2.2690804837129095,6.072148129067297,7.33790141937569,1.6333566408713653,0.0,0.0,2.058842976632028e-05,0.0,0.0
3133000103,2005-06,Northern,4.402261313248995,7.504671838668984,6.1630264512859885,6.307690312452245,1.1730476890978532,9.54598054629497,4.0706486255565295,5.8222663103091365,4.59749124297643,6.519363205200753,2.3099526556360543,5.592782366748766,12.016368562450234,16.21222674064346,3.717785688029797,0.0,0.0,3.604889890592593e-05,0.0,0.0
3133000104,2005-06,Northern,3.959362568386696,4.782957487220984,5.363298229990004,5.093873310357501,1.3553997746399247,11.28964427624112,6.514188248340952,4.479486893739383,3.2291656617607334,5.469615222339797,1.6282229268946347,4.440248409187563,7.56833343849898,9.209232735484388,2.579508797550195,0.0,0.0,5.55368718794393e-05,0.0,0.0
3133000105,2005-06,Northern,3.2005599796019957,4.336935366784469,4.358148266255491,4.200214716810196,0.7339619563083106,7.857021700191658,4.045379964364861,3.688564918038336,2.806592793712723,4.851754057565058,1.3965819805585387,2.9709092552166116,8.323593435734132,11.553165237268487,2.3859690478203635,0.0,0.0,2.6692256248607946e-05,0.0,0.0
3133000106,2005-06,Northern,2.7204174272501214,3.833870314065766,3.837363740617298,3.6713382151720957,0.7140776138238036,6.595187753821726,2.47899917362033,3.3193620713154504,2.6302837219244006,4.164989315271225,1.3655358267089166,2.513972674554593,7.485621646781613,9.112818921032181,2.089140824528817,0.0,0.0,2.1709512487129538e-05,0.0,0.0
3133000109,2005-06,Northern,3.374136187099866,5.004115205328769,4.569578138033836,4.252497365017406,0.7322608904631434,6.846126870908583,4.016951018204096,3.892973688340676,3.0346052419436567,4.732109780781774,1.5494256806784534,3.6944212495238467,7.944955112096106,11.611361537913359,2.593373949669773,0.0,0.0,2.9425503816386106e-05,0.0,0.0
3133000110,2005-06,Northern,1.767961846591695,2.436886151162338,2.519260360783796,2.5112366969853945,0.4532226461695139,4.724277737765157,1.905011343934329,2.087846460823159,1.6646286034680107,2.8950529005670043,0.90233128177319,1.5624268589421804,4.964768285169293,6.108539490291763,1.3520785166026443,0.0,0.0,1.938481232599858e-05,0.0,0.0
3133000202,2005-06,Northern,4.055956667069258,6.742867593488935,5.699040757437256,5.641007953723897,0.8852261700424298,7.780052004255623,4.338255006781564,5.048523025694813,3.9595341112879106,5.837540976619836,1.9357555324276121,4.901300070099665,10.113668920157721,14.796529645061174,3.176694445777066,0.0,0.0,2.9203763678925556e-05,0.0,0.0
3133000205,2005-06,Northern,2.257253441338636,3.1587092432352906,3.1582835433689027,3.048616153441275,0.5187731563110339,5.61259764181618,2.2655940140537627,2.6364592471412753,2.1119365202037037,3.528293998954487,1.0440160793329445,2.065488946176204,6.08169333211609,7.718739359698657,1.7124829745404109,0.0,0.0,1.936574443758225e-05,0.0,0.0
3133000206,2005-06,Northern,2.2342921440144927,3.2856627209220695,3.1851924970359304,3.324977435071213,0.548021742002277,5.125437347804264,2.239260428659664,2.692407338502425,2.199181530664581,3.810539382612676,1.1290056146069085,1.8878276563880425,6.766418637428225,8.253440508707037,1.7909963857992632,0.0,0.0,2.258463586052781e-05,0.0,0.0
3133000207,2005-06,Northern,13.468443149236219,18.440576481060223,18.618634634626645,14.728693161704523,3.1899735464157097,28.504207064057635,18.127070398266255,15.767800078069003,11.353479650397679,15.395307043565206,5.076025067001243,16.35395894943288,22.801294616162984,29.665055616170925,9.559022502233054,0.0,0.0,7.903641230918225e-05,0.0,0.0
3133000208,2005-06,Northern,2.2412647795308724,3.0194065145750897,3.1007900385464855,3.09961181048698,0.5930925451647605,6.419370623148597,2.6665263714336467,2.631050366154973,2.056471276752983,3.6005621553573963,0.9987028956834393,2.11928440873364,6.2504519391943205,7.666447490402983,1.7007216041090327,0.0,0.0,1.9571756217236474e-05,0.0,0.0
3133000209,2005-06,Northern,2.086523086260014,3.1217887892325558,2.915438142830043,3.1568938829159303,0.555290897802417,5.3445131468389215,2.417243908972363,2.5832706426709144,2.0482382776669366,3.4313556605356013,1.0365552596746381,2.276034764313651,6.3337299170441295,7.3959351198160315,1.5554283993203895,0.0,0.0,2.4642121675749387e-05,0.0,0.0
3133000210,2005-06,Northern,2.2272961844074475,2.8552721024063974,3.0205609208442725,2.8496647055875046,0.5156140858267146,5.687464450661744,2.1501800840857292,2.3866000228879654,1.9238885264590497,3.519337126219353,1.0018624806182146,1.6706116036445595,6.15869200170383,7.6380541902861125,1.7608312910046464,0.0,0.0,1.4447279885533233e-05,0.0,0.0
3133000301,2005-06,Northern,1.6873749327484187,2.1915807989940492,2.3247606921612145,2.386218674594055,0.5005376132741013,4.906162989085954,2.1792285809837253,1.9974971517334528,1.490572578429802,2.8362036690962293,0.8325379364782922,1.395045701600631,5.117537623480154,6.293269401827125,1.2678536537731935,0.0,0.0,1.7491965316986928e-05,0.0,0.0
3133000302,2005-06,Northern,2.7400555504128232,3.7644115610419164,3.718690794864267,3.5966797098108665,0.6709938290978783,7.111033448364018,3.0134276494947776,3.1857304171602583,2.384185759626522,4.058861037498936,1.1421584124331872,2.844591075364539,7.1127089560373475,9.25639235811924,1.985313658331188,0.0,0.0,2.233421670287628e-05,0.0,0.0
3133000304,2005-06,Northern,2.7903978875116304,4.571705023976567,3.9346403405058092,4.323310407941013,0.6918358308117865,5.672984479285604,3.1482053275697317,3.5027416485127687,2.7775818354556234,4.372383286740694,1.5100806603240207,3.0695267220760485,8.226948498891861,10.98034100140058,2.232339231201911,0.0,0.0,2.5177878468567085e-05,0.0,0.0
3133000305,2005-06,Northern,1.9752570951602102,2.7057265207496766,2.7691253651293413,2.7009385712936,0.4835637836317962,4.735053022762793,2.308956108990757,2.300168159796373,1.7593699181212905,3.1453643061070786,0.995591012255734,1.6737578717541999,5.45302403664988,7.194309858110562,1.5088920394889649,0.0,0.0,2.0353333886331628e-05,0.0,0.0
3133000307,2005-06,Northern,3.032138050998154,4.072431186942485,4.222755796741015,4.140257795817654,0.8529819054192181,8.986814172534338,3.7701576493319915,3.6612273431955575,2.7740007971944842,4.672851646613197,1.306785591830617,3.089429056337084,8.041703173004981,9.90256928898085,2.2377560304216098,0.0,0.0,2.3855638146156026e-05,0.0,0.0
3133000308,2005-06,Northern,1.3682402953215766,1.7277972850761099,1.8394191007274714,1.7012020606056981,0.3944043808258137,4.067479661272716,1.296022855993278,1.5443982875186224,1.2202263148579295,2.0874595220544543,0.655685504301329,1.2581215914509916,3.7227453769434673,4.355299714381972,1.0003692728000186,0.0,0.0,1.5964142395332496e-05,0.0,0.0
3133000309,2005-06,Northern,7.8108155945913635,12.521999737097127,11.061824449710414,10.728074073381215,1.7929635155030175,16.15531262385585,9.936790705064999,9.993856391081588,7.669146643675747,11.143421044399682,3.5024815029078846,9.236497681255571,18.97666802580586,27.785935797362715,6.247129534783645,0.0,0.0,4.264061773745137e-05,0.0,0.0
3133000311,2005-06,Northern,6.173624448294626,10.21830453944936,9.020976373690898,9.647176652546733,1.6573164723987672,15.02264067585574,8.317268892318296,8.39984519931015,6.532143828079615,9.560166517461424,2.8488570018215547,8.45659671604278,16.22518331436954,21.1817314516361,4.707486593433271,0.0,0.0,4.213286172467672e-05,0.0,0.0
3153001601,2005-06,Northern,1.9734338967656437,2.337759590571449,2.7755006125347412,2.5261578354434153,0.5893742894426762,6.032488755655741,1.8965090389666628,2.2234294025275116,1.7955138481108948,3.1351246300329034,0.9658619313509667,1.4272464769448656,5.1252069455104206,5.61730738694047,1.4737764399940214,0.0,0.0,2.4392478690916675e-05,0.0,0.0
3153001602,2005-06,Northern,3.8971677197568333,6.33667428901127,5.316781897053606,6.093375605506886,1.1878374609692832,9.893236044695234,5.080150613326713,5.230029880684246,4.0712817218606325,6.365291123283686,1.897695463654816,5.405883493358615,12.030494278749194,12.993372555879144,3.0462327995104883,0.0,0.0,4.1480366161327336e-05,0.0,0.0
3153001603,2005-06,Northern,1.7509503222912617,2.7230500302420255,2.510152572384909,2.6387745198415873,0.4535831352807385,4.144940722236638,1.817037325519908,2.2040288510385815,1.782258863744974,3.030476485849567,1.0321219811697844,1.51172209162181,5.632109418906126,7.259879234647307,1.5062478112834128,0.0,0.0,1.82859175136393e-05,0.0,0.0
3153001604,2005-06,Northern,2.5300568985302516,3.794330401497865,3.5622738335525588,3.7217436290380284,0.7262213911314964,6.930059763837984,2.788233743852045,3.239155285633584,2.609148561572021,4.155581534973144,1.3076505430996852,2.6929041330522048,7.489728916332867,8.802955918824388,2.026022241027378,0.0,0.0,2.4788336760207242e-05,0.0,0.0
3153001605,2005-06,Northern,4.96492574602605,8.821350970077994,7.184518021905295,8.248096061483581,1.5154803570579307,11.474708153334834,6.666236731693208,7.163666470824831,5.3045453356642085,7.620793892124781,2.457661809596868,7.702382346679879,14.42579176492385,17.722861497991065,3.746498377206254,0.0,0.0,3.272515732297552e-05,0.0,0.0
3153001606,2005-06,Northern,2.383121415539068,3.3101665434048986,3.2105341789886186,3.0196412886873105,0.5815438615286858,5.924805948277763,2.5086797600255077,2.7666978562276343,2.108669371307062,3.523272891680594,1.0468559128751822,2.4855959861694985,6.14151006422882,8.128515168499563,1.7832653210986342,0.0,0.0,2.166802956973333e-05,0.0,0.0
3153001607,2005-06,Northern,4.401749115569384,7.824466126655683,6.003231215943306,6.653980361605849,1.183870055205204,8.977287059821686,5.535477277340717,6.046255888373614,4.4232562402331395,6.695038134536156,2.093824830368308,6.457907334287207,13.0121142046873,17.503944566357546,3.4850453128047403,0.0,0.0,3.40401387563695e-05,0.0,0.0
3153001609,2005-06,Northern,2.2339661150737853,3.325954892150747,3.11286326517955,2.9110007249099796,0.4796135440360714,4.4321091217804796,2.011025875225351,2.571907935027949,2.0441518862989367,3.3394880048118063,1.1896728061664525,1.9542594533342135,5.920343010535402,8.384020386241625,1.817329605094414,0.0,0.0,1.8715753010109043e-05,0.0,0.0
3153001610,2005-06,Northern,4.331395873823567,7.201062804080995,6.246821043918722,6.612436710083214,0.9560083255894486,8.697070493592081,4.563890141678282,5.610632724603043,4.193409404250381,6.821819167837411,2.054239076886278,4.3536692058681705,12.33326155496172,18.021161459629383,3.498648302815407,0.0,0.0,2.6004684256758463e-05,0.0,0.0
3163001601,2005-06,Northern,4.151015155485802,6.856121142591871,5.676557641770691,6.221110913940154,1.1610111508910081,9.27223193678016,5.676806181618831,5.501769342268847,4.12584874482081,6.2194751955487035,1.9512398963470896,5.907739457165392,11.764972930854077,14.690510397346145,3.1399153756792897,0.0,0.0,3.5866066838954095e-05,0.0,0.0
3163001602,2005-06,Northern,4.030197088561236,6.118063957879226,5.512146193454966,5.947998484084641,1.1945081716194796,10.522467750979978,6.343380296615165,5.157590995183083,3.936103835590886,5.8897248709551375,1.8310775790725677,5.658627423887313,10.775195733085837,12.157639640672052,2.8551479840810803,0.0,0.0,3.9406210596354085e-05,0.0,0.0
3163001603,2005-06,Northern,2.3908300349677605,3.662527825609916,3.369067202759232,3.5102670399549147,0.649992484838092,5.559360740262114,2.4409727846211204,2.9731506351424235,2.388671195268494,3.6907741936188394,1.2629971782513123,2.6214360992782857,6.78235811176657,8.3470536875,1.8797914354535388,0.0,0.0,2.27668124612341e-05,0.0,0.0
3163001607,2005-06,Northern,8.495069884439019,11.959964995004544,11.843266471510562,10.88796129102131,2.159528611749898,21.163562217621465,6.995370559209698,10.539071689774065,8.452018269016042,12.655369207101472,3.64575283317509,8.979110955418866,20.38648327029598,24.474025509388817,6.180191321838621,0.0,0.0,7.228631576187206e-05,0.0,0.0
3163001608,2005-06,Northern,2.9588336329770604,4.395965469948112,4.210552435999998,4.143315444271326,0.7910448531561451,7.605153009985465,2.9969593770362875,3.671680931910335,2.9427930623492196,4.464638128397998,1.3913962113974905,3.3562432010931524,7.841945586841456,9.439138772446109,2.290656598047429,0.0,0.0,2.2329318486949577e-05,0.0,0.0
3173000901,2005-06,Northern,2.974939770462779,4.417697232217509,4.069842500635464,4.360664351116478,0.8086837249032496,7.432790391696359,3.9887223886909666,3.685712520079779,2.7775322891537395,4.510587075789295,1.3531213572538,3.5918823532940034,8.337952877869661,10.253492767321415,2.1556505868392577,0.0,0.0,2.834424479168039e-05,0.0,0.0
3173000902,2005-06,Northern,1.776756778322274,2.5784836595361913,2.5080211740733587,2.6373883522459636,0.5075037608452035,4.705711695797491,2.104233673059248,2.207829646574213,1.7379011993867222,3.0759473049651223,0.9771874519205805,1.543841738981244,5.632792516098604,6.879626761335789,1.483000472995484,0.0,0.0,1.8403835088148233e-05,0.0,0.0
3173000903,2005-06,Northern,1.658101145999636,2.64879707762992,2.354055738783545,2.422305240337856,0.394419479646772,3.7472425921777166,1.5180891672725314,2.0486228491576073,1.7328848121006244,2.8603645604549413,1.0419403494965986,1.4000513990266361,5.2997335534492365,7.186757376572234,1.4598740100866443,0.0,0.0,1.9092039344559257e-05,0.0,0.0
3173000905,2005-06,Northern,3.013909457833294,4.562884115041738,4.186890933335614,4.374033209780471,0.74967746516887,6.972841224543476,4.048886137626132,3.7137879070344186,2.8361934241756943,4.6973901218942515,1.4215644985566698,3.2376627596093472,8.300098210470987,11.332577959701874,2.379475881427924,0.0,0.0,2.2348470024652276e-05,0.0,0.0
3173000906,2005-06,Northern,2.319040866980029,3.210736091182469,3.291792857881198,3.0198513975066854,0.6133032696204831,6.066864762551032,2.0035234863318907,2.7545068794102976,2.236820323282488,3.5112126895223095,1.1305416970693984,2.201510592008194,5.9987215715404165,6.9521156054396265,1.7960844552722726,0.0,0.0,1.8447896826000685e-05,0.0,0.0
3173000909,2005-06,Northern,2.3573820604526965,3.1432619336843692,3.1604024773621626,3.176768083434727,0.6776985008342787,7.100890505872395,2.483536592604279,2.812168287021962,2.060738348631494,3.741380745545416,0.9514071153061205,2.313134478264876,6.752058292186223,7.917015307282884,1.6891476741036575,0.0,0.0,1.748801076332005e-05,0.0,0.0
3173000910,2005-06,Northern,5.629348425810145,7.3860362194711335,8.431541633649179,8.061366272294823,1.4572510865106811,14.235140376813021,5.044929855311781,6.617043278884292,5.274569479487593,8.650361572971576,2.2606483604423215,4.448531582907551,13.091258182294442,15.094638918872173,4.174974818043071,0.0,0.0,3.2843616610329525e-05,0.0,0.0
3173000911,2005-06,Northern,5.34960631595148,6.7928654267700574,7.309361514106654,7.055676507304096,1.859810611926153,14.926180105183672,8.855230506111038,6.3069985244208056,4.4763904711053,7.26728901553526,2.12592939603426,6.617897479214988,10.15703527044559,12.368520624553705,3.494661110860353,0.0,0.0,6.368604748362307e-05,0.0,0.0
3173001001,2005-06,Northern,3.534696147856111,5.297657568054393,4.942109478573889,4.909023784932283,0.8401605246504169,8.362342170488574,3.659626271136674,4.3615852946719285,3.2314974078978356,5.158436981323623,1.4834203478741128,4.000139722198978,8.981665631254648,11.49576504297666,2.566103445127784,0.0,0.0,2.410342796569603e-05,0.0,0.0
3173001002,2005-06,Northern,8.49657952914594,12.788193871423541,12.553767244869297,13.40393680517208,3.0234096953633762,24.976008295583302,11.965463751354797,11.730305796287547,8.705567794243521,12.963266956736224,3.6181289928038507,11.3054240308775,22.785735732381873,24.2509599926118,6.106472036917626,0.0,0.0,4.861053770992688e-05,0.0,0.0
3173001003,2005-06,Northern,1.4964544421006194,1.9458904623489885,2.0194305299047532,1.9972546928915886,0.432471259224979,4.444653458751142,1.7376203397589611,1.7180004361255612,1.344607619509962,2.3138439162207898,0.7141063053505681,1.4988575740009642,4.142285321003645,4.847499111690527,1.0740758089121327,0.0,0.0,1.9798179178399994e-05,0.0,0.0
3173001004,2005-06,Northern,2.0869598069282342,2.7156723598294445,2.9442779463544375,2.7062067183757303,0.44331710152817777,4.7152298557425265,1.8125002599302695,2.287793133225446,1.8333592400876708,3.368451885178428,1.0543254722148705,1.1994307565792286,5.769583539140603,7.482994851347019,1.6896057563290214,0.0,0.0,1.5432441078946324e-05,0.0,0.0
3173001005,2005-06,Northern,1.8564610762788023,2.4772445267758325,2.5886996964611253,2.527814961549549,0.46130253511942637,4.732176435369042,2.0628555144856136,2.1507872368676506,1.6438539527647484,3.022192976512877,0.9191953375879883,1.4532524745326676,5.295858220112642,6.961145021538412,1.4367146571458447,0.0,0.0,1.7186086869255426e-05,0.0,0.0
3173001006,2005-06,Northern,1.3397109110771552,1.8539012432416746,1.8153132992336525,1.9130379195501004,0.35273181532226683,3.6816542984353253,1.7479686400694687,1.5451389789136494,1.2428991656636166,2.172743120415975,0.666134825807213,1.3875095483515363,3.974091530082879,4.6862977586280365,0.9719874684539784,0.0,0.0,1.9139441843643942e-05,0.0,0.0
3173001008,2005-06,Northern,3.1348421770367394,4.4576716486256105,4.41543642361345,4.7903383943483995,0.8429130564538851,8.747457214503447,4.351731670811019,3.836691111035888,2.8229218950950745,5.093408298193407,1.3107469766201587,3.1854675081967887,8.86752611172685,11.071265485396923,2.3194241795430304,0.0,0.0,2.2530294826107283e-05,0.0,0.0
3173001009,2005-06,Northern,4.512156491356321,7.5567624901452275,6.504299419948819,7.008516813772298,1.1481165382449254,10.616554914869281,5.864865196283389,6.067966378993035,4.521150530031485,6.940489643218874,1.9598684453798123,6.1412427445343045,12.57396867082974,16.562955758881174,3.412550136835041,0.0,0.0,2.9564455388041204e-05,0.0,0.0
3173001010,2005-06,Northern,6.282567034043336,9.60632854333262,8.850018467190221,8.126213366552655,1.7708034477567334,15.879973389306443,5.0848200617257735,8.292156235296218,6.402246219058275,8.802315573704023,2.886563100761369,7.582451842139161,15.823167677544781,18.956688269214258,4.871557808775522,0.0,0.0,3.8599478652276845e-05,0.0,0.0
3173001102,2005-06,Northern,5.319049859951922,9.263873814653158,7.907216262481702,7.853866089975647,1.4604631234059926,11.97793474202998,4.347509384135697,7.598224230648912,5.926457040476916,8.05668631666919,2.7171517513534744,6.4908045412545174,15.5142224922827,19.595186011914663,4.410591109513405,0.0,0.0,2.8583527223256298e-05,0.0,0.0
3173001103,2005-06,Northern,1.894487016389624,2.458683778613068,2.553629350148261,2.361230297865633,0.45267234491844965,4.793730650281985,1.9829394706574053,2.076483585508953,1.6322434602978302,2.8195988512844856,0.8839272590633434,1.6978541609429265,4.856121437070979,6.37079057176287,1.4130555481140108,0.0,0.0,1.9246282440257765e-05,0.0,0.0
3173001104,2005-06,Northern,7.275114149522808,10.939370370863656,9.882169850684319,10.88176936627671,2.8963965427686973,21.330092316883107,13.302085231994408,10.012681704955401,7.009133392127434,10.559043016249325,3.0639784830046133,11.41815356284164,19.54788550598852,18.759551455041766,5.1470553131763035,0.0,0.0,7.26213176659351e-05,0.0,0.0
3173001105,2005-06,Northern,14.70402631406405,36.8788588581902,21.12310948926493,24.206107721167264,3.596400120343918,23.13164221834943,16.262370509192646,24.193547687124322,17.04500752322513,21.211040337179174,7.510807492520155,29.173297720182113,43.82581408773259,76.11562608439215,12.926221462266076,0.0,0.0,6.416706283868271e-05,0.0,0.0
3173001106,2005-06,Northern,3.9468344909962267,5.618221745616638,5.418774067570027,5.170946186658252,0.9454765701962624,9.965746224984366,5.2163241372831015,4.6709623003767025,3.5419778386379055,5.456555077908562,1.6140544354082542,4.78383467498497,9.187244250067526,11.883860893979497,2.7473484335979967,0.0,0.0,3.172419120526053e-05,0.0,0.0
3173001107,2005-06,Northern,2.9700851421352334,3.457533022097706,4.149951804531028,3.931985201707961,0.8819907513732381,8.825685636614125,3.799821476198832,3.2746587645600562,2.526767194468696,4.51446116810842,1.2234622380083457,2.5449006348185383,6.975621870360327,7.806408470087831,2.023078418394601,0.0,0.0,3.023277427810187e-05,0.0,0.0
3173001108,2005-06,Northern,3.0892268259297637,4.553863473160604,4.22344091156754,4.519632056786881,0.8338368703235259,8.076594179536034,4.118851085029625,3.856423205605661,2.8120761596530195,4.67651913025937,1.314436166895504,3.7639608661538504,8.624824968548564,10.650203491003895,2.175227596608892,0.0,0.0,2.7385048043583827e-05,0.0,0.0
3173001109,2005-06,Northern,2.595346245723718,3.7897916410227905,3.7438410797927477,3.843810128091138,0.7205348438838344,6.564721906611045,2.9795212908244433,3.1864514552178878,2.491592166846702,3.964813975814875,1.3005936796982687,2.7386374485414144,6.748349890341208,8.286181345515006,1.9612838844697074,0.0,0.0,2.0228523130428706e-05,0.0,0.0
3173001110,2005-06,Northern,2.7134531043334174,4.346114985143644,3.903866596898672,4.253441105621543,0.7527968839522641,7.089240584809181,3.000579280388282,3.5702346455127247,2.5944880547857374,4.203688342593396,1.1752345630676404,3.3705415217991908,7.35026348885562,8.425151491539026,2.061726654194219,0.0,0.0,1.9113319962920435e-05,0.0,0.0
3181000102,2005-06,Northern,11.960105463886512,16.635458178875634,18.2352834810499,17.26860326117976,2.93018723358175,29.768951601591805,13.085703702324166,14.750749365516791,11.745239119038663,17.95427084583287,4.39551501950777,10.933276808868694,28.099986506180993,35.34119603693912,8.883068218423858,0.0,0.0,4.2931831138347415e-05,0.0,0.0
3181000103,2005-06,Northern,2.1688850873075656,2.861331486300042,2.984681879494396,2.7100685103933917,0.5345887006476848,5.370573300877733,1.8808259272142172,2.5092495800027104,2.0088179565311868,3.4259566425636616,1.1484339745078742,1.559499745352394,6.236440975427358,8.15091639867542,1.7680537288902687,0.0,0.0,1.7770057396390044e-05,0.0,0.0
3181000104,2005-06,Northern,2.6972390736545626,4.143574476162261,3.6741954800141094,3.7794706592947445,0.7459733890964351,6.885101257307826,2.6775151102970196,3.4307936681763893,2.534347484516953,4.144930526687533,1.2087372198685506,3.1632664740463268,7.646116493386988,9.037955458857711,2.045347546606604,0.0,0.0,1.978599415110699e-05,0.0,0.0
3181000105,2005-06,Northern,15.653436775846908,31.52219502227537,22.46910876061671,23.88025178697293,3.7159941262815694,31.603922395159096,21.868106705779315,23.09003315740143,17.141667186142648,21.09530331857721,7.380299397587245,28.581400802497964,39.36152011240266,56.41905576226488,11.337493947446701,0.0,0.0,9.032197180458716e-05,0.0,0.0
3181000106,2005-06,Northern,2.7324157141829493,4.235818001804922,3.908195377520464,3.8517520870465365,0.7933984852551021,7.223467312875049,2.4210979978796234,3.551242420352592,2.799990268908152,4.100279055180445,1.3553693982004855,3.2253402600238643,7.572190914194202,9.119729052329925,2.1464963490621707,0.0,0.0,2.2798053902159836e-05,0.0,0.0
3181000109,2005-06,Northern,1.3792912054036934,1.6913921169376658,1.8769297231927509,1.839845789340794,0.3837951985476349,4.165133342918305,1.5079675243766153,1.538677085324604,1.1609298652100735,2.2798689396683876,0.6590242023602758,1.0037790433897198,4.003555554470526,4.800331701477876,1.0003590377348361,0.0,0.0,1.4143328894856608e-05,0.0,0.0
3181000111,2005-06,Northern,6.939021837111416,11.729895515261308,9.843142115378601,9.643488958249483,1.7420117215403663,15.116062076279693,7.3759467697186665,9.376210352457344,6.810192628659585,9.784720434587216,2.9146769989707653,9.63550790829591,17.876800256760934,23.954215008446056,5.339333062011809,0.0,0.0,3.341923314750992e-05,0.0,0.0
3181000113,2005-06,Northern,4.455996713202274,7.349790950090957,6.523889791657984,7.116853780004042,1.2227649203218587,10.311470615781442,5.654252265246413,5.905660358945547,4.602895394181354,6.676534766585785,2.0467221498333856,6.34898939915701,11.665599063536167,13.87137782772178,3.281956839126777,0.0,0.0,3.0402972901494106e-05,0.0,0.0
3183000203,2005-06,Northern,2.833665592845336,3.690319668045524,3.829206342084582,3.721110566161345,0.6583448282503778,7.475614343280052,3.6044340706587747,3.2280765110192613,2.3896845282526216,4.3640781297599,1.1652043667619623,2.5393135284534467,7.586639557955627,10.328613315641737,2.028844914900578,0.0,0.0,2.409906854884142e-05,0.0,0.0
3183000204,2005-06,Northern,2.7555765663897884,3.884200592510582,3.971348513193221,4.094158533108449,0.77742277601229,7.219728571418921,2.950213374612401,3.281745376450888,2.544194386634078,4.221023514394363,1.26768912202778,2.695064018208596,7.011170385354284,8.193701574435314,2.108004661741183,0.0,0.0,2.04691879780437e-05,0.0,0.0
3183000205,2005-06,Northern,3.678308911330421,5.58020127861736,5.023662504638523,4.891683200967091,0.8881534302245667,8.376742350323854,3.8257884208141824,4.517370965113977,3.3689056531751502,5.391007090570963,1.5905070784408677,4.2088289889686346,9.645244242462947,13.071824554082522,2.835055264384255,0.0,0.0,2.5334819851356717e-05,0.0,0.0
3183000206,2005-06,Northern,2.1087654228591086,2.885783309911225,2.8468514625953825,2.965474080897602,0.605880997046895,5.77882668027148,3.2876141631911495,2.477597612617751,1.9523662805991218,3.1986329189645795,1.0201935159465254,2.4161769662019297,5.7515867295766006,6.497334411997924,1.4871889019100601,0.0,0.0,2.94135814774336e-05,0.0,0.0
3183000207,2005-06,Northern,3.1354180020421922,4.570642288823699,4.415087518267244,4.4846578696129145,0.8394284503812379,7.971679498624138,3.807297691019571,3.840687523759032,3.0044383042026226,4.78576422747741,1.4655754535574685,3.3653995561748427,8.366759057465783,10.679407444538079,2.4513315013480272,0.0,0.0,2.1921004101799692e-05,0.0,0.0
3183000210,2005-06,Northern,3.181681114429755,4.6550043949860616,4.322293666815808,4.623400945637573,0.9324833877455936,8.456238998899616,4.985966983071447,3.9457087095352184,3.046749881854753,4.7162290123610555,1.471790814509432,4.167344586359221,8.566237607638712,9.67405516189712,2.252922725493995,0.0,0.0,3.5496036398445605e-05,0.0,0.0
3183000211,2005-06,Northern,2.8485511504543752,3.967668715969333,3.8724219740685406,3.727632728201347,0.6495926984138892,6.653607115442926,3.485112350970221,3.239171153533697,2.49441463776827,4.12042574660524,1.255983563279317,2.947795986366225,7.055926479516598,9.600745057595873,2.0798422106937817,0.0,0.0,2.5478896723834085e-05,0.0,0.0
3183000301,2005-06,Northern,2.4903170528437553,3.294866268734686,3.362460352644497,3.213870122477616,0.5469658865001418,5.78992617743092,2.9717285510675784,2.7695987169776894,2.1175181910773038,3.8801938983460307,1.1745371912863496,1.96201089483709,6.7578195336190525,9.767723306698528,1.912718371374674,0.0,0.0,2.2231375507885655e-05,0.0,0.0
3183000304,2005-06,Northern,2.5686950873732486,3.631194313535279,3.5938523659420816,3.7219682558460794,0.7480761521908202,7.241347805690782,3.0451896634216586,3.215026196461447,2.4491872563405357,4.178522476604789,1.262747009664799,2.503722985096661,7.604071624015147,9.429728356090873,1.994170846354723,0.0,0.0,2.4581277456821116e-05,0.0,0.0
3183000306,2005-06,Northern,3.052198810324537,4.833100615215321,4.4407925031154365,4.635419746345858,0.8394381184662016,7.486986294064355,2.9369941761447866,3.9920240233757034,3.21258709628149,4.932220513961502,1.6106925210445666,3.1460706877261697,9.096218669245825,11.024924268950247,2.5227197064964457,0.0,0.0,2.2719046620251537e-05,0.0,0.0
3183000307,2005-06,Northern,1.5638193822814088,2.1485161742000187,2.2045697277741234,2.1043342299990835,0.35695905190641075,3.592119050302103,1.5901371201264534,1.7691980600726271,1.4187043376116049,2.5726922807837593,0.8878640504505991,1.0724739738061642,4.54910539980407,5.949889169833595,1.2776536713672293,0.0,0.0,1.4687756201092616e-05,0.0,0.0
3183000308,2005-06,Northern,3.2659881410086933,4.882338373239876,4.5926935337232155,4.713034069271052,0.8957193080759475,7.8213870009082065,3.5048464573782008,4.139130432178168,3.2032147576518404,5.210565998505428,1.7156231279517358,3.143176592271604,9.514556765042297,12.229296699414304,2.67832073043328,0.0,0.0,2.674880901395131e-05,0.0,0.0
3183000309,2005-06,Northern,1.8693633886601682,2.989289221398351,2.7027027656710936,3.1003351667774863,0.5258069987667172,4.773442267871179,2.2009607267069424,2.3717440572025144,1.9653111620762607,3.1280901691713967,0.9691799612147374,2.1150055986922704,5.754109249183122,6.632405073779252,1.5079929755171302,0.0,0.0,1.70363789577688e-05,0.0,0.0
3183000310,2005-06,Northern,2.2531959362897998,3.290025754502636,3.095666877353702,2.989352372632064,0.49109818893620927,5.125883656218291,2.150589208747055,2.587090487981416,2.170213460286268,3.5999891041549392,1.1335000699756794,1.9927504973207275,6.351050485373762,8.393555965181832,1.8626320178011933,0.0,0.0,1.8542039005361522e-05,0.0,0.0
3183000401,2005-06,Northern,4.77052735910304,6.718043084366655,6.609144662405976,6.361778801828437,1.1631031745795888,12.69892006421864,6.5605128956480225,5.8017224355926045,4.359106780219651,6.917091052441147,1.935973185634286,5.386799861320093,11.725458518125414,15.411076855851535,3.407078009669356,0.0,0.0,3.451651917704865e-05,0.0,0.0
3183000402,2005-06,Northern,2.044303134294402,3.161229886214491,3.0006613824906343,3.339903704212247,0.5211351775879016,5.063917013660462,2.1079384914696333,2.5302574307106873,2.1627405010216494,3.671966850900911,1.1043626116603091,1.7536725861071731,6.395036725737124,7.368480676699429,1.7007355020856103,0.0,0.0,2.167988664744606e-05,0.0,0.0
3183000403,2005-06,Northern,1.775731321265955,2.2159887532221507,2.48934643190667,2.496144282473648,0.5491757449970928,5.562650142470372,3.0085319278695914,2.0713213765749217,1.6080256525196748,2.885808460631704,0.9015854309911502,1.6056113933229539,4.631795553588679,5.446183597779426,1.2903645888756199,0.0,0.0,2.437695810338705e-05,0.0,0.0
3183000405,2005-06,Northern,3.357657538744093,4.646423389039885,4.678069700459792,4.525583590215964,0.7811443279793949,8.260768606434377,3.3710766324432218,3.8723262248352692,3.219775461946383,5.126243188038822,1.5720404021601722,3.16870651126509,8.52201661062456,11.005174403470967,2.4298809725654094,0.0,0.0,3.492103338390347e-05,0.0,0.0
3183000406,2005-06,Northern,1.3062267733664057,1.5700776478771536,1.8168164988855293,1.5235098413968795,0.32265537439583425,3.52742485372193,1.1055415993815447,1.414499976912177,1.170785734548193,2.0175897221125054,0.6929813663557717,0.8896167410298884,3.4103056334578485,4.20977909550643,1.0213448672506729,0.0,0.0,1.3972064980435964e-05,0.0,0.0
3183000409,2005-06,Northern,2.715172214931395,4.006546181271706,3.718234074297671,3.7375177448525383,0.7236945368024005,7.089439696543493,2.842599038955697,3.4280490426983232,2.59757203632342,4.364805367877695,1.303552561711648,2.7778364767882233,8.06925538055322,10.733024634269396,2.1512668251355387,0.0,0.0,2.7011745753622415e-05,0.0,0.0
3183000410,2005-06,Northern,3.0087944226683887,4.6472417820477165,4.4480769173714485,4.909396151510867,0.7520340160462463,6.928235846899642,3.2493982945999966,3.6953511890814914,2.953269528887996,5.149989429322855,1.4821020218995702,2.617191194337152,8.667658684157153,10.419175114731052,2.489000166377385,0.0,0.0,2.3558311411395257e-05,0.0,0.0
3191000501,2005-06,Northern,1.6610721751969075,2.1701204584225606,2.2363792785262833,1.9627432532377111,0.41354272491144606,4.150185854625348,1.5004877704959536,1.8404664631910428,1.4778953049491097,2.477326362923833,0.8194452569542049,1.4677476643323792,4.270020866650537,5.563663140437538,1.3187889663492458,0.0,0.0,1.7343665171444953e-05,0.0,0.0
3191000502,2005-06,Northern,6.086569613676044,9.71703648056331,8.736008431592634,8.570728774468627,1.3788306021098324,13.11535857966569,7.165148453022209,7.754545496685065,6.130754745369063,8.849022722598626,2.802872116368186,7.1367588660024275,14.906447814598932,20.855167425844183,4.6690936260518665,0.0,0.0,3.721622751881506e-05,0.0,0.0
3191000504,2005-06,Northern,3.799989589148137,6.565548726350099,5.190740333114103,5.905117938855649,1.0651516122136362,8.370825454371857,4.512484575478934,5.1596955545091046,3.9569651840470415,6.258612454212521,1.8932479235286732,5.132121043388562,12.129535712350327,14.761149497225732,3.141572621099773,0.0,0.0,3.622695579659441e-05,0.0,0.0
3191000505,2005-06,Northern,2.4061587350955804,3.9648157331154104,3.4994157988455714,3.850989593783854,0.5994678715571342,5.2938750336582725,2.4529457892588966,3.0870271448846025,2.5184424171391,3.8593813219639928,1.2720893098961703,2.579582702959045,7.126089796065896,8.78555092830758,1.930158712660903,0.0,0.0,1.904790346687107e-05,0.0,0.0
3191000506,2005-06,Northern,1.9650683277710659,2.56897941909561,2.7130245287411148,2.8565784164507493,0.5554582485946191,5.591732716990159,2.477423411395223,2.2664446819182493,1.721807851610782,3.1714481055163906,0.8518072710408464,1.8768987987736285,5.51506809456264,6.3612769692332884,1.4031956855022714,0.0,0.0,1.74818686282249e-05,0.0,0.0
3191000507,2005-06,Northern,5.131667709128964,8.115274361477406,7.199668675199015,6.9277964162457515,1.1646684066700952,11.103823886273867,6.957949771474171,6.2866497416271026,4.984757049645858,6.77883336790039,2.2402469719751505,7.0479078977062155,11.414134250371102,15.480099430554782,3.6942334298529262,0.0,0.0,3.259666355860136e-05,0.0,0.0
3191000509,2005-06,Northern,2.563906682363976,4.50078711486903,3.5810518314461466,3.7253015897554955,0.5362638759370778,4.778943588894472,2.5546926922454425,3.1901664095495814,2.5238875519797306,4.04905316514802,1.3361865512487792,2.764903403979438,7.437926971906678,11.279469192150064,2.1989297357086657,0.0,0.0,2.0621811409698652e-05,0.0,0.0
3191000511,2005-06,Northern,4.935112417508317,9.770564606592728,6.864785216123928,7.737687669007121,1.1079162546078956,8.45573537496395,5.279897906125691,6.593989635275529,5.1400984721479,7.5857497946909955,2.747182239904128,6.30510981294485,14.581121225581485,25.160967004879378,4.410663775513459,0.0,0.0,3.97654331582103e-05,0.0,0.0
3193001201,2005-06,Northern,2.485495351935476,3.7523451657780655,3.416686209413369,3.5397155731258683,0.6999096513965221,6.410561940509325,2.673948237547364,3.097869722593845,2.388937193175697,3.712776241258349,1.1486707970072696,3.0255613769919814,6.882057114113174,8.358983577261883,1.8803571842339994,0.0,0.0,2.0305991685021837e-05,0.0,0.0
3193001202,2005-06,Northern,11.712258728009909,21.90431585533218,17.2446607210359,17.084137220945998,2.584072458428283,19.45795268884741,11.513462392052855,15.986854140404809,12.080408585719669,16.4155697908214,5.569762831828168,15.053133543639637,29.138313302119023,45.53038867492874,9.968010149718316,0.0,0.0,4.877635812228313e-05,0.0,0.0
3193001203,2005-06,Northern,3.2001987712461974,4.729639226471441,4.530177594875741,4.488087343424727,0.7687259698983456,7.127981235818674,3.305928343397945,3.918671250236415,2.995087590324534,5.018783445441672,1.5918812234112127,2.8452226560069316,8.869471743932303,11.942947524258116,2.579365937687012,0.0,0.0,2.152179404983003e-05,0.0,0.0
3193001204,2005-06,Northern,3.319756803489613,4.866912644305786,4.859480580439644,5.229271577566613,0.9031854770758817,8.083458673100555,3.5862461619936807,4.165986466880888,3.1993490425983575,5.5753997522444125,1.6783028447891999,2.6118250940302183,9.676854063014755,12.121550604671276,2.7024120087650245,0.0,0.0,2.2675446636209505e-05,0.0,0.0
3193001205,2005-06,Northern,2.0861758750394426,2.96214579954982,2.8138532433389822,2.7169169395017225,0.5673236853079161,5.070997704501886,1.8945032477699875,2.472775884975924,1.9328045911471026,3.2345058114370002,1.0640227880342905,1.9667544825515955,6.099342557268036,7.704030532332254,1.6972060370092954,0.0,0.0,1.818581709977158e-05,0.0,0.0
3193001207,2005-06,Northern,3.7111043672714343,5.201934030033657,5.188497574361375,5.288527455362556,0.9750945879260181,9.837990569255226,5.199197589904252,4.536706993784051,3.3868483644626965,5.741147867248563,1.6068068006962133,3.8327766834793358,9.947259950544932,12.812352384588138,2.758094129869367,0.0,0.0,2.7100882425450603e-05,0.0,0.0
3193001208,2005-06,Northern,1.695742417720919,2.2327488451138073,2.310468801949059,2.0809759565070673,0.40684808183043086,4.4007919159416975,1.5150267249922669,1.8848764099335251,1.5689352537768262,2.559462637200812,0.8074709913392963,1.502721534324453,4.459907755958735,5.447141038970519,1.310899079916138,0.0,0.0,1.456268672485191e-05,0.0,0.0
3193001209,2005-06,Northern,1.5228204118276478,1.7626765003507916,2.1165995172665686,1.985251663508403,0.4236079983155304,4.472472537461466,1.7061485818080433,1.6128469098921647,1.2893271920749554,2.377857001506529,0.7134491881925874,1.1407576643198296,3.8246375711766545,4.404858057219528,1.0883812577204746,0.0,0.0,1.77238141116831e-05,0.0,0.0
3193001210,2005-06,Northern,3.9616442727999166,6.1720124208915195,5.700722032959878,5.741491720435975,1.0520016567889283,9.69853677617919,4.753991294599349,5.098770514920268,3.943927048453856,5.6355380819258825,1.7868189655664128,5.25347658355734,9.741169619182639,12.209078315395232,2.9210769519141047,0.0,0.0,2.6282831885145107e-05,0.0,0.0
3203001801,2005-06,Northern,3.333395528478366,6.0242627900934265,4.69343554070127,5.299099889880267,0.7622009751060587,7.25242900329568,3.6884308252507454,4.449729136156038,3.653848111219362,5.644261043845092,1.9295998863977626,3.8065011640246134,10.4017085566552,15.561230866817036,2.732912787129065,0.0,0.0,3.6669913736897036e-05,0.0,0.0
3203001802,2005-06,Northern,1.7509269346724057,2.4483052582200737,2.428234590071106,2.2051188428832575,0.3916781527389654,3.8933763727869852,1.6859753523833747,2.0287280351572026,1.6032615119240188,2.813275360347658,0.9263219872001885,1.353829329852936,4.938343861191404,7.083874366709013,1.4559769060255972,0.0,0.0,1.7345249787748043e-05,0.0,0.0
3203001803,2005-06,Northern,3.9801397896394266,4.74387325529433,5.662300847183961,4.969828872982671,0.9993825442963374,10.7309672073853,3.04370894198178,4.403108218189859,3.6276439948577917,6.101689724144506,1.6569567868482666,2.6826746083352635,9.509535639816681,11.011689673321177,2.957338924639265,0.0,0.0,3.1771499861371124e-05,0.0,0.0
3203001804,2005-06,Northern,1.3483916111529501,2.1055899041846473,1.8298659072814658,2.030548624006655,0.30955888244714247,3.114558934458706,1.7477458138813584,1.5870791978845455,1.2609402589640852,2.105418414586848,0.6177912710895463,1.6152439482643002,3.808695825636383,5.1455997601811365,1.0471481938284386,0.0,0.0,1.2644524893825995e-05,0.0,0.0
3203001805,2005-06,Northern,5.9451114907737646,8.429311170561249,8.28357184747319,7.379486795666256,1.476714210921703,14.596697338953224,6.003346254386108,7.244769072001447,5.614698040986334,8.153645929126553,2.5194410041802144,6.634198302066078,13.58978570283007,17.35689089258937,4.454405916687629,0.0,0.0,3.5420651174506375e-05,0.0,0.0
3203001806,2005-06,Northern,1.7581658254194161,2.657338141872595,2.5707965945452167,2.581854898985014,0.3864851497979253,3.8386012664126996,1.6664013791342767,2.112096716888448,1.6906179301539046,2.8861083970022663,0.963394066262999,1.3867250435106937,5.0823629080683075,6.706008483546524,1.4121341763886104,0.0,0.0,1.587457299446596e-05,0.0,0.0
3203001807,2005-06,Northern,4.845555953921388,7.562802710715332,6.6742266387074265,7.226283737145351,1.4484857387374999,12.477800178961258,7.659024450333584,6.354863585387926,4.806371904409611,7.000141533595812,2.1787580471470704,7.155295207888777,12.88698445794741,14.528782417476819,3.430560921360068,0.0,0.0,4.267553637655105e-05,0.0,0.0
3203001808,2005-06,Northern,3.4422131179622797,3.988005564208248,4.817891690594663,4.333777054619363,0.9467102715916631,9.680262024154068,3.7932326514340655,3.742180624290321,2.9338078012322577,5.10992363061116,1.445030972785987,2.8507253689883427,7.3980740255017565,8.864745338209136,2.33765198069653,0.0,0.0,3.766700477658733e-05,0.0,0.0
3203001809,2005-06,Northern,3.115189685837679,4.205104091918074,4.329234454358971,4.293809179298133,0.8616418726543361,8.850182075415404,4.942497229579664,3.743792509027521,2.9032533001836858,4.776779490639517,1.4249396977000997,3.2292519757706786,7.922653171376314,9.755719698676689,2.3278257533420277,0.0,0.0,2.8311599882446767e-05,0.0,0.0
3203001810,2005-06,Northern,2.424423054016509,3.181071346770686,3.273815571727882,3.0577140973063734,0.5662234138658903,6.343002080690639,3.171198536860346,2.6829220578094968,2.0790575885136016,3.444372449485282,1.0345712710310653,2.515209249441457,5.735459474753544,7.449717747088999,1.681149248134342,0.0,0.0,2.5432543172874165e-05,0.0,0.0
3203002102,2005-06,Northern,1.759289836970796,2.380855335201719,2.4375186584418698,2.4576984437470935,0.5371739869686087,5.15637135106034,2.0120762741205493,2.113364877166672,1.6733421798639798,2.7608770212462783,0.8711708550471301,1.7696985335170445,4.9252033660219565,5.747263443059347,1.321092852721075,0.0,0.0,1.7370743557903672e-05,0.0,0.0
3203002104,2005-06,Northern,4.42543937775418,7.769783086549767,6.278560248485429,6.742173796141336,1.2020210313828905,10.954569341492078,4.288026962992237,6.154753476086635,5.028542783450048,7.2095577069511245,2.3410090906656222,5.649361262391552,13.492669404682191,17.342000767648475,3.8250898000409443,0.0,0.0,3.5106967480439294e-05,0.0,0.0
3203002105,2005-06,Northern,3.0119957340147674,3.8432370615051403,4.256583544592655,4.261659219714711,0.8457880805704845,8.338456094936882,3.944442586402863,3.428812705804513,2.6667128846692747,4.545715355924682,1.2584023245463458,2.9435250804328548,7.2384045380419195,8.378326348826937,2.094667783255976,0.0,0.0,2.671861650106596e-05,0.0,0.0
3203002106,2005-06,Northern,4.146059963118095,6.571917832381446,5.760438090113348,5.883965535467115,1.2059504210998078,11.275331817964545,4.062246470921607,5.553687991374995,4.381135692163782,6.490818477776862,2.154215104117459,4.909776894350624,11.582123631113353,14.689957574437958,3.466136978057842,0.0,0.0,3.96146313672505e-05,0.0,0.0
3203002107,2005-06,Northern,1.908393403728666,2.903641392112555,2.68717428710718,2.863332918463126,0.4485543222692736,4.4744645019283125,2.1064314935683326,2.2674401997498626,1.8228088368028874,3.0072617870313,0.9113721766305665,1.9644706948330652,5.374696013058726,6.957646664822966,1.5042073308477069,0.0,0.0,1.56170875566584e-05,0.0,0.0
3203002108,2005-06,Northern,2.843610078878424,3.581422751925766,4.015170043000684,3.789063391254843,0.8709564802639409,8.509116952959666,2.745990071036676,3.350168500055879,2.661548061670005,4.450679267036729,1.3235552602790754,2.3943144113684416,7.333400441627329,8.091292511268538,2.1319326978419726,0.0,0.0,2.9086449575622897e-05,0.0,0.0
3203002109,2005-06,Northern,3.0489284926480558,3.9963613665525193,4.175561153136959,3.931287310315837,0.7582467607682424,7.868474402995566,3.1101203039057874,3.5316265465361747,2.645137782746076,4.640369218168344,1.3410630368837961,2.5805286647696937,8.043154677953599,10.222637479043433,2.2755504511773443,0.0,0.0,2.058200077434664e-05,0.0,0.0
3203002110,2005-06,Northern,2.4487382347118416,3.167674437316367,3.464248459492373,3.5179684616429445,0.6257772531978152,6.747388458256849,3.2585126210135256,2.7647913747655877,2.2149795335571087,3.8878992080515173,1.0736223545259451,2.0631963844618304,6.305208329234357,7.831845034549484,1.8253703610184968,0.0,0.0,2.0144981565379038e-05,0.0,0.0
3203002111,2005-06,Northern,2.5261852186232803,3.5832023694959134,3.44376827892744,3.399063755157154,0.7372109985821921,6.646637595261977,2.434969746701473,3.06962539634529,2.4615846893860187,3.9205065278237363,1.2344641539159906,2.7543945384421615,7.066299561552168,7.768145453168703,1.9419904554670657,0.0,0.0,2.765412470770096e-05,0.0,0.0
3203002401,2005-06,Northern,2.157915809433896,2.9045706262476454,2.91785357924587,3.0829340474787026,0.6330148130044236,6.374511508023993,3.5456261670975677,2.6019373088024174,2.031588234943965,3.5125742522713583,1.0690747373076475,2.2162580196189126,6.312817123869722,7.26814484184233,1.5836976351182914,0.0,0.0,2.9815682263993512e-05,0.0,0.0
3203002402,2005-06,Northern,2.263274390770126,3.211221736957627,3.284690547665594,3.36613979278399,0.5787736928917657,5.70329220500398,2.4801921363627977,2.7344942894585706,2.1380559688492284,3.6507697931234366,1.1416136009682052,1.955305631325195,6.296716769480025,8.034488813170903,1.7486989775692834,0.0,0.0,1.8883768825597572e-05,0.0,0.0
3203002403,2005-06,Northern,3.5913191926535073,4.867148098244396,5.017425151898313,4.7525088956823875,1.0006462479342317,9.994897603873566,4.238263375163514,4.349107788917612,3.3637890594281723,5.323063738886958,1.59909862075015,3.7452060158607887,8.940373308519952,10.846279485230305,2.6771602280847824,0.0,0.0,2.6516047123041416e-05,0.0,0.0
3203002404,2005-06,Northern,2.805531085515442,4.856145126813029,3.9462238866009542,4.439118748286304,0.724404440301947,5.947039607508371,3.438520870306104,3.702156502435679,2.891668710766688,4.2652337512181475,1.4110134599728843,3.88818207469777,8.021412786258562,10.459073778192272,2.1463725475767865,0.0,0.0,2.4171018984355235e-05,0.0,0.0
3203002405,2005-06,Northern,3.5855477596329695,4.656505225058714,5.192642317843914,5.178864160366992,1.0051174904594782,9.448767189767203,4.182255705661359,4.191813054697681,3.277670881482718,5.536798238908681,1.5497980109406713,3.3063703001083042,8.749993395314478,10.02877926358624,2.5362258473201997,0.0,0.0,3.0173223320600856e-05,0.0,0.0
3203002406,2005-06,Northern,1.46368360846668,1.7909357086944533,1.954249058298805,1.9322014545896264,0.3884273716552528,4.2589640988055795,1.8137027529205674,1.5858645152498205,1.1865247748505419,2.2996924730800266,0.6408638551863424,1.2494308896051411,3.9868111957247026,4.947839047410077,1.0288355409328471,0.0,0.0,1.5316836494107373e-05,0.0,0.0
3203002407,2005-06,Northern,2.9515232734649994,4.241511715442612,4.140172988887866,4.088871379379284,0.7171816827631031,7.021031777788547,2.8553076496765724,3.558966010419137,2.837592631423574,4.6483994725603095,1.3765653267117615,2.639194640034488,8.107377607553717,10.719947595611444,2.3178981521540805,0.0,0.0,2.3394586242600387e-05,0.0,0.0
3203002408,2005-06,Northern,5.542671112907878,9.142898901299114,7.862695715336772,8.156822393612675,1.645169447019868,12.987225532299364,6.108178305453943,7.520310208491005,5.759699680750159,8.014807357220514,2.6326980484995244,7.807050914190046,15.072402393229721,18.15246471299808,4.306718842754491,0.0,0.0,3.5345052440823807e-05,0.0,0.0
3203002409,2005-06,Northern,3.4868253513614205,4.81556947948187,4.9008461697484185,4.76132403554762,1.012118921403159,9.981106853454406,4.2782470017040435,4.294382613811349,3.339027005571904,5.300117728100901,1.591293222554273,3.70114640774911,9.007912523685297,10.965982745109281,2.6778461234019284,0.0,0.0,2.6511145479462987e-05,0.0,0.0
3203002410,2005-06,Northern,1.9462629601534398,3.0019791269660607,2.7025441146101095,2.715679073961184,0.48143057408066814,4.701964279837489,1.8587013030401585,2.372960061333166,1.9896372132600173,2.952934164568806,0.9885710008854648,2.1832921672824823,5.394941637782335,6.634730608354216,1.530323346657867,0.0,0.0,1.7344361275716132e-05,0.0,0.0
3203002701,2005-06,Northern,2.5330606031769567,3.6979259962021183,3.462967945795089,3.469246536465979,0.5770211678583401,5.831280249278781,3.182872436149154,2.9283526099092887,2.2855251542311894,3.6650149319386007,1.1303781123463035,2.8490909589074898,6.368935705430916,8.641713256152986,1.857145459318807,0.0,0.0,2.170514976946718e-05,0.0,0.0
3203002702,2005-06,Northern,3.7411512966838765,6.486090393668216,5.272121353853364,5.652479070842662,0.9555495411798518,8.491664444934814,3.5685720704207884,5.015739506635016,4.094724356140972,6.175216881943263,2.032702252249154,4.229388198287697,11.674288065259432,15.909767928261012,3.331848547324936,0.0,0.0,3.002989138527827e-05,0.0,0.0
3203002703,2005-06,Northern,2.1438328978923127,2.8766146660579603,3.108164283587328,3.038352143730421,0.5126117681238095,5.201880755858514,2.1196364237217256,2.430741969255603,2.0277007555901925,3.5420234004115847,1.0977732603430674,1.6403299909727844,5.545783287288596,6.718948936824811,1.631222824634779,0.0,0.0,2.3777495552373482e-05,0.0,0.0
3203002704,2005-06,Northern,3.7448912779520915,6.461372027338695,5.040732003535104,5.803100016677584,0.9163633658150958,9.672386913422576,5.643526190310417,5.024960156455985,3.9770693639986106,6.309676073288818,2.08116522760114,4.61331165873079,11.18789163210287,16.398919175300183,3.027421381193414,0.0,0.0,5.089522322586663e-05,0.0,0.0
3203002705,2005-06,Northern,4.143950129553622,5.669664753526017,5.642645494278235,5.182481678215481,0.9403333481082281,10.178468907436695,5.817609137309882,4.781460584736167,3.752862714533216,5.909485581545974,1.8387710482184332,4.2096522865926636,9.422767858650184,13.017038125299896,3.093086059943253,0.0,0.0,3.576759444261019e-05,0.0,0.0
3203002706,2005-06,Northern,2.281187426203523,3.1093501398169874,3.2097216002287845,3.152686253591142,0.5804639584054594,5.815902660730819,2.33829002095891,2.6587917347173406,2.1108381266505893,3.579612164350894,1.0831294050983906,1.9956414048131825,6.185618676986737,7.356532073919367,1.7350638516469252,0.0,0.0,1.6802488247802654e-05,0.0,0.0
3203002707,2005-06,Northern,2.0863526983204315,2.8200494378698022,2.799577045169474,2.584199666347723,0.5273249002333142,5.427663405473779,2.0225497614601364,2.3994132357633875,1.8413310222906356,3.1219803978450305,0.9263032995630506,2.0651000266471957,5.49332792090454,7.1170136281231375,1.5823132292204358,0.0,0.0,1.8942453037726626e-05,0.0,0.0
3203002708,2005-06,Northern,7.605881729922428,9.985151166163114,11.031381354750781,10.247597891888576,2.199864718901726,20.337133124902472,8.567156483712484,9.174668320318403,6.96526298257973,10.836256284600957,2.966120556016749,8.213991219374163,16.10932839007275,19.373094242166694,5.184098921864686,0.0,0.0,5.402743472930747e-05,0.0,0.0
3203002709,2005-06,Northern,3.6942879477861155,5.07535855192041,5.19286477248282,5.245142607860173,1.0239175954166522,10.67854582555298,5.446460636821422,4.546660626009762,3.366162117254982,5.597080692836938,1.575472280523436,4.172939980368159,9.288118878285264,11.750851434722845,2.575377046256986,0.0,0.0,3.46713511830263e-05,0.0,0.0
3203002710,2005-06,Northern,2.22452005799437,3.0672462762434507,3.1003130531042298,3.305689336078391,0.5339035048630028,5.3661787838641315,2.69221216597763,2.53899150963279,1.9422202965922688,3.664043427136785,1.0821087059403345,1.7305950269982258,6.467252542948787,8.274124447609196,1.7162490534975416,0.0,0.0,1.7537298511191407e-05,0.0,0.0
3203003002,2005-06,Northern,11.469749684458252,16.90008457216021,16.24864490159316,14.973156333199531,2.96801161471872,27.97862186495638,9.541213036667255,14.813495904851544,11.72280360071515,16.798589820454854,4.865644188624257,13.220117969238714,27.385722936132208,32.81612006199876,8.3451287401891,0.0,0.0,8.229850011158794e-05,0.0,0.0
3203003003,2005-06,Northern,2.5091996978216207,3.6645778213091247,3.4566615255706017,3.462644661379477,0.6244970695880485,5.684326363893583,3.228128929209603,2.981176657941948,2.2953785431271525,3.8278631618437893,1.2261834937330898,2.594234498234131,6.662656715951586,8.926877330304489,1.9698557081526527,0.0,0.0,2.263848964482793e-05,0.0,0.0
3203003004,2005-06,Northern,3.6750705810388,6.311252486184389,5.053286532375789,5.192811732191094,0.7883691112905695,7.032927649216364,3.9427777865452884,4.557238548200943,3.6221953336434183,5.556511835462726,1.7780064738799997,4.361226745265928,9.977275151745108,14.830825207596158,3.0837836563028076,0.0,0.0,2.6235483640379893e-05,0.0,0.0
3203003005,2005-06,Northern,3.3041821762582826,4.772223979108945,4.687901961360779,4.42619799829918,0.8237645172524173,7.868097345827884,3.0214109813903223,4.0094443504424975,3.2148786113549734,5.027229287240141,1.6087148681198067,3.0817196942438905,8.829992750347039,11.492597362780508,2.701222494226302,0.0,0.0,2.25676417307379e-05,0.0,0.0
3203003006,2005-06,Northern,2.127480351176379,2.7928661807316,2.910892902791235,2.691943525535457,0.5046614126007859,5.628329012776675,2.0868094792256677,2.413370414814678,1.9802897472878211,3.358851076814297,0.9932211823234671,1.7572942195175147,5.851985174684226,7.511278363705127,1.6790834219550306,0.0,0.0,1.697028145010865e-05,0.0,0.0
3203003007,2005-06,Northern,2.8438062725662716,4.46026976662837,3.9813082596990674,3.8723642497172888,0.6550756505191523,5.862072935695466,2.6707055592475046,3.4542584674624535,2.731511132651399,4.246517057019725,1.4304585315015574,2.9638874116769944,7.526128907727066,10.480939808503527,2.330725492498432,0.0,0.0,2.2015861539118914e-05,0.0,0.0
3203003008,2005-06,Northern,2.6223677436487045,3.603306372675685,3.682523901385224,3.4733482821483808,0.7229415207219935,7.083035129117727,2.674326095574711,3.1427489702007545,2.4744916445769607,3.8725035016150646,1.2351514858074149,2.7433908797586084,6.593311494125203,8.053068318449519,1.9665769472558667,0.0,0.0,2.2321836180094013e-05,0.0,0.0
3203003009,2005-06,Northern,4.6283404542585505,5.6258028735956795,6.541202543371196,5.99791765956092,1.2973478953086262,12.774121019686609,5.134756480981144,5.2272586318471275,4.04768009166317,6.774496385356609,1.8728106660644568,4.264671410650559,9.885984206224142,11.867551809820561,3.1528298749264345,0.0,0.0,4.3252749823808247e-05,0.0,0.0
3203003010,2005-06,Northern,2.5294687110427327,3.6534397482922065,3.5634307313898628,3.322500447071562,0.6508822655562195,6.195482023204136,2.2575273742581894,3.0143840986596975,2.4654178573176706,3.682792257134777,1.2412670418591685,2.669522082299447,6.325717611029407,7.880030302817768,1.991000361887463,0.0,0.0,2.095289166281558e-05,0.0,0.0
3213002101,2005-06,Northern,4.271332639937174,7.363112010873772,6.022299513090195,6.10615204874288,0.9218565109331234,7.829411776440326,4.440310330848265,5.393343217517394,4.191645183023699,6.254934794368489,2.0860477839195544,5.041927004571608,11.0928312461387,16.786351489714015,3.484969455883418,0.0,0.0,2.833223431635547e-05,0.0,0.0
3213002102,2005-06,Northern,3.634002157250867,5.105541550824858,5.260340558397042,5.696741267383661,1.1911407993682799,10.520989240505555,5.949893975323578,4.6273323626733855,3.437413199971236,5.790600196533554,1.6913804988390706,4.034488723812189,9.907278945125086,11.639101392715467,2.669959313278188,0.0,0.0,2.712689415632312e-05,0.0,0.0
3213002103,2005-06,Northern,2.293025490644454,3.378754209296939,3.194115048671573,3.3394423489615876,0.6362401882230272,5.806663729146398,2.574079232980152,2.8217822446644902,2.1611399304668533,3.6198058219249636,1.1747528077120684,2.341910087670407,6.628482595323738,8.371920557507549,1.7929365842978413,0.0,0.0,2.247886426039195e-05,0.0,0.0
3213002104,2005-06,Northern,1.946962283236476,3.308912867927469,2.7364884041744735,2.7669366169912966,0.47226441143047576,3.9618853424825877,1.7268672241610452,2.493458711726425,1.9850187309792584,3.129185757860307,1.1384612608068716,2.0461766844733127,5.888075072844388,8.594197584355781,1.6844627986334755,0.0,0.0,2.1550565159441956e-05,0.0,0.0
3213002106,2005-06,Northern,9.898795127510224,18.337948755754017,14.148226710855678,16.257006165654296,3.1555523997024264,23.52435420351251,13.220882926987496,14.970889182028353,11.21116384809397,15.20714912806847,4.6423388754875505,17.471422389952806,29.89969059981184,32.22170839363538,7.643794235763631,0.0,0.0,6.178573670056731e-05,0.0,0.0
3213002107,2005-06,Northern,6.581113647613657,12.302569018021913,9.557029025720281,10.07357233643888,1.6872563956664857,14.378000235881654,6.283390717430665,9.681701556315552,7.158263409224402,9.717369061365492,2.8743173845807513,9.741254586501931,18.815463310963004,22.961254196163665,5.139256646389722,0.0,0.0,2.996736308925292e-05,0.0,0.0
3213002108,2005-06,Northern,2.483748172249188,3.5247306785454775,3.478564459017924,3.3994690560185443,0.5884202951768664,6.150846019142737,2.6579848540135047,2.9483401953445654,2.3080600940768914,3.716672868774934,1.1127769293724747,2.521648372975148,6.3759075072378995,8.193114103242815,1.8302119205594027,0.0,0.0,1.9754860276625443e-05,0.0,0.0
3213002109,2005-06,Northern,2.0601264510121275,2.583709770877389,2.7944666369652023,2.6724463421419498,0.5425539440034342,6.004523958505329,2.1174157443925963,2.3376092283592746,1.758807431190212,3.247270704584378,0.8532655502430722,1.7467345218520063,5.731000812488545,7.136852531820231,1.4944689564232092,0.0,0.0,1.6611692543523214e-05,0.0,0.0
3213002110,2005-06,Northern,8.252207887748817,12.416755182231002,12.161785951301564,12.375585930198017,2.6293998024829968,22.55958072285258,13.928905873068604,11.223983758067627,8.219670474496032,11.813787517265695,3.4403705705353977,11.836448923428614,20.326366637799968,23.881064085973073,5.716693078872065,0.0,0.0,4.690586338360383e-05,0.0,0.0
3213002301,2005-06,Northern,7.66962253607763,10.625921583073852,10.64491762537532,9.759423090983526,1.9374207022548817,19.246058028415323,6.296092049049215,9.385309790162314,7.562334860758747,11.488450987418048,3.311449179130754,7.855410854581796,18.439878796231827,22.15242840116651,5.576251307924708,0.0,0.0,6.910006491552466e-05,0.0,0.0
3213002302,2005-06,Northern,2.8779297489163316,4.090803746124234,4.036447976321679,4.1313274450849695,0.7462772646049521,7.472480155675423,4.341012924089075,3.46005203756246,2.7092890775305754,4.330029386927782,1.3565770420102468,3.2823607725759425,7.067793557928905,9.35206125981828,2.0679972647047444,0.0,0.0,2.8710882211024097e-05,0.0,0.0
3213002304,2005-06,Northern,2.6421418460809365,3.9599624740718835,3.5810539582672045,3.7008968871034673,0.7148226065553505,6.442203429443679,2.904954188139769,3.289678066601776,2.4524721943131564,4.068074635200947,1.221518207596154,3.012322173402252,7.6177857553632755,9.688355560884606,2.00916913207378,0.0,0.0,2.3470180501237293e-05,0.0,0.0
3213002305,2005-06,Northern,3.4383637659311344,5.013923449111131,4.662653621595247,4.519962577726123,0.9155119058025054,8.294412497508775,3.839908423702582,4.181139754144141,3.193780263524266,4.95519107928445,1.4861481339687677,4.153696999893261,8.723910230467654,10.884839879868673,2.5850396027330156,0.0,0.0,2.451527620922552e-05,0.0,0.0
3213002306,2005-06,Northern,4.013731375687766,6.593015543596741,5.483880702426615,6.001944163510704,1.1206799387765978,8.988252544798035,5.485922334029242,5.295277399223174,3.9779467112958007,6.026295307216918,1.8911033548047684,5.654181006143309,11.385992739017464,14.221848121855697,3.0362980033874316,0.0,0.0,3.533903097989184e-05,0.0,0.0
3213002307,2005-06,Northern,2.095225696539689,2.672804737887076,3.097880485359095,3.0782502298143313,0.6595911364952148,6.348775169978188,2.269315528341407,2.448765353338084,1.9573609158841077,3.442248091008515,1.0562684259018937,1.581989708076787,5.506273158116684,6.1330587363543785,1.6182417740694153,0.0,0.0,1.9835951646980926e-05,0.0,0.0
3213002308,2005-06,Northern,2.665325299327525,3.9158158021320233,3.720598347025627,3.863371593436003,0.8676584730857942,7.934761387853567,3.076923888375895,3.4203435810152456,2.578969714055207,4.057824375657511,1.2272270105935368,3.3227398971005715,7.3834712072237325,8.535854251660687,1.963649574286577,0.0,0.0,2.2656243701807928e-05,0.0,0.0
3213002309,2005-06,Northern,2.5795974861381823,3.4731038288596494,3.705794287599451,3.9231004735457473,0.8406963183762467,8.197883995455525,4.449638127086735,3.1926489809877787,2.4545468969305277,4.186006518905047,1.2333053422354006,2.6361343908983668,7.012948934861046,8.248096337462428,1.9204402423709455,0.0,0.0,2.2425364350104323e-05,0.0,0.0
3213002310,2005-06,Northern,3.7650163909361214,5.512127022404393,5.311860834735379,5.607952360286847,1.092590786094587,10.515310294687247,5.621335911494194,4.85529696057947,3.525821001977078,5.95868950801421,1.6335161238897449,4.3475253549912605,10.42083544249763,13.111691835967378,2.7893727636877244,0.0,0.0,2.6260409249557466e-05,0.0,0.0
3213002801,2005-06,Northern,3.946003386393719,5.94790268285354,5.513189251179334,5.336898018722591,0.9725141185942507,9.749310846296408,4.048687722661366,4.882359226056532,3.9750783159366043,6.0141618498941565,1.8252292786188775,4.340526183616524,10.419812415497802,13.441986113344647,3.1961973765749354,0.0,0.0,2.7342463872634244e-05,0.0,0.0
3213002802,2005-06,Northern,2.9510269158456652,4.888381720377384,4.226394544640759,4.667330725882393,0.6764780102365823,6.301567432296841,3.278225165735468,3.6968426532722964,2.936202832129499,4.948769656238794,1.4949927586502243,2.829158332879872,9.016040845678809,12.083916112435613,2.524899146523892,0.0,0.0,2.0373612292900328e-05,0.0,0.0
3213002804,2005-06,Northern,6.000982113560662,9.561525725107451,8.607218505878468,8.442802378707475,1.3583522024783743,12.942589237907853,7.061663155721526,7.631910850169285,6.036876610803306,8.731595236508428,2.7656721463512564,7.0094166829910725,14.70101441248855,20.568841280699754,4.603968080070495,0.0,0.0,3.698840524963431e-05,0.0,0.0
3213002805,2005-06,Northern,2.0643440350886624,2.8250627739039555,2.792304795679612,2.9227649614526863,0.5852744702950887,5.951692357581219,2.999910419641872,2.450501634289228,1.8725984052864553,3.1452099894063736,0.9335361812676086,2.378873525513255,5.686121296195247,6.6102716573566,1.4273349809033105,0.0,0.0,2.5964149661515176e-05,0.0,0.0
3213002806,2005-06,Northern,3.05929996954434,4.6697971175187325,4.265791270174421,4.862080173615801,1.0361045466634664,8.78919813588455,4.569690441613555,4.060088972010286,3.144979641220397,5.042836015408765,1.4947742719276895,4.0055502710643065,9.31560182086626,9.817118262402431,2.335498110832181,0.0,0.0,3.220262447780438e-05,0.0,0.0
3213002807,2005-06,Northern,8.305557303795108,15.349313352867792,11.414781087828404,12.384964533496232,1.9213517455945794,17.544601949569437,11.32536730108038,11.273359895071804,8.616394926660192,11.67349889365597,3.9599611729880384,13.164717324937913,21.20945014418337,30.357761843029053,6.0716313144572,0.0,0.0,6.968934798009547e-05,0.0,0.0
3213002808,2005-06,Northern,4.2753185654177415,6.487945787263535,6.021828695062451,6.49807749348467,1.0904525055808765,9.931673576997131,5.392643265936165,5.3347373034895025,4.163901912677824,6.632454259934286,1.8402022490097742,4.8717355544592404,11.821312503619943,14.34856095922939,3.238077598348111,0.0,0.0,2.428377691835977e-05,0.0,0.0
3213002809,2005-06,Northern,4.4161027116375555,7.2862127393719565,6.113062865715638,6.3815128400455965,1.3149239845303982,10.470850629062774,4.828210605699118,5.980122080859356,4.507247640305751,6.503840897254259,2.081727115122199,6.279091332575941,12.277510560390501,14.919103246262761,3.4297580203443814,0.0,0.0,3.234195414509055e-05,0.0,0.0
3213002810,2005-06,Northern,3.284843759254856,4.548398256488279,4.516074724289367,4.385925737378672,0.8953103841651139,8.96153998724855,3.4231232890256136,4.030435742306792,2.9154885635768792,5.094897626216919,1.4095676941072783,3.1778464129361037,8.951159168865047,11.18683816748887,2.4567431275511895,0.0,0.0,2.0302560021593084e-05,0.0,0.0
3213003001,2005-06,Northern,3.9237089681442043,6.096122463388073,5.48280614034341,5.637619679841889,0.9241112809434846,9.195742355832468,3.363831129015615,4.904505521553079,4.16116652403248,6.694244978677802,1.9710090767135882,3.789434849206451,11.445572912984252,14.579802742130576,3.1930811032769157,0.0,0.0,3.97117025480803e-05,0.0,0.0
3213003002,2005-06,Northern,2.9511723016635205,4.892436703213044,4.4745356602758735,5.109976508424656,0.8594875029644653,7.297325923132581,3.3114775667885383,3.994890050110055,3.2105319864965676,5.003062799751305,1.6527804128791033,3.1141771549239285,9.129941518565014,11.183129492213046,2.4370549014881826,0.0,0.0,2.2494200036178833e-05,0.0,0.0
3213003003,2005-06,Northern,2.0370653393157654,3.0790795477790422,2.831565636693853,2.9260140626425777,0.6131914158217443,5.284905757242236,2.27818470001739,2.592093015832435,2.0245243287674057,3.244363224996555,1.0941442169497295,2.2878120092502416,5.902825216801221,7.26839893040249,1.6425007548350175,0.0,0.0,2.3646846536893773e-05,0.0,0.0
3213003004,2005-06,Northern,4.476412595553023,6.162596895865705,6.375093868925699,6.124004023727142,1.5618256865265658,13.252181796726235,5.284637937828221,5.688407126632806,4.202082583674876,6.451274963015892,1.9950324199852967,5.478538812080869,10.51744447209617,11.91573293798555,3.1868184554574093,0.0,0.0,3.758729694868636e-05,0.0,0.0
3213003005,2005-06,Northern,2.685206386046146,3.558161357041931,3.836077726854748,3.651417831314315,0.6485718335385229,6.751041741195679,2.372930258933751,3.1566041673452134,2.477322780890776,4.2729900068212565,1.2506741653056714,1.9043781395628974,7.279929004734724,9.000284375860042,2.061881446622299,0.0,0.0,2.1005557946973077e-05,0.0,0.0
3213003006,2005-06,Northern,1.9794999022397322,3.0109009973201264,2.8076682928230783,3.146841263403747,0.5009809752687436,4.675732360726376,2.1108743321138523,2.381877784819055,1.8517556272964817,3.2498761057708694,0.9218168299515299,1.8824371071780728,5.792577473187069,7.119884189810248,1.5612503493922163,0.0,0.0,1.7155572333993615e-05,0.0,0.0
3213003007,2005-06,Northern,1.9950286055867212,2.757128841828596,2.7781652992765986,2.6298857035376146,0.5098370876398899,5.210860239270291,1.9040402525932871,2.3239668412862144,1.8484959025147614,2.982018906155491,0.9380554582972498,1.9893556020781138,5.153613512350373,6.409363840990921,1.506726417274391,0.0,0.0,1.8483632708295115e-05,0.0,0.0
3213003008,2005-06,Northern,2.8890487068400366,3.686357203696721,4.037506484673081,3.6962683873425046,0.72214059351088,7.810165391007883,2.5528779962824775,3.3209373911171545,2.7137993839586887,4.530478675343,1.355450821018774,2.2004058813526526,7.512340265042864,9.280846383326724,2.2016506189295835,0.0,0.0,2.7293891088208675e-05,0.0,0.0
3213003009,2005-06,Northern,3.2997844433540817,5.383336511416021,4.739155746720959,5.275196006226918,0.8800007209488956,7.779628867727826,4.052160385389155,4.436806805274061,3.315213378936883,5.469838103657756,1.6784291026713734,3.612711831805196,10.246839481978741,13.790866237974551,2.6201005287313293,0.0,0.0,2.7266809741432485e-05,0.0,0.0
3213003010,2005-06,Northern,3.031038754376783,4.130892691604906,4.1185897583860305,3.8950497061335487,0.7161073863255426,7.802727626197015,3.980979533326892,3.4582475674645106,2.653323902356,4.254531346461786,1.2641733754738247,3.3869534267661554,7.116733611306293,9.227270816619969,2.1070186424740958,0.0,0.0,2.8183369794691438e-05,0.0,0.0
4013000301,2005-06,Western,3.275136730174177,5.742385522115335,5.009704243456653,5.3828054013098035,0.9881646545706904,7.9836616124784,3.42598395889216,4.375211115547435,3.4923475233888923,5.1929294799363115,1.6386927551640194,4.436049010869079,9.706859813475647,7.720787873508984,2.8371259742847443,0.0,0.0,3.026289210562088e-05,0.0,0.0
4013000302,2005-06,Western,1.7879450186873225,3.1674519967721952,2.8485539179864277,3.321399636200591,0.5082755497152469,3.956021562571707,2.3759111702257565,2.2676955321048853,1.8903949771812003,3.0278536498576947,1.1622743338462362,2.073285531703298,5.6683732340140445,4.909988246248483,1.5788458721297343,0.0,0.0,2.4048608223767975e-05,0.0,0.0
4013000303,2005-06,Western,1.516248666061507,2.478347559076493,2.4097679617748944,2.828834639377801,0.4628857815393027,4.042297687785308,2.216104948208654,1.8737742604505028,1.5560415314055651,2.541575418183482,0.8932461250560811,1.806599430621877,4.5394359686912304,3.6657143570452093,1.2317711977446777,0.0,0.0,2.360497387100495e-05,0.0,0.0
4013000304,2005-06,Western,4.15932509471042,7.99767879345211,6.744579351071094,7.630968386590449,1.194918752541553,9.069602994383123,4.266217549352248,5.745167780777885,4.912350652226682,6.603494602565251,2.3788133313721422,5.489842474373078,12.446125783294464,11.10367086277953,3.8656199331202217,0.0,0.0,3.0808319245170976e-05,0.0,0.0
4013000305,2005-06,Western,2.1889137281298985,3.46268583497013,3.523074111742282,3.973900144338678,0.7035534485772033,6.118190145361911,2.860964944774279,2.7364440544312756,2.24311127807019,3.704004728869174,1.1622749628170208,2.33003096029576,6.32174733439175,5.1780568708331325,1.907588606630893,0.0,0.0,2.121278052175086e-05,0.0,0.0
4013000306,2005-06,Western,2.4403412342181383,4.119266558293273,3.7816349353212786,4.290231518996174,0.8122409014764032,6.891704097624369,3.006625374912854,3.205340188002176,2.569141476565549,3.871427367976691,1.2349364814029042,3.3702041014434174,7.032353767767729,5.847451258850221,2.02834481618113,0.0,0.0,2.6576523973149277e-05,0.0,0.0
4013000307,2005-06,Western,8.263499329020236,12.19284611944881,12.53360008857021,11.023023441232642,2.128011490158985,17.501846723326445,12.414178060004874,9.504518564351525,7.473502027204791,10.339278863617878,3.584924758172539,10.089581963969549,15.064792775478292,13.765921468233548,6.723311607599805,0.0,0.0,7.65385158688204e-05,0.0,0.0
4013000308,2005-06,Western,3.78526849506462,6.923946755538808,6.014020046379864,7.29604006623625,1.3501089445097265,9.550438360259985,5.341718809980788,5.2504772232102095,4.264037682578187,6.123666764514306,2.0106290864557517,5.675782307058375,11.158524044550543,8.85114806760833,3.3710130624390344,0.0,0.0,3.357208872997481e-05,0.0,0.0
4013000309,2005-06,Western,4.2365992141686215,7.306407931422581,6.7065623843486,7.359934070725873,1.3059931935200897,10.514111281086869,5.274104242614532,5.690545933361459,4.413723595978053,6.876794909604236,2.0871159095375913,5.18190726925676,12.077434957207757,10.053449161939257,3.8128571796848285,0.0,0.0,2.842757590038712e-05,0.0,0.0
4013000310,2005-06,Western,1.7583557870334605,3.0719722573830444,2.9591685619894195,3.930669624971893,0.5662808275468947,4.500254718712627,2.7986820667649415,2.1613591676118746,1.8018556911000037,3.2693383877241082,1.067751224177786,1.9118649193357224,5.480144674631047,4.251281519671625,1.575605108515221,0.0,0.0,1.8935992518605752e-05,0.0,0.0
4013000501,2005-06,Western,1.9664068653058553,3.336171130068323,3.1372793793734446,3.345015708357314,0.5184141681194331,4.346139930183235,2.2225899004823986,2.4064411734579236,2.0304594278212793,3.183644201278889,1.2253119320782417,2.0952911464867428,5.692165260796972,5.156771875211279,1.773294166475145,0.0,0.0,2.190884090450115e-05,0.0,0.0
4013000502,2005-06,Western,9.868703610086614,22.73867194301909,15.368174677154945,20.24749682279604,2.8013975132068336,23.0968994140595,17.13656983806424,15.69344621689317,12.672588664025758,16.687050141869424,5.55653087276384,18.441932374399098,30.690370891688865,32.212676844293206,9.06486595907003,0.0,0.0,9.298806886485491e-05,0.0,0.0
4013000503,2005-06,Western,4.409462820868153,7.854725219177215,6.787324414319182,6.912886166708388,1.2474146051283175,9.718673505036927,4.409455412218687,5.801401565357986,4.7506760430337,6.403711159293093,2.1640132691317757,6.194350090973564,11.327225900704535,9.904608314156718,3.947882958926871,0.0,0.0,3.214935340266466e-05,0.0,0.0
4013000504,2005-06,Western,1.3437948711124708,2.6204941969899442,2.166780418901818,2.7117990486322467,0.3679191246199296,2.8354448975555853,1.6843893006455628,1.736960799620319,1.4483626708225306,2.2863181053885886,0.9061055578314747,1.7086058799683161,4.473690363822703,4.027968713443235,1.2243081599862455,0.0,0.0,1.5094870681841197e-05,0.0,0.0
4013000505,2005-06,Western,2.6310397142905315,4.258884675421329,4.4357693466723145,5.69096812096147,0.8225310655811967,6.833987985260137,3.901592147975413,3.1486112467029184,2.741010499866445,4.8401130029944355,1.3520803404759005,2.5765261647755198,7.821896768646977,5.85183482373785,2.2944483098590553,0.0,0.0,2.2656251500779595e-05,0.0,0.0
4013000507,2005-06,Western,3.4685496657207087,5.916371589204069,5.492636523152955,7.0088684165782835,1.5812412392745518,11.137115867077055,7.603516240859358,4.912727405299087,3.783215984611359,5.9720515719409715,1.7459878320989433,5.323422332721742,10.521635735518377,7.223941969498565,2.9724464833885795,0.0,0.0,4.106911706587371e-05,0.0,0.0
4013000508,2005-06,Western,1.5903640392982075,2.6051607099922,2.564325827764252,2.709877924790093,0.47781540346960166,3.9400134754400225,1.808733160414674,1.9603899066921155,1.6847862018514503,2.6258732694046665,1.0118975103107726,1.6752275948438287,4.559292062943592,3.6796617594865477,1.4715678722841463,0.0,0.0,1.898479041056128e-05,0.0,0.0
4013000509,2005-06,Western,3.071672586042652,5.852029139398791,4.8334198584623005,5.94807523275617,0.9137651259561307,6.897398103381067,4.267240062050928,4.203137200393572,3.3510225835357637,5.026942507234266,1.611249572352874,4.591403127798594,9.388691793411345,8.035815138823487,2.626090945195746,0.0,0.0,3.223595999682632e-05,0.0,0.0
4013000510,2005-06,Western,2.3744927965122096,4.031630925629382,3.8418330422201254,4.219263846541234,0.6430018795300917,5.581222763473821,2.6457661931483925,3.002237722526729,2.489941946056405,3.9720164400950733,1.289560478174054,2.542632271027553,7.069646298552181,5.821812112063391,2.078861745826396,0.0,0.0,2.072573512962389e-05,0.0,0.0
4021000201,2005-06,Western,1.8980949909169411,2.9460202958721684,2.966285460278185,3.0324384574127534,0.5201112305083149,4.63054939935019,2.2478317958624103,2.217324827698973,1.9093590778694072,2.966890312499866,1.155007846925215,1.9934332242004342,5.132474525552556,4.542436933091971,1.6463953606619504,0.0,0.0,2.314343898683238e-05,0.0,0.0
4021000203,2005-06,Western,2.368745152062656,3.803313886881119,3.951060312726558,4.304987640771322,0.6144934260135587,5.265007658335966,3.0702426946067,2.8177360576830006,2.3692825617222844,4.003944947848132,1.5784448230719024,2.0343309226542945,6.6928944539159145,5.9204677062971465,2.0915439489900387,0.0,0.0,2.3262375550382247e-05,0.0,0.0
4021000204,2005-06,Western,2.7210027903876366,4.8438807676467714,4.173869713034274,5.006046459602978,0.8362372697858246,6.884099935669755,4.126293545297132,3.642846033283423,2.803761308840627,4.3898304090326175,1.3384864434611514,4.044725922843382,8.130618122437022,7.006689218942466,2.220104842623004,0.0,0.0,3.149274937065668e-05,0.0,0.0
4021000205,2005-06,Western,2.728218749698059,4.501821690161665,4.315479966176107,4.654479498222775,0.7540483589350473,7.049863396364154,3.3360705017950876,3.4220037971681454,2.931843788044335,4.4994457532309475,1.4715361834931284,3.1081419664916803,7.837955506387182,6.960832957390328,2.4212159083633407,0.0,0.0,2.6620955835846696e-05,0.0,0.0
4021000206,2005-06,Western,3.1797650414223644,6.285745777763957,4.866253082595368,5.846970135460017,0.9341007794491756,6.412278978322642,4.517710447555485,4.397415771137026,3.5021041855429265,5.181600781295109,1.7953528674680939,4.8534453220633305,9.976775137809792,9.019716098243851,2.927252077409881,0.0,0.0,3.529016953402556e-05,0.0,0.0
4021000207,2005-06,Western,3.80345358184713,6.987183008559204,6.393100842917594,7.390847517055581,1.038291226613925,8.116450177607007,3.669666045489991,4.883400604190205,4.343634997448235,6.448433128866283,2.252089503288664,3.859806245938395,11.709787018502697,10.019692193682038,3.638522498539334,0.0,0.0,2.7715697954747293e-05,0.0,0.0
4021000208,2005-06,Western,2.114153963697532,3.564251593102654,3.4510408829257773,3.9681156096391144,0.5896821099047411,4.839001445439252,2.926248169102854,2.5715423097889945,2.1707813372178,3.5360404638212266,1.331644075887876,2.2031091551163513,6.158586834901452,5.2925931885641,1.8778247252791498,0.0,0.0,2.3005797913786578e-05,0.0,0.0
4021000210,2005-06,Western,2.8082268794036707,5.5185229363511885,4.52797135160633,5.601211732574563,0.7470703807977562,5.7676813768372455,3.54550022564584,3.691227364750337,3.317140953499944,5.11223587719109,2.0043239464265312,3.0550239313148753,10.087966870315404,9.407901630669464,2.8141245281578846,0.0,0.0,2.6104942473551143e-05,0.0,0.0
4023000701,2005-06,Western,3.364000717013787,5.522613905215213,5.3686443445253,5.427503282994476,0.9368319438724019,8.046600300337905,3.3894785493076953,4.247988389792271,3.629421749875138,5.232231657668742,1.8180823662307648,3.712188098695134,8.978484747178422,7.6239440563578755,3.0343916460710614,0.0,0.0,2.7822655396959454e-05,0.0,0.0
4023000702,2005-06,Western,2.9159855648145876,4.971573745494515,4.702231171287192,4.930587514686656,0.7872447867250342,6.849765255625196,2.9530924904344587,3.6845145554358587,3.2612661345505574,4.735503177950345,1.6561797821309652,3.198977988764662,8.31345267893018,6.972700747755136,2.698489167421773,0.0,0.0,2.4588429100038643e-05,0.0,0.0
4023000703,2005-06,Western,2.458489265166815,5.062834183498553,4.068821298798017,4.898393850841707,0.6673053604398609,5.131066085347354,2.4461329773310636,3.315870365252056,3.0453282015405128,4.258137081494547,1.650666652535186,3.162699900785433,7.99662655384453,6.895415010745268,2.371805886267583,0.0,0.0,2.681773314286913e-05,0.0,0.0
4023000704,2005-06,Western,5.098531020227809,9.359169078674196,7.937529983402245,9.623302621097487,1.6803343785761622,13.281417411595138,8.561778261207076,7.1478288794408185,5.570793297731502,7.806497570975514,2.3224797700330897,8.798342764118503,14.36104188856208,11.688826036807948,4.0357525724647525,0.0,0.0,4.611631606828575e-05,0.0,0.0
4023000705,2005-06,Western,2.232151088805391,3.6548142275448425,3.7787438709399863,4.1884513443610265,0.5688874146776441,5.180565649061216,2.4799742128822753,2.6981134625851455,2.3327834501266875,3.973823359484824,1.3086888811105961,1.7630858641103566,6.7073375632071945,5.753417919736914,2.0310150083393417,0.0,0.0,2.0517664011129515e-05,0.0,0.0
4023000706,2005-06,Western,3.4268727939625885,5.915082664015381,5.256449754567502,6.283282333315544,1.1272515250240858,8.742099192592969,6.09146413955529,4.4828701634104275,3.712583465479982,5.356953201890342,1.8182027186491954,5.2639646051606315,9.703585538342516,7.472791253440941,2.791781874199795,0.0,0.0,4.379003724011926e-05,0.0,0.0
4023000707,2005-06,Western,2.3111792498880313,3.8874643438326526,3.854559644225545,4.070064716787141,0.6058910663760356,5.39922619593886,2.2781005609679976,2.89270884958773,2.494874147820479,3.8314281115218005,1.3481414468399986,2.2425901534403314,6.74106199908763,5.344023577070811,2.03852659574433,0.0,0.0,1.9926496725912642e-05,0.0,0.0
4023000708,2005-06,Western,4.876972722799255,8.40737543495504,8.088425267091205,9.267688520515797,1.4512300216854068,11.179735786283741,5.016439540125312,6.3796070695968785,5.344825813020811,8.147983359119454,2.383896234283245,5.401122128133523,13.929904105030566,10.87506638641684,4.252773807640176,0.0,0.0,3.631260589229584e-05,0.0,0.0
4023000710,2005-06,Western,1.6312483522492927,2.8880940302051443,2.768331494704204,3.3072351366819888,0.4687065998018397,3.8008582580865884,1.9417653717398449,1.99222375159824,1.8191459975068927,2.7960796649745348,1.0846015759173975,1.7238462726618782,4.954028270815657,3.932473768133729,1.5071451264032476,0.0,0.0,1.5962271625413792e-05,0.0,0.0
4023001101,2005-06,Western,4.391845331691611,8.498377477057646,6.700132372997598,7.835277432521644,1.1003180110843314,9.437875209041032,6.634522092701627,5.686777762309612,4.877793426919939,6.779051262742045,2.6473087615021056,6.635998903928133,12.121583980965905,11.977347851528512,3.643654441565746,0.0,0.0,6.288742329918568e-05,0.0,0.0
4023001102,2005-06,Western,4.247833012180013,7.895653909002462,6.590303138062868,7.839114383175856,1.2324903447438746,10.743091898933532,6.421171616249313,5.7633631135215975,4.617922678163075,6.586108952155177,2.155820569666158,6.814182939905695,12.067019678534937,10.721406078387341,3.4293717165307216,0.0,0.0,5.0328331100155014e-05,0.0,0.0
4023001103,2005-06,Western,1.9701400930753108,3.391800291335405,3.2116667338452625,3.9587830336293797,0.6354957104046854,5.146256866557696,3.1277910634227775,2.471152916161972,2.168135056602055,3.4466994984580888,1.163653857168352,2.5619226759851097,5.846431373376008,4.296092092342261,1.7308411384175058,0.0,0.0,2.3582483792530955e-05,0.0,0.0
4023001104,2005-06,Western,3.699997348498917,6.485847225815176,6.257136428917914,7.4917360150601855,1.1845649338676474,9.0519571791374,4.690476816421033,4.841535010318231,3.979933700075565,6.359032213132973,1.9324946508977476,4.28238077438115,10.350892324035614,8.35428780338184,3.3425101504872714,0.0,0.0,3.043489399730283e-05,0.0,0.0
4023001105,2005-06,Western,1.9086603333176655,3.345626021021684,3.0208935013929024,3.3383543216589593,0.6014783325629535,4.552378016659438,2.046343170558707,2.4837707327826912,2.1219803070087733,3.1266256471647176,1.1928322586130493,2.3362586975827386,5.778143588857689,4.675393986433486,1.7605209219234164,0.0,0.0,2.293202025784037e-05,0.0,0.0
4023001106,2005-06,Western,2.0456943159272183,3.3067419119331802,3.1646965091408594,3.2600587966353936,0.561998983537648,4.945496020246067,2.429600919819266,2.482412856573432,2.0666240387865846,3.1944257155862705,1.1505064270091765,2.371086520027374,5.563163457376169,4.992059440476366,1.7795084595744028,0.0,0.0,2.429959759141706e-05,0.0,0.0
4023001107,2005-06,Western,3.2140870532498735,5.471427137862924,5.134192291924571,5.423560388479599,0.7886322588467141,6.992872762597062,4.256197203996956,3.9606442439911267,3.4380327968844133,5.139726922800432,1.8784157994479325,3.513448927068364,8.480810203466326,7.942000270987697,2.8622056757693155,0.0,0.0,3.323104831119768e-05,0.0,0.0
4023001108,2005-06,Western,3.6331746545329047,6.279922781361226,5.909658937152051,6.82825845894384,1.074757700196775,8.947380131416457,5.673954436012768,4.767304799126991,3.9694967792354254,6.065173255038736,1.9302420447951238,4.437214086366158,10.151928310284116,8.55793966257299,3.2378742764864703,0.0,0.0,3.289482136020702e-05,0.0,0.0
4023001109,2005-06,Western,2.3160512722093136,4.411790016358367,3.908426994508051,4.3496157651697605,0.5458043118101568,4.312795612389174,2.566618054606109,2.932458354135044,2.554442687338781,4.050059045420027,1.745453514112318,1.989591918533199,7.397716511002887,7.282360014537777,2.2970850346438945,0.0,0.0,2.2122999747244188e-05,0.0,0.0
4023001110,2005-06,Western,1.5396184854172585,2.1333889112695137,2.4394129602306767,2.3505487187959773,0.46332858173317315,4.458363515300598,1.9619888584679746,1.7814474537100347,1.4904866075361547,2.503157928326752,1.0001077840729693,1.3723280289204012,4.087754187361819,3.3116374193614764,1.25911609116369,0.0,0.0,2.4038578423878374e-05,0.0,0.0
4023001601,2005-06,Western,4.651700386732501,8.59804278427263,7.315329182628547,8.88926154033624,1.4429058965103392,11.419231264339905,7.14465760442264,6.468259510389607,4.959903389162198,7.290767792968066,2.139984659982755,7.398072662148883,13.545133160318798,11.806084789079309,3.762324639516003,0.0,0.0,3.9165605407355834e-05,0.0,0.0
4023001602,2005-06,Western,2.2809550498847257,3.60121648668644,3.6912695120353534,4.1334883901060175,0.6921378362601127,5.774130006484599,3.745054958135948,2.8105341708298455,2.338425786008538,3.97589470276144,1.4443472322901965,2.1027783133958478,6.773688382272421,5.568717451540869,2.1141325480834077,0.0,0.0,2.4018497692538633e-05,0.0,0.0
4023001603,2005-06,Western,3.9084518381870326,7.493123693794729,6.05297173567452,6.494520866399062,1.016819523463245,7.57530645273724,4.266400476525655,5.202576831711421,4.212367200750141,6.039374303687117,2.135343390279358,5.194550357319545,11.077036554948675,10.951531368185629,3.7836087038684005,0.0,0.0,3.07369368266389e-05,0.0,0.0
4023001605,2005-06,Western,3.8089515740248627,8.080384607717136,5.957900223396516,7.422728211574991,1.0838498080397572,7.315927771746243,4.933326765638986,5.466791371656508,4.345592887326101,6.263837326097975,2.087629210785897,6.06880056948551,12.169806788122216,11.143651940977037,3.520404753276931,0.0,0.0,3.511107120980923e-05,0.0,0.0
4023001606,2005-06,Western,3.8150512178299683,5.548138011187244,6.047787246637947,5.700901546800864,1.1278270135057182,9.78640631911498,3.1439623399895025,4.525848944183895,3.9086690970571536,5.947525752232192,2.0712002927936046,3.547373653366811,9.626072302807627,7.6010679356337825,3.2878185253276038,0.0,0.0,4.4219001465201866e-05,0.0,0.0
4023001607,2005-06,Western,2.041112902014283,3.264770453236523,3.2304502523105643,3.6188604574139407,0.615667061300751,5.478909651854873,2.7858872840966535,2.496471040191042,2.025061943110349,3.340876909927786,1.1170520725774578,2.3154579651909657,5.760799248611914,4.958459861152125,1.729217696360874,0.0,0.0,2.2818461767890436e-05,0.0,0.0
4023001608,2005-06,Western,6.695780950819708,14.697313868511902,10.325844521922392,13.495818151276517,1.8752539630963447,16.057915326041947,11.515708808812931,10.155226239966792,8.381738458111561,11.566757941603745,4.041337878237715,11.368068438670052,20.963997165402777,21.655352995509954,6.195528472269594,0.0,0.0,7.896102119864503e-05,0.0,0.0
4023001609,2005-06,Western,3.9928818718404506,7.625751908073372,6.712529107619058,8.193423224976094,1.1108623372093755,8.586849434569649,5.437055807168222,5.383881049568556,4.574314242404109,6.603481092412297,2.220241979041711,5.405189237970614,11.202677942132652,10.172010925772094,3.4650254254586885,0.0,0.0,3.342983723789498e-05,0.0,0.0
4023001610,2005-06,Western,2.2361501648979147,3.861905604320389,3.590715765128481,3.7833395240168852,0.5597939966167876,4.662067042306811,2.4968665568709563,2.7445767686982587,2.3780253662011557,3.596241874718017,1.4271736644459165,2.313953371507959,6.444931809620012,5.9744683563475895,2.054892623267839,0.0,0.0,2.1381585650919007e-05,0.0,0.0
4023002001,2005-06,Western,4.0507365023911115,8.081063175705566,6.30300919652646,7.53846577425608,1.0298146998541824,8.57577754532804,6.161547194459914,5.341158343003822,4.68446917578657,6.1361005261807025,2.3035542495608894,6.602840763325412,11.176168787383247,11.02278100304134,3.356222416557827,0.0,0.0,4.4221977919720546e-05,0.0,0.0
4023002002,2005-06,Western,2.530649078882587,3.965337566981335,4.04221626091878,4.296246306294177,0.8569137753937357,7.391139155739976,3.087744840544515,3.2179597660205173,2.6463773014312078,4.178088908660599,1.353459950553933,2.734135032842566,7.087349585004085,5.582134695156747,2.280571107465419,0.0,0.0,2.2461806002473155e-05,0.0,0.0
4023002003,2005-06,Western,1.73499186813177,2.7648262684734815,2.7213492683613176,3.1490370560375447,0.5662990244758483,4.933746133264174,2.353776516471485,2.108015818235145,1.6872137612431302,2.882339020699928,0.9300576361943035,2.104108726288201,4.840864143156474,3.7174179728061643,1.4071655277522255,0.0,0.0,1.997470412648506e-05,0.0,0.0
4023002004,2005-06,Western,3.581179938618533,7.081633761854283,5.76316751088654,7.535576949654008,1.166128017024889,9.350665721812907,5.8594263554521895,5.215070156693078,4.422143699307246,6.603047835486641,2.139120028224391,5.24176493786593,12.21133249027537,9.966964329039032,3.397582869656697,0.0,0.0,3.973708448507963e-05,0.0,0.0
4023002005,2005-06,Western,3.8615100482071414,6.103409249139993,6.307246775818066,7.55819785672168,1.2144176016962929,10.143542221587916,5.986421012028206,4.680972575654848,3.7746653005530444,6.6787932754804356,1.6715595947801503,4.200110019523363,10.418884115166199,8.016138359729055,3.31552446221005,0.0,0.0,2.7797669579243923e-05,0.0,0.0
4023002006,2005-06,Western,3.7170724705414133,6.957302477319412,5.9731446299927455,7.06545448741526,0.9771422225328871,7.722521390489423,4.867427269761088,4.8936604861646575,4.115787285185396,6.314214631216663,2.0071278190603836,4.479975264669334,11.468719352938782,10.418818120315937,3.470989456952259,0.0,0.0,2.7950180819708058e-05,0.0,0.0
4023002008,2005-06,Western,3.0390784348623727,4.4377035043673905,4.844783843496929,5.139958452809215,1.0294256466169114,8.84252635039561,3.571879407640719,3.65766100562963,2.928690291697799,4.932657336702444,1.4674576169348839,3.0252270716360012,7.860514651255281,5.6837204792307725,2.503735453714331,0.0,0.0,2.5034356259949406e-05,0.0,0.0
4023002009,2005-06,Western,7.5917377243937665,13.002119846769162,13.031330255912017,14.992703471434103,1.9618563734838272,15.630248338658173,9.584522258512969,9.571619617661682,7.84838225282254,12.743875406609787,3.7398949304340463,6.970136480575421,20.66812481072965,19.736901428415937,6.931156744781879,0.0,0.0,3.717865827489264e-05,0.0,0.0
4023002010,2005-06,Western,2.9062747059265766,4.690891898421379,4.799026424682826,5.6437519378518495,0.8563151795823923,7.338179664552682,4.045874335360708,3.648241564333043,3.0135120194199367,5.278880570122286,1.7444275730774361,2.439886189760432,9.17963038200816,8.046821710203496,2.6428228467673973,0.0,0.0,2.9027561112193647e-05,0.0,0.0
4023002502,2005-06,Western,2.6013440016384806,4.695503456226566,4.325227703705862,5.120929249373945,0.744286961071021,6.341522974086878,3.243206748709051,3.365635586080279,3.0084105992865,4.623724801525903,1.5056165833435209,2.9473548327759227,8.091953637933845,6.5529643056115265,2.4784540088765716,0.0,0.0,2.3045021110413172e-05,0.0,0.0
4023002503,2005-06,Western,1.6165638924226529,2.544528939098964,2.5033261217478056,2.7648571720416415,0.5330205534458331,4.5906869284174965,2.127385834317865,1.9890141840185593,1.68275099956822,2.615244268360622,0.9569749794069138,1.9589669633571014,4.66946487872943,3.6779665473529706,1.3523111211081453,0.0,0.0,2.471094631585318e-05,0.0,0.0
4023002504,2005-06,Western,11.247766799840328,18.22339010967369,17.690106822649078,19.166844807756654,4.461481036736039,28.94942429179292,21.49859833536535,15.24458135782706,11.038255169178736,15.604567719424978,4.566108078460525,19.110378337090662,22.342561989048136,19.521545813239253,8.29449797733932,0.0,0.0,0.00010404870113142682,0.0,0.0
4023002505,2005-06,Western,6.717488422342648,13.631107046810099,11.15872476538258,13.202170509728424,1.6880904738204516,11.945395237099723,6.55137080511918,9.129239534280808,7.740638085672356,11.696980656994247,3.9160656747633165,7.138872617107731,21.15591342305966,21.666018783650543,6.745536479731708,0.0,0.0,4.843037645672214e-05,0.0,0.0
4023002506,2005-06,Western,2.3161102111066763,3.7189745900667495,3.710891249753279,3.7652675850526136,0.6216501733290868,5.538842906881547,2.5881809570728596,2.823244277304668,2.4759683236535923,3.7515391413586623,1.435951361322336,2.297144444008372,6.285826159753169,5.477122154877287,2.1251110817155245,0.0,0.0,2.5720243455759107e-05,0.0,0.0
4023002507,2005-06,Western,1.6950503460893214,2.825307722531061,2.6962925192240115,3.157621179610266,0.5147794766918772,4.306975379159221,2.4580819631982456,2.1067952254316675,1.792832461058086,2.822296097011662,1.0291046791005705,2.0729372785562354,5.083367701122503,4.017329141051023,1.4025659837419917,0.0,0.0,2.5801051993912836e-05,0.0,0.0
4023002508,2005-06,Western,5.296543422959527,10.476261404874059,8.637449442377065,10.226094716974544,1.3709890681832504,10.56739271702551,5.280572308766055,7.169901775153804,6.360687699277753,9.60015086261336,3.1823527170809327,5.9153033736331695,17.096550529909415,16.394765373174092,5.289059828931712,0.0,0.0,4.749182379353052e-05,0.0,0.0
4023002509,2005-06,Western,1.530446942991973,2.2926145844745536,2.371736806942483,2.4297429140988656,0.4491749638037253,4.309837427174558,1.771333908810467,1.7958474703780762,1.510117514497842,2.4255394544898565,0.8693299499842336,1.6334839164468753,4.1881806448817676,3.629140547262086,1.27856500693876,0.0,0.0,2.0024746588294788e-05,0.0,0.0
4023002510,2005-06,Western,1.042216497020308,1.5534591489438596,1.6434064017089294,1.7267734403779245,0.27550433710610006,2.6183987539702853,1.4746086755397778,1.1479805196835027,1.0088485618911094,1.6756437786292666,0.7109281018705266,1.0135144987937388,2.92663634743579,2.6466577752249183,0.848906944137048,0.0,0.0,1.6817608077760967e-05,0.0,0.0
4023002511,2005-06,Western,2.6117477934660807,4.868810721485079,4.1498910761537475,5.213332625614814,0.8391476071624435,6.630516432042873,4.644429793720441,3.5073725408320215,2.996740627849154,4.259950235128075,1.5250339444505143,4.090769346041834,7.654038128023134,6.257536017093028,2.244967993573562,0.0,0.0,3.2933401601366235e-05,0.0,0.0
4023003001,2005-06,Western,2.1936394014367973,3.7912722560279994,3.375186371483621,3.947205170891937,0.6714665113875968,5.381765588159782,3.3334873655918327,2.833544063559621,2.2878605748711514,3.576196770883193,1.2200561310393125,3.0009192027036744,6.614056998588485,5.557059919828916,1.8439466125477817,0.0,0.0,2.9964553942640225e-05,0.0,0.0
4023003002,2005-06,Western,1.9750141228910358,3.097061549611675,3.203276251853936,3.323033375580349,0.5807554977681199,4.983914270928655,2.0651974252265832,2.4134386078951673,2.0927589611636233,3.2299845316180305,1.1766732507999242,1.9073767818058431,5.605941731746503,4.446013597268077,1.7647034114259847,0.0,0.0,1.902291000366105e-05,0.0,0.0
4023003003,2005-06,Western,2.4155680086941693,4.0900769618570445,3.8120374289127312,4.74209801923497,0.8176665994997712,6.5700063031519615,3.5597550264365614,3.0886130654392607,2.6303732399849866,4.212597322790282,1.2363798883497072,3.0888585467812204,7.506437231220099,5.53946061114843,2.0935510279861047,0.0,0.0,2.2266639966526007e-05,0.0,0.0
4023003004,2005-06,Western,4.791554432485962,8.667500345144614,7.815487370575517,9.225567811590782,1.3409269643948734,10.515317733451992,6.604581280025717,6.374523549216833,5.3100652261546335,7.798989180496187,2.335047310145338,6.2042267935078135,13.39074146685763,11.520377077668856,4.157691083027765,0.0,0.0,3.3643233353348874e-05,0.0,0.0
4023003005,2005-06,Western,3.817208029599124,6.8237497020528854,6.088106265809826,6.374131420641446,0.9563868313631753,7.703143730872456,4.065483732654681,4.926084593971845,4.086685526857562,6.082972246463893,2.1553218499087357,4.172384803080707,10.864219030582266,10.269419165415172,3.597727783942716,0.0,0.0,2.934624303485208e-05,0.0,0.0
4023003007,2005-06,Western,2.1149433571487,3.063312781944051,3.70191308891945,4.622217707221275,0.6578186161932186,6.088374884593231,3.321033854420612,2.411787542784292,2.075618247377958,4.137011694263248,1.2382326845787517,1.212469879842659,6.283275130843262,5.233116772611145,1.8662939728612562,0.0,0.0,1.9290583748379177e-05,0.0,0.0
4023003008,2005-06,Western,1.6973603945308338,2.95654700730122,2.93646647813934,3.661745213249233,0.5433524606195976,4.224354732471252,1.9114711235737214,2.1107190149499426,1.859385581032023,2.9955478574015473,1.0282942414844292,1.69055376086098,5.077939533578683,3.953379504278364,1.5426492322032113,0.0,0.0,1.8043892320446384e-05,0.0,0.0
4023003009,2005-06,Western,2.113129920159718,3.412288689532675,3.363819142443046,3.8727082669454425,0.649339627034794,5.969588933152102,3.081521801398876,2.6399283058455825,2.1384055617596123,3.5121064971691656,1.09029083881314,2.4916670258061067,6.008645965914428,5.281805522146889,1.7797026458739504,0.0,0.0,2.2137188974825177e-05,0.0,0.0
4023003010,2005-06,Western,2.0756319194808053,3.558430648753088,3.4380904998413193,4.173686721851052,0.636716177065845,5.032427875352389,2.74694094975245,2.59107675778827,2.2464219095201634,3.533617972668628,1.2108153913580533,2.449466153596212,6.043265294515287,4.555235491900982,1.7973327048217702,0.0,0.0,2.0453866794156988e-05,0.0,0.0
4031000202,2005-06,Western,2.8293896207018667,5.24246926991294,4.491981720688328,5.306232370559263,0.7951133302497457,6.079521898715482,4.230271138706474,3.6506012399656735,3.049309129011793,4.505641229153817,1.5780517312080433,3.9193816422967123,7.951339218560641,7.1392838187794005,2.5541142766034723,0.0,0.0,2.6009531046308718e-05,0.0,0.0
4031000204,2005-06,Western,7.501274594128562,13.06064437004608,11.683585316474455,11.874744494478229,1.8949951388590176,15.683809535889262,11.400089027811122,9.461515454142143,7.798382760158147,10.15717623037811,3.3911823392645823,11.115866277046516,16.364013280360364,15.558696627604299,6.071105202754754,0.0,0.0,5.441374334197819e-05,0.0,0.0
4031000205,2005-06,Western,7.1439168012953544,11.343413647338815,11.279648869434366,11.443468788075334,1.9963283005571457,17.507725950651526,6.648685207892027,9.019989802082259,7.805245203646768,11.548949750355975,3.5896795234094485,8.062236371535093,18.42752016825674,15.64530553730573,5.926029504827097,0.0,0.0,7.953242630645105e-05,0.0,0.0
4031000206,2005-06,Western,4.7172338201408,7.623763317668363,8.553097386290315,11.156629879062645,1.3974129398094468,12.027284292640857,6.076578598210862,5.712330246395923,4.953061064223417,9.233798208633855,2.097747967395715,3.1046856842250623,13.867335243223277,11.352371289888158,4.246434481880289,0.0,0.0,3.0011103821030092e-05,0.0,0.0
4031000207,2005-06,Western,3.874473259969372,7.459576259576126,5.957022740347526,6.381190020186676,0.9402003745428517,7.052748475891699,4.934563688670478,5.030297289643308,4.076926721963535,5.87481032104584,2.0894743861644045,5.301776157217965,10.37039634155907,10.78107103992566,3.6408408620605126,0.0,0.0,3.5050932203905544e-05,0.0,0.0
4031000208,2005-06,Western,2.442294439631491,3.9411101687503654,4.134563997251425,4.5447301444476045,0.7317087927066054,6.028929499641944,2.5718247602052937,3.040441711832282,2.660275414932345,4.327868144344862,1.5104461774433602,2.0846402254589296,7.204866890551048,5.389584690048864,2.219653497593111,0.0,0.0,2.7058391539662425e-05,0.0,0.0
4031000209,2005-06,Western,4.01631395467958,6.585509096563638,6.467317911422661,7.7394282239106404,1.3083624773173104,10.915657725936805,4.957429134994246,5.096120232771524,3.9297184610079303,6.715153351517647,1.8409504384811022,4.475908232572665,11.125013128642495,8.925237902093288,3.3853805625194933,0.0,0.0,2.5083012357668173e-05,0.0,0.0
4031000210,2005-06,Western,4.8180795445604625,8.369652841423987,8.164316844642812,9.779438776633178,1.471375355422518,11.245145465082752,5.7456363332472336,6.22414062750766,5.156052466079895,7.940013069822262,2.261431825955907,5.7717493487159555,12.77245597469568,9.984919915904179,4.090009504021769,0.0,0.0,3.24749405124376e-05,0.0,0.0
4031000212,2005-06,Western,4.5283743824324585,8.247627009375687,7.581582057440315,8.848116267415326,1.2307864215398916,9.817410869413205,4.897305878407812,5.939415533691498,5.140183078047363,7.60409098916263,2.456528828152409,4.873793459729939,13.352247028277668,12.048164956251448,4.130101653687256,0.0,0.0,3.170735461769102e-05,0.0,0.0
4031000213,2005-06,Western,2.8961511138965954,5.960324098009584,4.615848245067212,5.8416014822066415,0.8150117477580531,5.943534715770838,3.7090538624094185,3.9828856883101933,3.4236617609202917,4.964728198298844,1.7062649491278679,4.297537333844963,9.523003908713063,8.15516208330795,2.6766514332173617,0.0,0.0,2.998477526882477e-05,0.0,0.0
4033000401,2005-06,Western,6.777881048481093,12.650486343984278,10.59540736895131,13.173239429989566,2.345536675251345,17.874448840493585,12.889068022205626,9.931417283155556,7.854955849454645,10.963779616180636,3.2886917601902255,11.374206633552355,20.313446178285503,16.41031255254159,5.7112504524322,0.0,0.0,5.944327818503774e-05,0.0,0.0
4033000402,2005-06,Western,2.6916079247643063,4.164238125683716,4.298704809340475,4.9105740136192715,0.820062204380419,7.043290673238578,3.2922604770781785,3.247498116225581,2.7092092062334494,4.616061781730698,1.3910028858308554,2.6076766142084935,7.993069789198904,6.27506633243216,2.289150669038037,0.0,0.0,2.5789345296552456e-05,0.0,0.0
4033000403,2005-06,Western,37.55069853295752,65.17440968363621,61.25961504398096,51.53732991051422,10.287668715620425,73.11603745827867,59.81932713082652,51.95907183595009,37.92348824550606,43.4183814961662,13.970461254928647,61.03525697397729,65.72013585052467,65.39404175877267,28.938634184695697,0.0,0.0,0.000139884870700435,0.0,0.0
4033000405,2005-06,Western,7.62817331337387,12.837287870016265,12.189246290261021,12.675683928919568,2.9330332467602545,20.362743228054118,8.881339093510118,10.577263762886647,8.125474447982352,11.096497769716438,3.5388029336737548,11.691523141289865,17.612189344008076,14.69742243028757,6.40442248454084,0.0,0.0,6.499047296541729e-05,0.0,0.0
4033000406,2005-06,Western,2.611493505693891,4.648067293679334,4.2694891466049185,5.068408228557716,0.7742497850008276,6.136484960195323,3.361593794659546,3.436310008904032,2.7578057493666313,4.3431136403179975,1.431105912836151,3.2773930189995863,7.557289845134638,6.255080210605678,2.2388372910473318,0.0,0.0,2.4432891797526226e-05,0.0,0.0
4033000407,2005-06,Western,3.2379418237037054,5.160529097969907,4.987874341734443,5.145497080832922,1.0512962135472506,8.63294643676175,3.4742970823230377,4.163607984087882,3.448586366381519,4.995647970822614,1.7008106805263035,3.9418938118671245,8.93782317252089,6.935584120411642,2.767476026522377,0.0,0.0,3.1203571617891725e-05,0.0,0.0
4033000408,2005-06,Western,3.7544248535885907,6.0116784276144015,5.934174274252142,6.606077910176565,1.1754848527596282,9.97368713989779,6.695866576584055,4.794694071827174,3.9053742419851303,6.017922832544606,2.0613143558010942,4.792648750278105,9.301020667514635,8.244349912892202,3.079965145375135,0.0,0.0,4.675889440223201e-05,0.0,0.0
4033000409,2005-06,Western,4.904047172698244,9.973716974646912,7.779904722228178,9.4431268596409,1.3288048217844115,9.768695838189393,6.422129666117337,6.797447983142882,5.49354129351298,7.839525084359683,2.756611374879939,7.205879307173514,15.064953335539895,15.245848178719893,4.460294088016332,0.0,0.0,4.363085343875088e-05,0.0,0.0
4033000410,2005-06,Western,10.6401794627415,18.04186972221152,18.17950491714393,20.82731603643421,3.9842484088821637,29.695757811882583,16.91913658470676,14.939565969834018,11.538680892118517,17.134680346539735,4.4045193169932775,15.245497820102909,26.680581787247224,21.630234819550964,8.651546106956353,0.0,0.0,6.475583324539243e-05,0.0,0.0
4033000411,2005-06,Western,2.0417706613393194,3.536921417595724,3.1657487628701455,3.6591418921531,0.5974756135564883,4.6798519031357175,2.917376135548352,2.593193656400603,2.1193755434775596,3.37906072738801,1.239680337933082,2.526165675676362,6.338410963604774,5.547656167499211,1.7770003329203452,0.0,0.0,2.7170404869740035e-05,0.0,0.0
4033000601,2005-06,Western,3.9875000709957016,7.412652916081051,6.387663987070396,7.029038713678382,0.964842748314618,7.484478169248743,4.854778036247981,4.98519406201927,4.313761545633951,6.103457621337859,2.255220083556114,4.98821398147685,10.508304879491059,10.179070502172863,3.6047807470089515,0.0,0.0,3.392405553042086e-05,0.0,0.0
4033000602,2005-06,Western,2.8326831671425574,5.903293331660963,4.624107710871446,5.915731734080255,0.7341002119003902,6.261049811484118,3.4856001543751103,3.8712063521397195,3.5272540412931908,5.297701158558564,1.8342631573126384,3.563858886782934,10.40425086680066,9.897362189707607,2.7667140024554175,0.0,0.0,2.8059641704794045e-05,0.0,0.0
4033000603,2005-06,Western,1.6579035456459907,2.5634148341925638,2.7878481051984196,3.3190876618787537,0.5199042649245031,4.53681760568057,2.106701512534151,1.890191258271854,1.6665446418536207,3.004699144675958,1.0499064586749203,1.383916635986633,4.964582091682226,3.8595908435836255,1.473251544458051,0.0,0.0,1.8235638154067266e-05,0.0,0.0
4033000604,2005-06,Western,4.154070138228115,7.932402590967674,6.411033806149979,8.176817008312655,1.415829073229948,10.163838869700296,6.172756015214366,5.882900817583144,4.895154505725428,7.205150662425083,2.3152862701085355,6.655285715945403,13.606320052081001,10.030304595445694,3.7480888710849336,0.0,0.0,5.07437788793849e-05,0.0,0.0
4033000605,2005-06,Western,8.937342424497942,16.253145934576438,14.114727779107318,14.394937171541368,2.1937584756889117,16.637459109603565,10.476481738586434,11.541711441919547,9.35963116069261,12.676706125104293,4.133526253654782,12.286377887758443,20.445572847801106,19.406292465931248,7.723762260789179,0.0,0.0,6.1885132498584e-05,0.0,0.0
4033000606,2005-06,Western,2.126679087696078,3.464147194712116,3.5218044791756093,4.423651047937492,0.6445985203282859,5.499113958514764,3.036437309071385,2.550125381951504,2.129616876062956,3.8574134941252622,1.2271311530102242,1.959300613770165,6.630128686854833,5.5679682119612375,1.8477323611961856,0.0,0.0,2.279107300741706e-05,0.0,0.0
4033000607,2005-06,Western,3.8536767047183806,6.891424448176479,6.243822978954193,7.323935831177848,1.1173097524606785,9.7987317349096,5.0384328907968605,5.101167319744738,4.28180473798934,6.511481369823447,1.8516249983479658,5.010156939886213,11.477746144225419,9.587944924658874,3.413990937461438,0.0,0.0,2.8119496539575606e-05,0.0,0.0
4033000608,2005-06,Western,2.3113280642210574,3.9964425108585777,3.7650106304439057,4.547062745383124,0.6826016787167599,5.710173858972956,3.2231360811205993,2.906029857719987,2.3820244154200285,4.0650302943766174,1.3473629094938864,2.4573937082416433,7.221334336195481,6.355706187627089,2.116388558671356,0.0,0.0,2.0570250160326022e-05,0.0,0.0
4033000609,2005-06,Western,3.033331531962905,5.161191376567601,4.654519774174628,5.363977887333618,0.9617393998449623,7.741051478947556,4.050175669754526,3.9445732640550957,3.1109719757842456,4.822485347362336,1.412006890873982,4.149696996309293,8.410089543856733,6.823988414389496,2.5606402462476776,0.0,0.0,2.228937294745138e-05,0.0,0.0
4033000610,2005-06,Western,2.085134002825306,3.670236019667519,3.694629739368269,4.640198384923295,0.5851753307566191,4.614849753861254,2.6129597778025215,2.510219548749977,2.223967063970908,3.7097057009158054,1.3585567828372025,1.9514083150924975,6.006545873830508,4.888642239896588,1.849455518024579,0.0,0.0,2.1984563050526046e-05,0.0,0.0
4033000701,2005-06,Western,5.62465615499161,7.85409648521176,8.513289185998277,7.310562804326315,1.4271105498086685,12.240138602216158,8.374370520870086,6.160735023773501,4.965242857938132,7.163029836982607,2.6557013943704653,6.156745045259651,10.344563608681469,9.31370077346541,4.5862590683588,0.0,0.0,6.460449086138108e-05,0.0,0.0
4033000702,2005-06,Western,2.9634693094429103,4.65779726056156,4.643649028231876,5.253932034455216,1.0009471871707196,7.867529729994183,5.3304011657569905,3.6721283324026928,3.0003226752849743,4.553875116799262,1.5246534147151003,4.123610814264236,7.395735446799047,5.775192210138375,2.3374368352888926,0.0,0.0,3.579957178771109e-05,0.0,0.0
4033000704,2005-06,Western,3.8624658138996435,6.242219135730654,6.491471427019463,7.2814668601676855,1.308214415276451,10.824733202679036,4.50046836558227,4.951270831334591,4.166344896515817,6.6633448442152705,1.9699770701889578,4.046104665150966,10.779384125573204,8.223464134775556,3.5226922947908705,0.0,0.0,3.163203958666167e-05,0.0,0.0
4033000705,2005-06,Western,1.862980520466638,2.9964407159001643,2.969711253138324,3.431784849453826,0.5704948740657384,5.326006366982556,2.365019216069898,2.291788136397162,1.8602169771064792,3.1893255165743826,0.9655549427890342,2.0404165324356085,5.615933557654538,5.092110869254174,1.5868296234859502,0.0,0.0,1.8651670462690935e-05,0.0,0.0
4033000706,2005-06,Western,2.2058727877932256,3.999582110902752,3.391016772067291,3.7724212297881077,0.6731732381716199,4.915392549067105,2.625005131749313,2.9288742430506063,2.397726262073787,3.603132963690383,1.3290879248843785,2.9156770141309423,6.800135137514139,5.869783466464668,2.0569519173561437,0.0,0.0,2.698249425856545e-05,0.0,0.0
4033000707,2005-06,Western,3.3153905622546747,6.138217390609678,5.117519202865146,6.417672911542907,1.1211661473793109,8.239013992197401,4.9096694242745915,4.572039562501904,3.8556916470157345,5.8168893037281855,1.948607311329303,4.966744482700141,10.916584870234571,7.96184559081392,2.9989828685889006,0.0,0.0,4.58752522154e-05,0.0,0.0
4033000709,2005-06,Western,2.9156346429742594,4.383677084079566,4.7295305577204,4.7547473960363345,0.8590319245759979,7.326203789024025,2.8311664998189547,3.4537500357440227,2.944565592815086,4.583522287377527,1.6639541675772351,2.705663953231154,7.599211249641358,6.015021833180636,2.528192568220091,0.0,0.0,2.5332943875392447e-05,0.0,0.0
4033000711,2005-06,Western,2.390351903318083,4.038181767825451,3.7191610072508863,3.9558595131131917,0.6044377000684921,5.10257922630117,3.1551735216795356,2.8950471990909636,2.3956353679737092,3.7581952888569985,1.3921051183499853,2.7311254610829723,6.6447258517315,6.408333330145137,2.1014375335100413,0.0,0.0,2.685536567546718e-05,0.0,0.0
4033000902,2005-06,Western,3.0943259925638738,6.195035622178429,4.771479467824781,5.706719030415569,0.8713692747115491,5.952488457258758,4.1487541857845684,4.238878160267173,3.39905059607512,5.101733916725239,1.8527666343001141,4.387667074353622,9.964032205069662,9.432525955250314,2.9491802353211916,0.0,0.0,3.254380131725845e-05,0.0,0.0
4033000904,2005-06,Western,7.893111399181093,13.524022735026103,12.393096327728426,12.426842252677705,2.2168753333860445,18.415532450934943,9.104972292981346,10.483369089138172,8.51140608450054,11.28999000288764,3.535759403934824,10.833520330669856,18.998955480036866,17.063749496287898,6.749151442004577,0.0,0.0,4.7662554584202006e-05,0.0,0.0
4033000906,2005-06,Western,3.290442296499691,5.444297620870213,5.27106304777133,5.748433377888192,0.96393982695254,7.849385247806184,4.271404398651816,4.17654915539128,3.478634699001711,5.4601979414102555,1.9229484741812313,3.3992292967005002,9.537788094297177,8.403951666222445,3.1011639669783446,0.0,0.0,2.7778521190212045e-05,0.0,0.0
4033000907,2005-06,Western,3.9788547604696536,7.2581400485308,6.392837677357755,7.27362067032229,1.0289971925611152,8.344441839554879,5.150455640212169,5.106615838790673,4.22638103312705,6.187488642483011,2.0442546537345945,5.233908684879641,10.794368367446904,10.059193893027434,3.4286953407076384,0.0,0.0,3.296431036411974e-05,0.0,0.0
4033000908,2005-06,Western,5.387439427338361,10.61613533134612,8.31389018317598,10.218595895362787,1.698109697152249,12.397950252883994,8.31104061364157,7.826225897346387,5.937381624195957,8.359696992832497,2.464873639644561,9.595181716232148,15.861624476292171,13.687547912120912,4.462343046043621,0.0,0.0,4.426875286958997e-05,0.0,0.0
4033000910,2005-06,Western,4.145897763735859,7.4025034835378625,6.695965439717484,7.63192190814575,1.1471435856910095,9.317490927621087,5.152785855099011,5.524314646195312,4.299579551651483,6.904572836225452,2.1577447485561265,4.679695478703271,12.449161986059028,11.302320077564515,3.753422337776659,0.0,0.0,2.8906792884635342e-05,0.0,0.0
4033000911,2005-06,Western,2.420545451482012,3.7421134127752005,3.8753093929354985,4.338651454060704,0.8111793112619953,6.895436288398629,3.4270654589409535,2.9892943833972403,2.4032913101777607,4.099801524821926,1.3012000421105072,2.468764049706169,6.812481580698082,5.276222854635884,2.10521249787552,0.0,0.0,2.0880028961027786e-05,0.0,0.0
4041000301,2005-06,Western,4.419120850123009,9.156644851505773,6.792430625564567,8.65374668840989,1.219492537505048,10.89975638907394,7.535899346669192,6.369092116459281,5.391803796273521,7.796281323758268,2.9339605825270136,6.649712958293462,13.941049416524352,14.16437627620783,4.098991037116652,0.0,0.0,6.573958973384722e-05,0.0,0.0
4041000302,2005-06,Western,3.5303988030044215,5.894508526762279,5.630118760866469,6.319386761187049,1.0408556522461996,8.58292482580539,5.787125165670291,4.5311775567901424,3.7402549679187915,5.835148346752478,1.9520443869998378,4.058250417499272,9.872916465950976,8.600507642317291,3.2146765766612804,0.0,0.0,3.3083265626121327e-05,0.0,0.0
4041000304,2005-06,Western,9.992563751163246,16.594615257141704,15.875879686283534,16.32279895406695,2.8328241993201826,23.971661910474904,9.384261186616685,13.147420220209982,11.147455639848163,15.908593938168748,4.69945711137812,12.405388137992471,25.642977007254906,22.104307370209114,8.261722701993824,0.0,0.0,9.196104710985808e-05,0.0,0.0
4041000305,2005-06,Western,2.119918128012995,3.415677583693282,3.2830288264215404,3.5671103590735256,0.6696112009618981,5.74019717592625,2.5053450879299346,2.658215825579961,2.2373195268646886,3.496246334064881,1.2021385581328161,2.5462458024010606,6.326954355787534,4.785356217173543,1.8036493557395084,0.0,0.0,2.8450625092147173e-05,0.0,0.0
4041000306,2005-06,Western,2.2831341523262876,4.015226843899058,3.738447999642303,4.299506390853491,0.7165146069079602,5.609727411501352,2.8195949597333043,3.040379078114298,2.598466465536831,4.0595784433619295,1.5652482974000532,2.3734202161279354,7.354212090188665,6.036513350422934,2.208724652081943,0.0,0.0,2.6948519469592596e-05,0.0,0.0
4041000307,2005-06,Western,4.691211425180175,7.559128584191527,7.327279243573209,7.285068016164384,1.6350246505425725,12.855959131898967,4.771230480039152,6.209042321509333,4.805790970735211,6.931139304652909,2.2183274097409145,6.251374178342625,11.677297477776678,8.708023579800685,3.907087608171068,0.0,0.0,3.61062627288366e-05,0.0,0.0
4041000308,2005-06,Western,2.25334754688308,3.6755271946871746,3.510806045490562,3.543103860351477,0.5784589480681676,5.073876923110039,2.641743583902628,2.715809014749144,2.339475621522962,3.491274001843548,1.3209597567148519,2.483417022825637,6.064507047696033,5.587866875075879,1.9976033420267676,0.0,0.0,2.3254963899094535e-05,0.0,0.0
4041000309,2005-06,Western,3.2954531691838285,5.596677468919591,5.367177366715217,6.568126999226109,1.0642317263737078,8.792549127297908,4.351252448497243,4.1555582541755065,3.3770330035931377,5.427417332419881,1.4577089857769407,4.162258562216148,8.817424480032013,7.168570374227761,2.798814056694415,0.0,0.0,2.3469639697697423e-05,0.0,0.0
4043000602,2005-06,Western,2.640393249681085,4.142791847051699,4.213499582560451,4.072627338799389,0.7134916605295618,6.2014643389179165,2.480845345200938,3.212484569060593,2.7707472037230603,4.12474651869525,1.5801140440393844,2.498226947893367,7.26084111048764,6.0737155481085585,2.3990455385656877,0.0,0.0,2.2426906791979218e-05,0.0,0.0
4043000603,2005-06,Western,1.8870718999322835,3.065209371059088,2.958360376086601,3.227168557899477,0.5570243422817092,4.570143955612028,2.3831680671471553,2.310863384037875,2.023407808462439,3.069953824297622,1.2266006652051606,2.074475945370168,5.592565378498671,4.6687807404064365,1.6547705317491792,0.0,0.0,2.296030000073338e-05,0.0,0.0
4043000604,2005-06,Western,2.2988162856957377,3.858038181731599,3.764651697283655,4.041887751810049,0.6651133187288774,5.4496305855737575,2.4699214602443758,2.8573932775860094,2.452773814852853,3.6527352281508896,1.3206271982171263,2.6051382110355363,6.225081208728021,4.844818884658792,2.0068748111500905,0.0,0.0,2.1706827326820775e-05,0.0,0.0
4043000605,2005-06,Western,2.550858797487223,4.463846368819493,4.065740952151992,4.695471308565029,0.7642542638286758,6.114912520362597,3.161874056333164,3.311343349347,2.8522471304691663,4.136551307239831,1.4636898029993746,3.2477783844245245,7.482682885901739,6.095709200418671,2.2085475984338676,0.0,0.0,2.606836859580978e-05,0.0,0.0
4043000607,2005-06,Western,7.451711371796421,13.16738879209083,11.715117804813334,11.75913726858915,2.170363076212396,15.599718221028128,7.744605089907202,9.906541701984901,8.018813519260911,10.779265322448605,3.682804661384969,9.922928545740579,18.20307311816444,16.741308171391598,7.0709365469286185,0.0,0.0,5.089114776086109e-05,0.0,0.0
4043000608,2005-06,Western,2.922418817132707,5.036938819659948,4.57100371428055,5.053542042977595,0.8401411047433683,6.902041477572429,3.7240350454666613,3.748168542046441,2.9690055628056244,4.633871181946889,1.5213374049397503,3.697639815011477,8.171890155347938,7.07353230701858,2.543101251388444,0.0,0.0,2.6359320212289555e-05,0.0,0.0
4043000609,2005-06,Western,13.082937635151424,20.48222946439814,20.056353723539658,17.80737422958799,3.4316295741816276,26.881001385847814,19.91971528611169,15.95284093093974,12.204231530208363,15.998560312737434,5.258562990251586,17.839404653068648,23.598283513963224,21.98854164582218,10.553102178017976,0.0,0.0,9.286394449726152e-05,0.0,0.0
4043000610,2005-06,Western,4.253559168638514,6.527517239460989,6.923022066000774,8.18290390862839,1.1911413850962804,10.708733965749673,5.878327271477608,4.836240485323332,3.9199246824310516,7.083040432910198,1.7444862597497752,4.08298433602728,11.075548806008621,9.854035010906392,3.615742839329064,0.0,0.0,2.2861254778882233e-05,0.0,0.0
4043000801,2005-06,Western,1.6822870765474314,2.6464204523675448,2.602548540938081,2.9704460427791477,0.5381108302524878,4.73869828212712,2.77064678771593,2.053408126941,1.7212708690087652,2.7326985217971007,0.9821068535920057,2.111298275101026,4.898355723885362,3.820565795401713,1.3493686128478246,0.0,0.0,2.8376562305093497e-05,0.0,0.0
4043000802,2005-06,Western,2.4796952986945695,4.094339718305649,3.947529156329797,4.136215323538555,0.6942961880418714,6.103908189125841,2.7270584378159994,3.160329749243186,2.5982223870656114,4.079205410014118,1.373756676296037,2.615081720035058,7.251015856634913,6.495938631058004,2.249808290667585,0.0,0.0,2.361708210327411e-05,0.0,0.0
4043000803,2005-06,Western,1.3117705232803114,2.0881602119667444,2.1121517147815894,2.271654422182138,0.38641601708731765,3.2826919481984445,1.615040938953452,1.578277532639157,1.418743779947437,2.1880555846549656,0.9179251245994143,1.330971273493838,3.9102623000942005,3.0929015943460265,1.13508176988689,0.0,0.0,1.9171041503050935e-05,0.0,0.0
4043000804,2005-06,Western,3.3817784764139733,5.862547622730637,5.672276168729502,6.071550574509201,0.8734088626536057,6.915748967472812,2.978556363425787,4.23208990596929,3.7242727876793555,5.785819682762129,2.132207704404943,2.895577532328598,10.039219057602914,8.519300610568846,3.186849392572497,0.0,0.0,3.126439995011142e-05,0.0,0.0
4043000806,2005-06,Western,2.5462030665839097,4.363882549973711,4.092881848686235,4.428453748247702,0.7313745261498874,6.008092259232445,2.7809331488520916,3.2555992645381884,2.6989973103675924,4.117308135872436,1.4695404289817742,2.8285536846475643,7.40040123704618,6.19203940582249,2.306513891635818,0.0,0.0,2.0530550090188026e-05,0.0,0.0
4043000807,2005-06,Western,4.061267758779778,7.80686760937902,6.224459829479823,7.598441533815102,1.2618771223398066,8.773956532806489,6.297527877997284,5.622788533777304,4.511477852320641,6.436303191421744,2.1426661723179765,6.600382852694474,12.134781879300004,10.310475280296043,3.545877201076957,0.0,0.0,4.2449066040517835e-05,0.0,0.0
4043000808,2005-06,Western,5.040044875621992,7.751907010889675,8.280470790624182,8.964517151648383,1.7535040467245988,14.266717552739923,6.300238387667434,6.407491090014318,5.13217164322764,8.166439788171735,2.3285348391474594,5.646607189832337,12.67466069025061,9.625840320535662,4.2295542999435245,0.0,0.0,4.117121600979076e-05,0.0,0.0
4043000810,2005-06,Western,2.156625845831075,3.2905893406278954,3.511997173244891,3.8553749157731834,0.619198507465211,5.324410935598598,2.5986901256893984,2.503856347268105,2.1567657106493017,3.7888853032991388,1.2961384492792176,1.819420375933423,6.409525070549012,4.902571003331658,1.9085038178605926,0.0,0.0,2.140930535339078e-05,0.0,0.0
4043001001,2005-06,Western,5.210352895449225,11.578102948417845,8.553496939021718,10.465183702170291,1.4418516259593526,10.248454599120912,5.353746281330349,7.567679063920825,6.631314566564209,8.614262562746157,3.0582638392874597,7.978576952844399,16.68275739637234,15.662298613579738,5.1041790431412375,0.0,0.0,3.781705419405373e-05,0.0,0.0
4043001002,2005-06,Western,3.5319088241801944,6.490774911701339,5.804053617262141,6.5446463620309805,0.9317232981225987,7.760204915075045,3.76463916134229,4.690267144855175,3.8662658291419727,5.924536114626483,1.8960503140287928,3.928397591315674,10.931784842611783,9.694554605434863,3.2588446399056217,0.0,0.0,2.5292397540853963e-05,0.0,0.0
4043001003,2005-06,Western,3.28181661059421,5.701253606528033,5.230731754545939,5.816713724337136,0.8611319538012188,7.443273656233903,4.395400334180464,4.105052339863949,3.429374273303509,5.05031619944355,1.6633266327596565,4.315673968584495,8.578895432327986,7.646857683540472,2.721786950184531,0.0,0.0,3.1915696831837006e-05,0.0,0.0
4043001004,2005-06,Western,2.350897379433402,4.136310567359903,3.8888603667105826,4.767266682921921,0.6669954155163076,5.560282911723564,3.3400084512820873,2.936743299229675,2.601179114131174,4.234803378269909,1.3953702841003504,2.5073011425259386,7.420978700181978,5.958365257349781,2.185649643338097,0.0,0.0,2.1473546506394832e-05,0.0,0.0
4043001005,2005-06,Western,4.71935290418727,7.534275958345787,7.623489245898988,8.323951269884999,1.6522248906290473,13.273987293183625,5.2898914730742455,6.176037969636769,5.047709448720599,7.781087817909095,2.311711963481568,5.376610600595275,12.921477513443161,9.705080670083218,4.121755119144075,0.0,0.0,4.3563991160748416e-05,0.0,0.0
4043001006,2005-06,Western,2.2496908147135497,4.31341719737021,3.7033776418110085,4.640760383894546,0.6590831992069537,5.159757166548399,2.7850612987642664,3.0307060063369105,2.562406829999682,3.928204730594721,1.2985248356433523,2.8537324817268708,7.32705343334977,6.236315699450466,2.043132456498685,0.0,0.0,2.232469041851731e-05,0.0,0.0
4043001008,2005-06,Western,3.8068710787475606,7.261547413031807,5.889651751075641,7.169785935861308,1.1343976769886022,8.350360695017113,5.492282918742011,5.244188159393056,4.101401835391905,6.108406832562525,1.9575811063232524,5.7975967345462305,11.621898197035375,10.380653779958957,3.2990850972792227,0.0,0.0,3.598311609467844e-05,0.0,0.0
4043001009,2005-06,Western,3.9494251582428084,7.5436231774752835,6.3302457990513,7.009842948049349,0.9516245104790972,7.488189718976511,4.831240609624353,5.179064169048692,4.3170762821076325,6.495518271498464,2.323391576748698,4.4632662798268905,11.552948543592727,11.930030880698688,3.8365130914592354,0.0,0.0,3.23647944904756e-05,0.0,0.0
4043001010,2005-06,Western,2.240175604196344,3.1746555525254356,3.6647568390745175,3.9119128489760087,0.7204233385168248,6.111841477303206,2.8098104577231293,2.589384229260464,2.1790887069924345,3.743474435336698,1.2289644595902585,1.969053585714844,5.8996634389931835,4.241906860100574,1.847570575718776,0.0,0.0,2.4354806248307443e-05,0.0,0.0
4043001201,2005-06,Western,1.9048101860898943,3.2177241409597754,2.936496511344285,3.3838722673398793,0.5806227678711423,4.721627632838743,2.890102180305821,2.4163758550096746,1.970999616224362,3.126903479854068,1.101895572388437,2.4787820947836843,5.765434116248529,4.821734356497143,1.6015822576365524,0.0,0.0,2.8076366198194632e-05,0.0,0.0
4043001202,2005-06,Western,2.267006768301918,3.9876169057816058,3.513127675292079,3.5351247276042574,0.5370504853056184,4.283446541533538,2.8635157448040465,2.745786557228485,2.308657776104553,3.518744858323178,1.417375341746974,2.5517924712950952,6.141476628238813,6.267973354686872,2.1325732155702166,0.0,0.0,2.729935254387626e-05,0.0,0.0
4043001203,2005-06,Western,2.195203639242221,3.4458946701056528,3.527232615734862,3.8864167392023448,0.6564666483934188,5.686879216636589,2.8366929665119893,2.644994491478978,2.170178776703826,3.697797219438342,1.1925675569660277,2.2852526383106824,6.164728084444584,4.726759011568627,1.8856716546160053,0.0,0.0,1.920573218254434e-05,0.0,0.0
4043001204,2005-06,Western,2.057489359375594,3.5250378142186087,3.4101462708204027,4.049867044877908,0.596891298840392,4.68686949863434,2.8285901496054517,2.573154345818451,2.1845634798846953,3.6625849179135317,1.3396563115458964,2.0780695647786396,6.430447327720993,5.113609491358966,1.8553155083500434,0.0,0.0,2.180281515706459e-05,0.0,0.0
4043001205,2005-06,Western,1.911514414959882,3.048071873057115,3.1082876564139066,3.751927192756341,0.6250586700610803,4.974028352179708,2.7073173808959248,2.313639984342739,1.954938645364351,3.3038623612516025,1.070922927074266,2.084422489107219,5.525553213576134,4.026094747048403,1.6097745752807395,0.0,0.0,1.935704297526996e-05,0.0,0.0
4043001206,2005-06,Western,1.3693228437552571,2.014218734114389,2.1371509005733365,2.171907892652027,0.3778014046945304,3.584323029836488,1.6854844616904545,1.5542307921898342,1.320971865812313,2.199997768361328,0.867448177336091,1.301502640197181,3.828233893949971,3.405947946735021,1.1448999891406417,0.0,0.0,1.9432863597820113e-05,0.0,0.0
4043001207,2005-06,Western,4.336718068248866,7.871104401943049,6.752703703330101,7.047788359461134,1.277835990683588,9.814486259034402,4.497330038203315,5.819120421725642,4.8048117949564295,6.454728269898127,2.187077063706312,6.176429364422345,11.460172367898782,10.220852682364653,3.991509650600206,0.0,0.0,3.224328879964518e-05,0.0,0.0
4043001208,2005-06,Western,5.509606603270504,9.84475168011055,9.799090002131827,12.775366698475365,1.6664335026556918,13.743514608689841,7.1456490712400695,7.230202661472551,6.37772248715824,10.667520796078456,2.656485429280194,5.0240110044624124,17.211469905537946,14.199478596706395,5.173636200801848,0.0,0.0,3.51832686091951e-05,0.0,0.0
4043001209,2005-06,Western,2.718542420374852,4.853682592256994,4.462654279524609,5.03114695808831,0.756135267985013,6.554131582386221,2.5681541489812867,3.5045445479368706,3.2640624794758697,5.0126707823788506,1.7413546252891259,2.696539242189811,8.771370477277852,7.186548008988427,2.6965341565583585,0.0,0.0,2.997152472333329e-05,0.0,0.0
4043001210,2005-06,Western,2.810659848907433,4.692166849766136,4.361496907041033,4.240286639109668,0.7602579841054057,6.650731755478712,2.6238263709948457,3.607462804259181,3.001785216540256,4.470306220982702,1.518760659169049,3.056180061600432,8.342661510709023,7.229640518844648,2.6287427263777077,0.0,0.0,2.1683373756968597e-05,0.0,0.0
4051000202,2005-06,Western,3.1660752407194304,5.164148207284807,5.054888852345129,5.486339528027001,0.966338662323192,8.049426706615789,4.24579083458693,4.039233080667155,3.3639522018179617,5.213462455018326,1.7699684048654016,3.4673436952578554,8.919941580193102,7.610585866226955,2.923470943278454,0.0,0.0,2.8629908980359938e-05,0.0,0.0
4051000203,2005-06,Western,2.326231215403393,4.802961748617107,3.9475423725484666,5.152182641449265,0.5910802631869035,4.885736375194249,2.6957809988199966,2.9457999271122985,2.9103648514243265,4.360964264219579,1.4077266362314347,2.9095625378169894,8.057171130068516,6.242119802945448,2.2672605041380924,0.0,0.0,2.029242242549354e-05,0.0,0.0
4051000204,2005-06,Western,4.835181656391396,7.837238543551783,7.5483671567478865,7.7966646313660295,1.2571866421372384,11.419530568047664,7.276319030829629,5.874682503063641,4.7869165727869465,6.867223263240337,2.0342825748943296,6.63768210936249,11.022329423963248,10.030476700721504,3.8432445395979693,0.0,0.0,3.4403564267963764e-05,0.0,0.0
4051000205,2005-06,Western,5.064962039757397,8.912791460726593,8.0393260989695,9.159609111664086,1.5970226576999038,12.65292219890912,8.99493721569804,6.754123049773851,5.460508988924242,7.670024595574383,2.3888290955002867,7.799779745598888,12.724768154152361,10.59948165464295,4.2602979026891035,0.0,0.0,4.172317788585614e-05,0.0,0.0
4051000206,2005-06,Western,3.4856374974396536,6.318499200805106,5.8033616901332445,6.940573497193028,0.950126876675325,7.477510008136092,4.503899021004921,4.5371238274136925,3.873776889813173,5.881964712302308,1.8702348526588028,4.055345740236301,10.085798701615865,8.601749920126032,3.089048633432156,0.0,0.0,2.778246521999429e-05,0.0,0.0
4051000207,2005-06,Western,1.94102307089072,3.488139400735897,3.1774348674552524,4.423945323490933,0.6974703201578362,5.365854449414905,3.6296944803874673,2.5171010682291426,1.9658922843735873,3.359559097373218,0.9676752549954858,2.897504405796817,5.4036374733747055,4.421188955952369,1.650687457754435,0.0,0.0,1.9807830340607787e-05,0.0,0.0
4051000208,2005-06,Western,2.7219256399370773,4.302102445275105,4.506362853578627,5.352177840036125,0.9253479244104478,7.443275159682711,3.8747322804620814,3.429033065134981,2.898276931633532,4.873949506207659,1.4909548243291986,2.725415533078968,8.112724415082452,5.834932124026187,2.3712251202427375,0.0,0.0,3.144605523743751e-05,0.0,0.0
4051000209,2005-06,Western,4.0473862988334925,7.2681648087047686,6.6586162478612465,8.17555335143419,1.267464493063051,10.188839769519866,6.670435347820564,5.444766663494995,4.4997353520270815,7.079791797947121,2.096210979340126,5.070072194110135,12.178762577612357,10.088050211456222,3.7526969416440696,0.0,0.0,3.0794245190645094e-05,0.0,0.0
4051000210,2005-06,Western,3.1551341152234196,5.122149812050426,5.118443876338737,6.517761683445445,1.0861986643569643,8.380147050598982,5.283339178751679,3.8776032877998334,3.197139103385251,5.187693380407839,1.4207051801300101,4.1375897952668605,8.212619202816438,6.2999403073087255,2.5694166798019675,0.0,0.0,2.5898902145895414e-05,0.0,0.0
4051000501,2005-06,Western,6.036422423432815,10.248275669170695,9.09857788877139,11.135915429760916,2.6479249476088347,17.318957699869333,12.4791543051438,8.496223223990448,6.382046877095931,9.421231785600602,2.8457194269897843,10.346010080013192,17.261112768611216,11.585601256426862,4.896243647151619,0.0,0.0,8.012673235641147e-05,0.0,0.0
4051000502,2005-06,Western,1.6426985669021072,2.781791653890956,2.709506306726216,2.9673796424855214,0.4811781111510916,3.991655028682349,1.7335514210129588,2.0702923233545083,1.864984718296858,2.8620057474390745,1.125799159159875,1.606414527289744,5.209056126798533,4.000631385837512,1.5181615871689929,0.0,0.0,1.9553077006184528e-05,0.0,0.0
4051000503,2005-06,Western,3.483267560366461,7.078967204025601,5.740203213294083,7.524447675716546,1.0627017979208124,8.327516635629152,5.017251085126804,5.021855968228456,4.31703094562762,6.458867186584471,2.1065870795701973,4.798204964218814,11.993557953479984,9.98203264937956,3.3251072068357463,0.0,0.0,3.513896104451444e-05,0.0,0.0
4051000504,2005-06,Western,3.956314325403058,7.112060516599958,6.433090840724272,7.716427728417199,1.3191361666350223,10.3725655387575,5.868504031725673,5.365895772998435,4.203530794880119,6.438911490537282,1.9039959452253912,5.636574169386337,11.02924172553242,9.235552319009692,3.4489371405598224,0.0,0.0,3.0029481833365616e-05,0.0,0.0
4051000506,2005-06,Western,1.619421355886983,2.431180016236678,2.513812551921454,2.9448723037085642,0.5936848459074278,5.200937563057107,2.9094116551120712,2.0058237666001695,1.5728648314490683,2.765997014102807,0.8529300902363702,1.8912323369013497,4.814342898569164,3.623564735427176,1.291984518685237,0.0,0.0,2.4922816146326553e-05,0.0,0.0
4051000507,2005-06,Western,2.297952228001842,3.2856304801535647,3.8078212603133443,4.385569274616759,0.8609652244998192,7.297928640500477,4.039300514925399,2.749934401692077,2.2605750751050606,4.089339929349585,1.2242704936258448,2.100724934378665,6.23315984697787,4.310131123588211,1.9524765625171179,0.0,0.0,2.7282721493518153e-05,0.0,0.0
4051000508,2005-06,Western,3.5001365487112963,6.033324856914759,5.370556920686686,6.0850287500838665,1.1338959862884967,9.1864657111355,4.498636062713113,4.6421999600758745,3.7099616047147848,5.31296185930832,1.6834535484461923,5.270483844327809,9.614215957211053,7.624492445528266,2.828179704026025,0.0,0.0,3.4471407947950495e-05,0.0,0.0
4051000509,2005-06,Western,7.47614625809282,15.029862157432909,11.79402830465169,13.173953269125972,2.387819978175874,17.47583518947417,7.9399554121334655,10.988630510031447,8.99030056641367,11.08268874045881,3.9197954566330537,12.848804414644578,20.16640098129722,17.995494238095546,6.736076332327684,0.0,0.0,5.9744145922624694e-05,0.0,0.0
4051000510,2005-06,Western,4.239321454084681,9.126027919201197,7.3071459278771504,9.581954213638197,1.075056552346522,8.116805436617444,5.305945266076118,5.712054499196545,5.243044825731169,7.291753855326482,2.3626092776911114,5.638338363962489,13.434908591691137,12.64466407543706,4.055786655984599,0.0,0.0,2.4827639694850125e-05,0.0,0.0
4053000602,2005-06,Western,2.508068961385831,3.8848912070170663,4.010826518710087,4.050794871941911,0.7829307732823282,6.494008495298652,2.759496943130767,3.1272864938313565,2.644079614453765,4.096036510370565,1.6056958947319868,2.472075076489126,6.969655344594629,5.891851109308861,2.308781787164068,0.0,0.0,2.7452117639194824e-05,0.0,0.0
4053000603,2005-06,Western,4.203982677543506,8.169610138356262,6.63947608366731,8.389881104776164,1.3249104307637813,9.466379702786256,6.377982432353492,5.941666678237779,4.525327977951858,6.951275211476006,2.1467849896196487,6.348992174152253,13.08187134247274,11.450453693075932,3.719209609030981,0.0,0.0,3.435688122048904e-05,0.0,0.0
4053000604,2005-06,Western,4.418784484514072,6.5437569791662815,6.963191384302984,6.798262833418355,1.2089619056589662,11.17869601630578,4.064859181357987,5.264441714370619,4.697539301754288,7.279868049938388,2.5035945688660037,4.261425393083652,11.492312489113056,9.5434331654068,3.661507956666624,0.0,0.0,6.399743877827335e-05,0.0,0.0
4053000605,2005-06,Western,4.090892490451396,8.037906648745643,6.594522474561703,7.609904813698878,1.0037175193785322,8.115338128230809,4.960463356929136,5.301932381471832,4.7354908079691445,6.504554086734218,2.220142030487443,5.74281078108418,11.266698936435633,10.407816446674154,3.685323327566435,0.0,0.0,3.3397142656122374e-05,0.0,0.0
4053000606,2005-06,Western,3.07190402371185,5.8413784421723,5.137024695364314,5.914713299402401,0.7598035257594346,6.341076832040279,3.234393914561286,3.9380059342854357,3.5802647268056624,5.301904778725818,1.8804316498282316,3.267297067631554,9.652765692459178,8.398091418366247,2.9492804814068427,0.0,0.0,2.3659811626553968e-05,0.0,0.0
4053000607,2005-06,Western,1.1529670886616272,1.7331199911731459,1.8026424105462993,1.9779661765250212,0.3481079591779358,3.1191929404855334,1.7286910952274195,1.3439584829207112,1.1323247296953427,1.9356096193029735,0.7726464104192229,1.1613762644610228,3.508565426662552,2.9127842444204592,0.9382370892300754,0.0,0.0,2.0858355169059764e-05,0.0,0.0
4053000608,2005-06,Western,2.944655006994418,4.740630487984545,5.007499526787667,5.888091037523907,0.8465441895767531,7.403384391583612,3.514813809421405,3.5553862776779175,3.015182384907969,5.326364979537686,1.6692952384741908,2.259011867857383,9.055218858956083,7.822953949480836,2.731473066152836,0.0,0.0,2.2113231832188077e-05,0.0,0.0
4053000609,2005-06,Western,1.9846213476087426,3.267387816123509,3.1323845294569326,3.465796742528024,0.5606190733628752,4.726263444141657,2.9225761201321117,2.429907025840506,1.9873292454727636,3.2674761902454055,1.172445714262996,2.212399809026661,5.7056296050350515,5.0034101302484695,1.7439829157242546,0.0,0.0,2.3644392154936344e-05,0.0,0.0
4053000610,2005-06,Western,1.3483989850610707,2.0716077720627717,2.1121525823285463,2.213961783438794,0.38355231103037307,3.6829676414547063,1.5419456211408762,1.5709212586526944,1.370282191007742,2.21121705894535,0.8122674506441442,1.409772661150955,3.881503188989218,3.3380464357689856,1.1524144706808508,0.0,0.0,1.794166303450393e-05,0.0,0.0
4053000802,2005-06,Western,5.19491255855197,9.472044474757853,7.995671822634898,9.723674673605405,1.7307417826308171,12.873816610566418,9.311754836759835,7.15706045495544,5.769388515065051,7.942578786837197,2.5377874420761155,8.890956837144808,14.535942457854956,11.39784366468279,4.204827682646541,0.0,0.0,5.234143838006433e-05,0.0,0.0
4053000803,2005-06,Western,5.797539954174018,9.789235464237864,8.735454706009696,10.674008576366269,2.5398811706453785,16.68171789560042,11.975856236988033,8.118560109015226,6.1147103148194875,9.068285773871567,2.7542852171413554,9.831708582091407,16.592909462216863,11.119826289555874,4.705457182149535,0.0,0.0,7.875685591733334e-05,0.0,0.0
4053000804,2005-06,Western,6.780423637336229,9.730489678694221,10.265644645695122,8.934317455536503,1.7326453160228936,14.560368120480565,10.136978261793146,7.6045950864451575,6.0551455681624615,8.562764078750993,3.0652830299735427,7.841769694544709,12.416699085218486,11.259538639657253,5.525874589447374,0.0,0.0,7.021284738129772e-05,0.0,0.0
4053000805,2005-06,Western,3.9770235838588226,8.272399716253892,6.533626322888844,8.774030170326297,1.3321619183225997,9.700368184839759,6.671362976504556,5.921598474958356,4.79647042132942,7.064904209805192,2.124881507122951,6.450920936319015,13.102925757003518,11.04773586792837,3.720956786494604,0.0,0.0,3.2472435721817144e-05,0.0,0.0
4053000806,2005-06,Western,7.284723207399728,15.129385625651441,11.134533162445216,13.379469073778823,1.8513281703487334,15.09286329762293,11.121335041370127,10.060605669881882,8.330112343955948,10.955635179167784,3.928196171379627,12.641755695647548,19.840037778734168,20.060021730700633,6.02342316703715,0.0,0.0,7.834888589420794e-05,0.0,0.0
4053000807,2005-06,Western,5.691425237684617,9.274426650152606,8.583105840522338,8.228527690360016,1.9993825819278546,13.783795578138445,4.240013990812605,7.312729327345759,5.8031904629656355,7.999438242546241,3.0467981041569954,7.3674706238453895,13.61829143155333,10.613405465102538,5.180056918983078,0.0,0.0,7.181634815923646e-05,0.0,0.0
4053000809,2005-06,Western,4.368074879007952,7.088619548443535,6.5774815491140926,7.910320061237775,1.8964594274826476,12.83104906939741,8.977976549592647,5.90215414086137,4.531565195389316,6.935026830344367,2.2027943750681445,6.843829244529671,12.581842595587414,8.341037019513116,3.556090118402655,0.0,0.0,6.963749457065103e-05,0.0,0.0
4053000810,2005-06,Western,5.865872774036219,12.648957584928462,9.029592228664173,11.728349661757838,1.6351295765414846,14.191532536884234,10.059363510043784,8.75304587927478,7.2817632539616355,10.203611776640102,3.6411425237781443,9.60327551655616,18.40855674917961,18.91643825336031,5.435065040633695,0.0,0.0,7.455482895709873e-05,0.0,0.0
4053001001,2005-06,Western,4.490257025975618,6.840548753763476,7.118409675602266,7.893730634163604,1.5179706747118418,12.446944079587464,5.969786746839975,5.6457685155135655,4.677521850296973,7.394672146224986,2.1606295833846088,5.160158259876236,12.360809055138724,9.141932631310326,3.6718783740368353,0.0,0.0,4.9930080755308444e-05,0.0,0.0
4053001002,2005-06,Western,1.5913072602409974,2.3110065936804007,2.5180107590510423,2.6066669831057543,0.4889262429618103,4.718518712441368,2.2340825997129032,1.8936673538324726,1.5829122518169645,2.678333719513515,0.9464592828955349,1.4836422686216508,4.487376132759162,3.6971308891436205,1.3784136971669996,0.0,0.0,2.1159770224287675e-05,0.0,0.0
4053001003,2005-06,Western,2.6026424499268095,6.440983067056033,4.320983683693606,5.656061997877696,0.6259372838913425,4.857868175098023,2.5244578919330367,3.701580431384928,3.498348608961505,5.111264045211963,1.9947143522270052,3.345366706287616,10.148205174155569,9.650581788685551,2.732191135068463,0.0,0.0,3.0692565423985787e-05,0.0,0.0
4053001004,2005-06,Western,3.4474565084272335,5.911423476492169,5.762360330826605,6.880761765621454,1.1059831031558784,9.37949732015003,4.291592145471754,4.565335425190723,3.9676015268030986,6.2917217782855595,1.8932567755324192,3.572489529494137,10.794855404167903,8.712588468245405,3.249312027170108,0.0,0.0,3.069720870103622e-05,0.0,0.0
4053001005,2005-06,Western,2.1911858401745907,3.843151589487684,3.52567545252546,4.1278527677654795,0.6993284510422869,5.5510570036807465,2.9652681249458936,2.8768488499742286,2.4820647054429235,3.7488570243144954,1.4367473311854846,2.5845425228018737,6.802451854976643,5.7618943800579245,2.0477789958580987,0.0,0.0,2.559354464064496e-05,0.0,0.0
4053001006,2005-06,Western,2.5381203643758954,4.041871305247588,3.932096596398186,4.2086058681335246,0.6746339090614516,6.467723739123241,3.677739378938729,3.1507311449803352,2.479731238722622,4.147530731851006,1.2913367785337666,2.8025553656781335,7.25674987776081,6.908799456872396,2.1254443569439574,0.0,0.0,2.8027854928263936e-05,0.0,0.0
4053001007,2005-06,Western,1.6143917234200549,2.50038643515001,2.5144285714642716,2.3901793243931753,0.4271241079374486,3.675131930272365,1.7814426007920106,1.8667292342623587,1.638296547280262,2.4974835949673593,1.0648675388150737,1.6147709498405591,4.251778716135416,3.784688982461652,1.4744920699158313,0.0,0.0,2.2312295427610678e-05,0.0,0.0
4053001008,2005-06,Western,1.9838835166351707,3.420552597427662,3.0772169420775812,3.545116485264532,0.5801228742839841,4.556431000834639,2.8336865147745773,2.5104905515663742,2.0560165539122917,3.287570913231677,1.215100315508306,2.4283371524343416,6.163653351246882,5.389055200260625,1.72653380841961,0.0,0.0,2.680664077335079e-05,0.0,0.0
4053001009,2005-06,Western,2.2645133598807057,3.820694676914955,3.52526435065096,3.9381445231691883,0.7236554466343365,5.450903086861056,2.7641414022996305,2.862418916506451,2.4718194371103914,3.640622664526127,1.4171972658102148,2.799500485636706,6.653532455915543,5.378744215358621,2.0404524164036806,0.0,0.0,2.83706558137736e-05,0.0,0.0
4053001010,2005-06,Western,2.812610398055623,4.767987354023343,4.843788812343248,5.901974893485165,0.9635709835741014,7.5189667686319686,3.5131341389050137,3.671507518896791,3.132998087651744,5.211139243133681,1.625424663566677,2.6789922000309856,8.574373446486396,6.362217908107939,2.6345639224298294,0.0,0.0,2.8013251068320957e-05,0.0,0.0
4061000303,2005-06,Western,2.6260484086461595,4.6489250695378335,4.039058829810863,4.336569490987531,0.6663569888595449,5.541003290179832,3.4761782432648816,3.3181719172903765,2.6494813681846137,4.118012162523482,1.4082741877247411,3.347347639953505,7.336912243780843,7.16402801662852,2.3145522251862705,0.0,0.0,2.8402342059862257e-05,0.0,0.0
4061000305,2005-06,Western,3.667222131428682,6.269678799350267,5.742129092552878,6.2570270896548115,0.9609810414727925,8.135916255950134,5.128382381644931,4.548342467839187,3.755758074112159,5.545921225322162,1.87793089842619,4.745105656614807,9.557545779258279,8.94405644232757,3.097582782492377,0.0,0.0,3.416868550955093e-05,0.0,0.0
4061000308,2005-06,Western,2.1840770386687978,3.9025347003901767,3.593783475659694,4.06321208190347,0.6551248933345535,5.112072152579101,2.4550410631543627,2.832822060609874,2.398547341125806,3.63144439315185,1.297668455716048,2.566725375889386,6.358367273472403,5.196234031296268,2.0349761750179414,0.0,0.0,2.1372373908009428e-05,0.0,0.0
4061000309,2005-06,Western,4.8080182081177405,9.92889129056305,7.917764669287028,10.42189487527049,1.357494026886628,9.65115479105959,6.667066624556255,6.593365436568063,5.40252484845401,8.02424421785235,2.424681787551188,6.986859225916842,14.562042196728385,12.773333651730644,4.454268824160994,0.0,0.0,2.77138900819071e-05,0.0,0.0
4061000310,2005-06,Western,2.223350676989299,3.6355486831353314,3.6379940442881136,3.9957045074827784,0.6348338811247657,5.730049840291531,2.5472408415950474,2.8053184682658423,2.3143608918028513,3.736090824668986,1.2296686873732996,2.2592130593726627,6.510748965916067,5.655489014078335,1.9437136893093927,0.0,0.0,2.22021134540581e-05,0.0,0.0
4061000311,2005-06,Western,2.058278244430188,3.5857277786819557,3.489182683082079,4.6006879583895275,0.6836632565263672,5.678467460278235,3.403396474838687,2.6244635449746414,2.0995833185300974,3.9155398555038756,1.1393458591243282,2.2310910409727884,6.417652166606867,4.975495713585776,1.843424291411505,0.0,0.0,2.2042862281415636e-05,0.0,0.0
4063000801,2005-06,Western,2.9929667974637906,5.280374997861825,4.87232357588614,5.876016128971024,0.8764665345377836,7.308061151116408,4.393523000663162,3.8732095250992034,3.079393930147437,4.939063321121852,1.5146212070841223,3.841529116525324,8.484078130418384,7.363387524560447,2.5384791600814847,0.0,0.0,2.7704921323286005e-05,0.0,0.0
4063000803,2005-06,Western,2.4687381806565454,4.438562062426084,3.77856487113308,4.195893454813581,0.7058515335226089,5.447026189640405,2.9297847085614803,3.249524013515822,2.5510986357254493,3.9696218455483203,1.3938562379748614,3.207094093032578,7.562428383357563,6.7181665153343015,2.1780979995460137,0.0,0.0,2.6370938160458126e-05,0.0,0.0
4063000805,2005-06,Western,2.9170619482000064,5.358600502369663,4.519367912143219,5.172716347771053,0.8968036197549233,6.407704291475489,3.4802820666709677,3.892265844841708,3.224658724139265,4.693625576842542,1.7180960355492148,3.9485677578470346,8.860008179670011,7.6367625179640655,2.709574997111626,0.0,0.0,3.0310140983866237e-05,0.0,0.0
4063000806,2005-06,Western,1.6556170447544643,2.6837475723746884,2.7078805741992142,2.932041826309423,0.5041674263021746,4.402754624412977,1.8859958475885639,2.011805462839758,1.8033112198082784,2.7967234137876744,1.0818585375928935,1.740924950349953,4.901957255226747,3.688996969104081,1.4855198653131652,0.0,0.0,1.7974221181307276e-05,0.0,0.0
4063000807,2005-06,Western,2.276283000090429,3.8045090960402645,3.733054662907014,4.0899441915926005,0.6257147972105694,5.368231468727923,2.744577229206816,2.8110179088715297,2.45992682095939,3.9029033251689444,1.434957123856115,2.19893389372951,6.791785060897136,5.555539646992105,2.1150958459203775,0.0,0.0,2.18350089093239e-05,0.0,0.0
4063000808,2005-06,Western,4.465177719261401,6.3749706132031365,7.204919260577845,7.059302962538569,1.3929809073062709,11.858205111206296,4.6067717681318925,5.302065584674177,4.37642602075406,6.8738432901215605,2.1559406807617174,4.443517628561303,10.399076642342566,8.214041537792061,3.640366834529876,0.0,0.0,4.204857067274304e-05,0.0,0.0
4063000809,2005-06,Western,2.170621910381507,3.908220753772751,3.3762735815939875,3.891724223720796,0.6273386037772191,4.52064900136954,3.065337129688172,2.77244898177958,2.3368698226518765,3.59861925936666,1.4340160546945877,2.6846160777204395,6.817792633804302,6.000054946639358,1.9966440152564513,0.0,0.0,2.9228857439641683e-05,0.0,0.0
4063000810,2005-06,Western,1.96794435791615,3.030157679038679,3.1542339185911628,3.4740648912038874,0.6414189215784595,5.707748858846023,2.6047944721480474,2.4196202413056582,1.9955682427112564,3.3586467088079206,1.119431216088635,2.060125107087173,5.708211547775548,4.4265263379655755,1.6858650423212371,0.0,0.0,2.166214180098681e-05,0.0,0.0
4063001002,2005-06,Western,1.4996693850573413,2.239777504037442,2.3391988548734775,2.4047319553667776,0.4144387536260353,3.9022422319164556,1.8490607667337118,1.721238341618255,1.4545492267555444,2.4015397132411285,0.9216246261424103,1.477802811273066,4.181374278763642,3.7304986511668545,1.2555050208148435,0.0,0.0,2.0308393340382414e-05,0.0,0.0
4063001003,2005-06,Western,1.1307810877972777,1.7603480146711032,1.8037928929520475,1.9295870562843103,0.3630470400207935,3.086529606346503,1.2869575312130452,1.361511588521919,1.192536287487142,1.8847942026638789,0.7691711700695976,1.1616654764255891,3.3657704737963003,2.6218052779409016,0.9825788932714135,0.0,0.0,1.8195308654920305e-05,0.0,0.0
4063001004,2005-06,Western,1.4428984494006711,2.074314948033331,2.3184919276928975,2.5206531453122563,0.467911022642859,4.116871312077099,2.5874805260847795,1.692372503885599,1.4254660536727786,2.5274126299539046,0.9223603817440105,1.2370113560671163,4.214418985393359,3.20744855657785,1.269259377542366,0.0,0.0,1.8874656361199013e-05,0.0,0.0
4063001005,2005-06,Western,2.024443817665792,3.325328857647191,3.260693382301378,3.2483365404297286,0.5005014902382379,4.0734251520139715,2.072117475485303,2.3427777451098235,2.1002814248641037,3.150495437865783,1.42947655395356,1.8913069694498355,5.581247034371849,4.938360959182125,1.8565551166669754,0.0,0.0,2.162911852504622e-05,0.0,0.0
4063001007,2005-06,Western,2.709523146394402,4.2963372042850825,4.395953006706778,4.850772104987219,0.8315944966156551,6.926327125846538,3.3771970060796104,3.372109219193989,2.6923052651955435,4.530925907488611,1.6178231993014818,2.6599916552237577,7.802046394346364,6.2377336899874285,2.32038099270028,0.0,0.0,2.431315592648292e-05,0.0,0.0
4063001008,2005-06,Western,3.473360383448054,6.586774180553712,5.750752915306795,7.504585566838095,1.1920856014220773,9.187018582961676,5.190323066590688,4.7471874276597905,3.846179049038439,5.869215792073425,1.5908366133474916,5.322987412464946,10.011360448592244,8.382842078337116,3.0597930706939938,0.0,0.0,2.2718263086029912e-05,0.0,0.0
4063001009,2005-06,Western,2.0328995097381575,3.09842056787191,3.235437772692588,3.3485331168435644,0.6069891510626639,5.30436733320757,2.6976984542474374,2.4617939986723707,2.097683543489222,3.4043738032619553,1.2863170142388811,1.8854448038036369,5.771114411206171,4.812175653402759,1.878040756414367,0.0,0.0,2.3212964275143377e-05,0.0,0.0
4063001010,2005-06,Western,3.4920095441444503,5.92891985480455,5.4642672077043875,5.93733689781565,0.9135586580613586,7.772292299073731,4.877205051486658,4.304165049225129,3.5647107777181897,5.292610352710188,1.809643263344937,4.453690091537421,9.114144863912198,8.512480838323674,2.95053832212876,0.0,0.0,3.3433577623895394e-05,0.0,0.0
4063001101,2005-06,Western,2.3409142814391783,4.092192188510032,3.6077128113438794,4.044079172009358,0.7520609271907612,5.598129774176326,2.8629678813338173,3.062114951224944,2.5595373303110165,3.7630219849658033,1.3796885578506923,3.1436879141844685,6.936236502069078,5.685806954390581,2.1126805602252845,0.0,0.0,2.918813068686862e-05,0.0,0.0
4063001102,2005-06,Western,8.093705948401329,15.894217209139597,12.589925938693524,16.937313791122055,4.001289670235837,25.066742839528484,18.667838951660308,13.125007317933848,9.52801541595931,13.648410509632646,4.006922512252672,16.359888721070515,25.170103155298555,17.380098605102514,7.175268370661614,0.0,0.0,9.581433597468368e-05,0.0,0.0
4063001103,2005-06,Western,1.6963624305565337,2.7325238233103697,2.640819563331328,2.9954980007336207,0.5773245123267429,4.980432322335634,2.2144707237711003,2.144430356916162,1.716731248885279,2.7821918268013732,0.9245961419233388,2.100047901119286,4.892134590393286,3.8886063420397226,1.4027725570224217,0.0,0.0,2.1748421903634454e-05,0.0,0.0
4063001104,2005-06,Western,3.867950836076056,6.805678825131002,6.193709242224504,7.0802037248077765,1.199044579314981,9.669731362505445,5.257477462162581,5.117579727661035,4.107550300676955,6.100495393798266,1.903435552232236,5.332375844427736,10.594200476341538,9.129700634752115,3.357747027300188,0.0,0.0,3.075878445423654e-05,0.0,0.0
4063001105,2005-06,Western,5.206202126238926,8.660369483927587,7.897012176334491,9.609833028425912,2.2299308080081697,15.014716944724377,10.636429825541441,7.195993606965503,5.50654269088238,8.105080186169733,2.33503855160155,8.678323891727246,14.809856000870743,10.070277343335663,4.134674432028526,0.0,0.0,5.5100415506653726e-05,0.0,0.0
4063001106,2005-06,Western,2.2108090135482206,3.1898805091657936,3.7190095719123595,4.292897063543343,0.8411911935650164,7.23058403007817,3.985457520151333,2.6839778326413732,2.2171387888367846,4.051804479960479,1.229741343153999,1.9056658930519408,6.090794704090935,4.112259856967858,1.941281144668929,0.0,0.0,2.7068446160748736e-05,0.0,0.0
4063001107,2005-06,Western,4.2085553982451795,8.237215104347152,6.867833826101066,8.105761483727916,1.1665913308052929,9.047080579817807,5.11902916389666,5.863431617724522,4.725772489948663,7.269366335742689,2.221829970672226,5.195376044210969,13.453867758727437,12.20486418804263,4.113411036139949,0.0,0.0,2.8304730012078912e-05,0.0,0.0
4063001109,2005-06,Western,2.7211830639156265,4.507601136574154,4.181842812604019,4.28949370671326,0.7277464453144,6.299944862036214,3.1423443579205337,3.357615675964583,2.732398833536977,4.096076101739902,1.3974978543990446,3.4059426037913014,7.143302745493619,6.342142093636532,2.3015056924685884,0.0,0.0,2.739182546790845e-05,0.0,0.0
4063001110,2005-06,Western,2.8973335638344073,4.044556074997375,4.645902370911344,5.131888586120831,1.014157828343951,8.497881095042727,4.59129104988549,3.39436069451871,2.7765444157140036,4.786171061420215,1.4036775358816818,2.927292423203655,7.431907563571592,5.414699778927894,2.3058919221853498,0.0,0.0,3.188696085006821e-05,0.0,0.0
4063001302,2005-06,Western,3.019618847103062,5.829901500444394,5.027692159970741,6.138288055145821,0.8095647319649376,6.7452932954282625,3.8604923126249484,4.026027277025381,3.6028535981220915,5.458676535563913,1.8930300308230419,3.7127855583389757,9.46083807045059,8.231453414395482,2.815617159034199,0.0,0.0,3.006215334990374e-05,0.0,0.0
4063001304,2005-06,Western,4.087753295459414,7.8258878731053985,6.455594543749743,7.399612737638495,1.097351138930225,8.508879205327588,4.960470022755756,5.459349716675359,4.42828589693786,6.298167940181515,2.092337533479904,5.828888839024848,11.612304432882171,11.230487001446699,3.6567793623826983,0.0,0.0,2.849559067456279e-05,0.0,0.0
4063001305,2005-06,Western,4.653152639652224,9.403758884430568,7.199068492287744,8.886069615353197,1.379639023174466,9.190341177250916,6.64919667548339,6.546153485505928,5.2401283598391695,7.433999962728391,2.5178351594095987,7.399316735945242,14.324762470539506,13.011941803632505,4.257890419772242,0.0,0.0,4.128191328742767e-05,0.0,0.0
4063001306,2005-06,Western,3.1832425271975877,6.422469604027459,5.075925544234225,6.215096193672233,0.870662861965503,6.010728828869787,3.9750755902255515,4.295293367210202,3.570215687260282,5.3199467489458945,2.0105680472722027,4.152079339073589,10.330716641984415,9.621045668608273,3.0306626046687546,0.0,0.0,3.0473271481116275e-05,0.0,0.0
4063001307,2005-06,Western,1.6738298072443074,2.617363117966356,2.673901356390789,2.698193650399813,0.45517386703794244,3.9996437887845393,1.7453350772044993,1.9596092308186843,1.7061971986390667,2.641846679013276,1.0743968826873085,1.6403347978299059,4.631134113868283,3.8801037246515424,1.458888195855054,0.0,0.0,1.945084063329185e-05,0.0,0.0
4063001308,2005-06,Western,2.3128552943450686,4.127464507467205,4.041411484542,5.1752236162818726,0.692368121841537,5.537866697699057,3.144131064188027,2.878726929872461,2.495400519171203,4.398852158851632,1.5703805383737162,2.0266268503673457,7.667090100262024,5.87264435119751,2.196226844695079,0.0,0.0,1.978883282351426e-05,0.0,0.0
4063001309,2005-06,Western,3.3288946035273117,5.70173545222407,5.399968074957004,5.90270405653581,0.9587463878063988,8.165513283051249,3.7261211551308846,4.297612944343586,3.6521125687205958,5.455567078881331,1.7427265049838272,3.8570365824473605,9.466057632640048,7.531829421253963,2.990375290192788,0.0,0.0,2.5250435970604907e-05,0.0,0.0
4063001310,2005-06,Western,1.7693581728528152,2.9265653685427018,2.859364794957549,3.7477563055727448,0.5952295061081133,4.778435971324918,3.117481354952491,2.1318112836279686,1.7449165921542977,3.2054843529376704,0.946078283388735,1.9621288076070316,5.302691235478108,4.186522254935048,1.5599964333130756,0.0,0.0,1.6953239573307158e-05,0.0,0.0
4071000201,2005-06,Western,14.208629736371313,31.942643776450957,22.167866495861283,26.54595431459469,3.677882621164678,28.206201797053733,22.112010861248173,21.329395221563782,16.941905112693995,20.575625695666904,6.943949127534093,28.463077166968695,38.01676222342311,39.827196331806846,11.545301460146096,0.0,0.0,0.00010289816482091378,0.0,0.0
4071000203,2005-06,Western,2.6734284411086224,4.499268130724383,4.331329192619474,5.223864198456332,0.8046381168384116,6.767667418344829,3.1208994928607634,3.304202744757126,2.7818379519749,4.597901849393731,1.3430359388250916,2.87529298454214,8.210036571362012,6.584876847455131,2.3380403851824445,0.0,0.0,1.9221551908179878e-05,0.0,0.0
4071000204,2005-06,Western,2.985428914888629,5.3477220917267445,4.866799789329056,5.60761235943481,0.943839095781844,7.25258803442175,3.2266263092664724,3.987136927532934,3.3514668878581064,5.018756526926526,1.6483626030105147,3.7130957201381207,9.022717294415669,6.698964780284179,2.6573874675209477,0.0,0.0,2.665601818818155e-05,0.0,0.0
4071000208,2005-06,Western,4.1980403592064,7.022883248912014,6.503973014103332,6.482688157985376,1.2805951016400976,10.52633027298231,3.808652308792052,5.51293115303928,4.5944388657646265,6.3211902335760906,2.26689721218966,5.1723806202136675,11.26524106488277,9.290938222475283,3.7436849938702816,0.0,0.0,3.8692192916845796e-05,0.0,0.0
4071000211,2005-06,Western,9.535302633145854,20.488835414094215,14.656977581118278,17.682096385048226,2.4415843036731113,19.39962453952632,14.658041435095566,13.624782195027556,11.08379385543442,14.128782131824805,4.90915701283682,17.624422925484282,25.788505926340495,26.421051206115553,7.843273480941017,0.0,0.0,8.764724689112081e-05,0.0,0.0
4071000212,2005-06,Western,3.2236223178952774,6.2514112551401855,5.216336686537479,6.279895622223353,0.9698281396177676,7.21131688467138,4.183531366018764,4.38849985493639,3.6234780163857443,5.1453404080950085,1.6779209214438202,4.856952809797145,9.045904750245835,7.743282675481777,2.914208680832775,0.0,0.0,2.5759440800839757e-05,0.0,0.0
4071000215,2005-06,Western,4.277573897524948,7.358488838278237,6.765479821481775,7.669405331496389,1.3388504636558105,10.802905685613696,7.558301462196296,5.580299773067627,4.559619917697016,6.5303757916259215,2.0784585743073425,6.301153374114327,10.795943558089743,8.909907447355684,3.609407919035777,0.0,0.0,3.881429402018881e-05,0.0,0.0
4073000301,2005-06,Western,5.562560015415031,9.33964943573758,8.378972830979032,10.219592869626513,2.4337347388598256,16.053326717920566,11.481411745554244,7.74895128061042,5.852470389947467,8.72018650107156,2.6641880673720335,9.329589114433421,15.935061995657868,10.662059856198212,4.517433713127657,0.0,0.0,7.737136779956144e-05,0.0,0.0
4073000302,2005-06,Western,5.828315425785026,10.554179734040769,9.526036785731494,10.999364329566605,1.723854756964429,13.89356278905384,7.592188231022881,8.03966318499587,6.272187447381845,9.414912948403602,2.6728471490206496,7.660245985798735,16.52076591473967,14.457569595213975,5.0670368408115225,0.0,0.0,3.486709685740593e-05,0.0,0.0
4073000303,2005-06,Western,2.481706785679445,3.983465088631885,3.997222483681197,4.154236840452298,0.6965912471650842,6.0819231851649915,2.5890686145484003,3.1211496576286395,2.7047787303975666,4.3620512536037825,1.5769441131016386,2.113411257486508,7.5143672368372885,6.734372666842613,2.376365191895528,0.0,0.0,2.880047155145543e-05,0.0,0.0
4073000304,2005-06,Western,3.8061402414017587,6.5572275882642845,5.989800057746718,6.453172792636795,1.0678698860944749,8.877215337607701,4.586353019475419,4.858118613414897,4.014725964225886,5.77230677110644,1.9285135272168994,5.00484976427539,10.096593007762335,9.161799007095878,3.2981258652125254,0.0,0.0,3.175676499231522e-05,0.0,0.0
4073000305,2005-06,Western,4.123265941511602,7.848472906689914,6.353421437361955,7.413220210750507,1.3552829656405219,9.483452312008412,5.092050926851235,5.806077681850988,4.674268079038162,6.431976569286816,2.1412035458275165,6.59318425633546,12.059971377360329,10.07666370613251,3.693875719070811,0.0,0.0,3.748262586834277e-05,0.0,0.0
4073000306,2005-06,Western,1.575429340455295,2.407660844997368,2.5034299803093325,2.7019167823239183,0.4577853397083799,4.06520149679474,2.4326740650733125,1.8370899458402568,1.5599948892930706,2.5822731446211975,0.9886751370369552,1.6056692593432236,4.390699484118452,3.651076873144132,1.343335883448755,0.0,0.0,2.1929964094123656e-05,0.0,0.0
4073000307,2005-06,Western,2.1101932710064473,3.8949790724425903,3.254968158371333,3.732754155706351,0.6099273779454142,4.384151045378863,2.985923442584593,2.7661295369162255,2.270439836290273,3.509794282292278,1.330780904971252,2.7757939387917485,6.683345813846085,5.954805680605851,1.9471625680508466,0.0,0.0,2.9206168427117865e-05,0.0,0.0
4073000308,2005-06,Western,2.628535840798272,5.005888653545635,4.359438664330937,5.1818560892730545,0.8038406078062328,6.0813665889341655,3.133445120695792,3.6706156962925243,3.07355195660617,4.7080140369609955,1.6768346275245574,3.0358330584095254,8.657254436655059,7.323999638419224,2.5562651231543008,0.0,0.0,2.7425433919453936e-05,0.0,0.0
4073000309,2005-06,Western,4.813356130417467,8.812281680875056,7.462694900189562,8.503648550142058,1.4137346485592572,10.913135227379454,6.209041030430269,6.5266889320332435,5.083170142820017,7.391047451346109,2.1777424239657077,7.175451543777534,13.347944683568423,11.961194217508366,4.126990208393048,0.0,0.0,3.219527652966155e-05,0.0,0.0
4073000310,2005-06,Western,3.284638773106751,5.713058056242398,5.082483719577492,5.236564240189502,0.8954549056104446,7.130629567654236,3.6708552894979385,4.1505856365330525,3.4878919837285274,4.929966492569285,1.7805113346992398,4.24284584162448,8.506325809225956,7.773669229965258,3.003472948757939,0.0,0.0,3.113308766379613e-05,0.0,0.0
4073000502,2005-06,Western,2.069237305165199,3.204744930197245,3.3055735614460002,3.605968756981308,0.5720181022483526,5.308220374556096,2.6746948010924285,2.4683835049628473,2.034152717963619,3.5507379904695786,1.2478556792753066,1.8412983304631476,6.278478075880706,5.563334426269304,1.7984080347235245,0.0,0.0,2.09027813937674e-05,0.0,0.0
4073000503,2005-06,Western,3.4408115881757686,6.427236698969506,5.331686916472212,5.700236318720802,1.0166183581053334,7.734899632280161,2.8938733360374136,4.59584581941487,4.008213778358883,5.672692934270115,2.2262936959103583,4.3910752135410105,10.249926535287962,8.351855282868208,3.389039359611694,0.0,0.0,4.426057624114012e-05,0.0,0.0
4073000505,2005-06,Western,1.9244509220882897,3.1214187960128643,3.023106119133639,3.2424907951351654,0.573885938478224,4.882272202630628,2.303446848153865,2.373515016910968,1.9454350695232738,3.148508352718616,1.1275528488680548,2.0959282028490787,5.575808781771031,4.809877339773879,1.722138602986662,0.0,0.0,2.077375011718779e-05,0.0,0.0
4073000506,2005-06,Western,2.8933111264526916,5.1243481109620665,4.901344497879139,6.419490933525489,0.9953801157013991,7.8536226217023035,4.622123795724746,3.735492791570143,2.969293522532927,5.236058215748703,1.6372936398859415,3.3409800703336936,8.577498634083708,6.730941186975979,2.6039253072297806,0.0,0.0,2.4290034958905595e-05,0.0,0.0
4073000507,2005-06,Western,4.240700457287871,8.202765825303855,6.77305702422618,7.501659402761415,1.1141661146678181,8.29856859669977,4.563276047760693,5.65632879769163,4.711893527170986,6.5910563094099235,2.304903480176995,5.637042735453471,11.886915463712983,11.222425235197369,4.00772674630658,0.0,0.0,3.120627074552596e-05,0.0,0.0
4073000508,2005-06,Western,3.372259698899872,5.945608932358643,5.361315246717162,6.405587519693281,1.1423516540343512,9.06777971814599,4.665690880209093,4.5970226768215054,3.8273293237617834,5.733474218761805,1.7733699399392786,4.563971569200265,10.396201470705385,7.94934194292588,2.99723991921276,0.0,0.0,3.074856412743768e-05,0.0,0.0
4073000509,2005-06,Western,3.9241667994401284,6.9482104566552945,6.441244544114304,6.780522210690603,1.1060890399361412,8.716087505884857,3.8349067407777673,5.26234722893075,4.271325964203226,6.3045211510260915,2.2495186596942305,4.353377182497643,11.447190090397262,9.529076392968499,3.584452908259048,0.0,0.0,2.8467346197539024e-05,0.0,0.0
4073000510,2005-06,Western,1.5992003448566057,2.7702951844254526,2.5946378519096034,3.167375231942443,0.5580402039581405,4.325343652553549,2.3245883441187805,2.094714264792772,1.689817128526417,2.8057871173025757,0.9559791243592821,1.9546030938602545,4.917791360613484,3.8401784231472997,1.4148546992475066,0.0,0.0,2.091534371767758e-05,0.0,0.0
4073000511,2005-06,Western,2.4115384025584734,4.019372005430492,3.8561720740025303,4.191945046679758,0.6972193306736238,6.120767473490394,3.0047418832025725,3.097498506878745,2.5541401435179845,4.118513741463577,1.4143718358495119,2.6704545781338016,7.22821082408946,6.31355796833465,2.160331937656897,0.0,0.0,2.6916151423020296e-05,0.0,0.0
4073000701,2005-06,Western,8.07053389106723,14.225297926624036,12.220304929789727,15.063230272316842,3.5726492892774533,22.69184479135439,16.78990397689206,11.780705297938406,8.685771517310753,12.39321283782715,3.620311658470511,14.856677717900004,22.929318603631312,15.568638170511024,6.506751180022058,0.0,0.0,9.050966944074634e-05,0.0,0.0
4073000702,2005-06,Western,3.1816498395913704,5.388099574913105,4.916397497156275,5.917403193729129,1.0696710156948184,8.808249928381871,5.958376237238205,4.258438828629788,3.510491770101023,5.359352449360751,1.7945733842010747,4.3532268442823385,9.682398028983833,7.601426257748628,2.7162681608547197,0.0,0.0,4.286891679114619e-05,0.0,0.0
4073000703,2005-06,Western,7.365502298689771,11.305609193741528,11.415553701917233,12.334322667720565,2.8811637092984927,19.470288300950866,13.904265770859643,9.456782700396412,7.0228911249621095,10.470941474250484,3.2169068422910327,11.295674222140526,14.749023673541046,12.564536573638943,5.488080250868698,0.0,0.0,8.716688534808515e-05,0.0,0.0
4073000706,2005-06,Western,2.6083534847935788,4.583346602869147,4.1989303839013035,4.750127010802152,0.7040307473734916,5.863031511632575,3.5925657285094594,3.39946629342491,2.6810847272138902,4.526512598333224,1.5046286187415172,2.731685728449641,8.117476175986457,7.529499086070048,2.4135502682708863,0.0,0.0,2.4910495525293138e-05,0.0,0.0
4073000707,2005-06,Western,4.071537125675806,6.553585476016629,6.31754964422861,6.422556628919369,1.0384758179555353,9.647328113468442,6.477441915917651,4.963404137892576,4.193109821864601,6.14654305131666,2.175544856536832,4.756771752266165,9.774208648637085,9.275793709995664,3.512582353766745,0.0,0.0,4.2490406889762146e-05,0.0,0.0
4073000708,2005-06,Western,4.205269600454095,6.333867484161361,6.595898667881705,7.153632264096973,1.2170812353499405,11.042765978713899,7.37651724446147,4.984934301995288,4.058006535583272,6.527441416528705,1.7090856129718872,5.003574441003982,10.125181206272245,8.601210417820688,3.4831393097999777,0.0,0.0,2.5803215094100707e-05,0.0,0.0
4073000709,2005-06,Western,4.397057289065863,7.848657869961303,6.752627261386133,8.172149875852812,1.4574285763126296,11.02151871101501,7.852978284979451,5.933298704893672,4.8341294835029665,6.784029604705868,2.2146660217045437,7.221933343942363,12.362267880472404,9.622051412412706,3.5706368585696677,0.0,0.0,4.877750322307706e-05,0.0,0.0
4073000710,2005-06,Western,3.3842836572967503,6.030725067152583,5.327549707891911,5.856280777820473,1.0836523234360411,8.381053394902292,4.0126767905494125,4.547905372928996,3.690362938715039,5.308200977440476,1.7328544876540801,4.722602588111598,9.331419592562385,7.834553032570158,3.092609413481619,0.0,0.0,2.7894860317399722e-05,0.0,0.0
4073000711,2005-06,Western,3.950889819636161,6.782071941023678,6.406695019207386,6.941265978131854,1.1266038960647513,9.506873884760621,4.393781181254754,5.1913336102046435,4.26846609524095,6.3667691094978744,2.0397046324677417,4.505770781220726,11.382702249074546,10.27162152918401,3.562273922239296,0.0,0.0,2.8799058333707154e-05,0.0,0.0
4073000901,2005-06,Western,4.924480030152022,8.129496422015947,7.414462207936578,8.98566817247154,2.1462155316307787,14.338321235327982,10.141990518763931,6.755371169284532,5.144215387579269,7.7700145755356225,2.418550146342786,7.986801825759349,14.1457822224776,9.420977328176319,4.005062485499392,0.0,0.0,7.339716213666785e-05,0.0,0.0
4073000902,2005-06,Western,2.0967333576770057,3.8304530886998647,3.263472914489624,3.94012337359856,0.6135465301382463,4.963000637754887,2.9589118666573784,2.7377084421449696,2.295332445831053,3.5527787561385678,1.2069859046313267,2.89993895183311,6.682232907537261,5.639079042484328,1.8298693256500123,0.0,0.0,2.6882280207103493e-05,0.0,0.0
4073000904,2005-06,Western,1.915302265065514,2.9424165410833165,2.9950326489241497,2.847962269263154,0.5170013929023181,4.523218450660579,1.985290162182319,2.2970725800896736,1.9674874627191108,3.134054265160666,1.2769004966572144,1.6489049277947523,5.531409190867151,5.071575680900376,1.8472038033196085,0.0,0.0,2.097998278311707e-05,0.0,0.0
4073000905,2005-06,Western,1.7862235792565448,2.8360890833374683,2.7611326898719506,3.1715514247022085,0.5721781483532296,5.0095300383684505,2.9438974108312705,2.196222402872786,1.8335283303995074,2.89343418397325,1.0250114448638166,2.288704215655031,5.191162385053117,4.0585504319924555,1.4330408468486437,0.0,0.0,2.9177960426166167e-05,0.0,0.0
4073000906,2005-06,Western,2.55220277173728,4.273949360587182,3.9360203795557425,4.661588637974827,0.8250676207757655,6.974556704182792,4.2268077239862185,3.2796666091942854,2.6727243295974517,4.06177234269995,1.3333896164608758,3.6681361633418423,7.336989838617848,5.813443217701115,2.045877802032575,0.0,0.0,3.43038491455384e-05,0.0,0.0
4073000907,2005-06,Western,3.727309745319903,6.115973323599195,5.947167459242961,6.240753358589986,1.250497720064063,10.681699554902396,4.157877632064648,4.990471706176052,3.893029120984694,5.885535169817052,1.8415622555359692,4.622398578722599,10.347801029769698,8.28246165218497,3.1854796558748255,0.0,0.0,2.849503800154633e-05,0.0,0.0
4073000908,2005-06,Western,2.846319584908695,4.43439914583306,4.538145075603141,5.388973289698537,0.946390704651439,7.731289360279682,4.348048062409869,3.48165528763813,2.9489283210110213,4.7193671578833225,1.405454443092952,3.3359533698515498,7.948767274897312,5.990987163311014,2.3244299127636987,0.0,0.0,3.015368785753909e-05,0.0,0.0
4073000909,2005-06,Western,4.138123290618282,7.004053297003982,6.664339607373745,7.706501087458231,1.3248557498269664,11.098461159315306,6.064480624101008,5.504548597297376,4.2712862099385305,6.8509032479293435,1.969775957925804,5.115771588765758,11.738882105072914,9.873916969813132,3.5881818465675814,0.0,0.0,3.0259820969630364e-05,0.0,0.0
4073000910,2005-06,Western,1.12825777541673,1.5989651542035506,1.7883682169322372,1.7425214020674733,0.35994484758935047,3.2884820358661737,1.2902177799423136,1.2956947951390376,1.119737580657542,1.8228836845701324,0.7881018773115881,1.0603642778932707,3.049029605606877,2.419926074614266,0.95438205971033,0.0,0.0,1.9422305076839162e-05,0.0,0.0
4083000201,2005-06,Western,6.339896820003074,12.924746200695017,9.674850721526868,11.56867708634641,1.6048997008230272,13.26439358842802,9.648139784030421,8.602251165122164,7.190390966937841,9.605622189395087,3.5138120320138615,10.619711070349934,17.329060771281362,17.408658266392433,5.251364416640212,0.0,0.0,7.384936968789772e-05,0.0,0.0
4083000202,2005-06,Western,4.186876158865405,7.312772300767716,6.828407726280713,7.583794125456721,1.2031411021141682,9.470164997314493,4.280224409956133,5.384090131115225,4.687263988513067,6.861753924101954,2.3577269464323507,4.645327162437124,11.893526744486895,10.634368042399633,3.8746775462286864,0.0,0.0,3.650777014801574e-05,0.0,0.0
4083000204,2005-06,Western,2.424111360540377,3.833757539784844,3.918080363848422,4.4938049668257225,0.7358449222230015,6.361004360126995,3.9344307954580615,2.9984807639835864,2.42132136791898,4.219673197245521,1.4176141094053611,2.3218585966150367,7.225333813466501,6.142377985940249,2.1620838785749656,0.0,0.0,2.4399266548596002e-05,0.0,0.0
4083000205,2005-06,Western,1.747904087486443,2.742340316999701,2.910910966330259,3.1803708923908944,0.5122590773467648,4.332213820280035,1.943662539627056,2.0560094587521376,1.8049649380147554,3.0071229884837174,1.1072009020699562,1.5536140630223023,5.032065700826874,3.8313838082580047,1.5534882392415748,0.0,0.0,1.9195554091032207e-05,0.0,0.0
4083000208,2005-06,Western,2.6936531021413566,4.8539251711080516,4.177271841541171,4.319402193310715,0.6883822524728344,5.349931116878513,2.917367907110404,3.410036991776494,2.829983184976438,4.230433406497124,1.626380227825678,3.1367482049355684,7.690797473875413,7.522877043912139,2.612643746400731,0.0,0.0,2.5913276017407407e-05,0.0,0.0
4083000209,2005-06,Western,1.734434835406784,2.8579465863244073,2.7749888652348593,3.4523210146035583,0.604761974471641,4.98235923994069,2.991201716105878,2.2015223969150433,1.7460503914930214,3.016162761931498,0.9844877930054181,2.091018395981032,5.243585037577052,4.165661130665463,1.4567033184684062,0.0,0.0,2.3256218696232208e-05,0.0,0.0
4083000210,2005-06,Western,2.077636791369033,3.1544687892939622,3.3959227540355656,4.009042666979217,0.6575325677964985,5.587254339288257,3.106971050914004,2.4095823356386123,2.1003469950537332,3.5740035190534143,1.130443621376396,2.1470901194676997,5.724101917029739,4.286220734030082,1.7311062827092905,0.0,0.0,2.317084497201319e-05,0.0,0.0
4083000401,2005-06,Western,2.945640227593949,5.145059361826819,4.706252090842318,5.260737178671401,0.8618987017372333,7.251734030347586,3.814249711112455,3.873175531711777,3.2470280078268967,5.031395353507505,1.6100670389808158,3.4636086909517476,8.851047324568158,7.553930057375916,2.791786303825592,0.0,0.0,2.6193252143117117e-05,0.0,0.0
4083000403,2005-06,Western,4.647822407829954,8.056432158921083,7.852799609273919,9.321557539033739,1.3317298003066318,11.097624387436323,5.959097749798456,5.9308160107628085,5.103075910971102,8.150170481830543,2.23814309365851,5.031414461169643,13.099329817226439,10.538454991535303,4.224114714312698,0.0,0.0,3.405820756123018e-05,0.0,0.0
4083000406,2005-06,Western,2.543114044078849,4.499194191180792,3.9073703947930567,4.631440349211755,0.7819967228838256,6.172091678221238,3.8715624136453646,3.34845825299605,2.6749901160982246,4.114834110868046,1.3606289213260807,3.656514626802821,7.637434192789379,6.446096291417656,2.1359120369449047,0.0,0.0,3.2041058472941624e-05,0.0,0.0
4083000409,2005-06,Western,3.221880129293479,5.705764232025144,5.377177268598531,6.814964479957847,1.0715887519089886,8.399973560580115,4.6605014803212015,4.2318851667491,3.571030061000854,5.692428416195102,1.6428525503338853,4.10160267086385,9.750180250711269,7.338028515736188,2.868234750594552,0.0,0.0,2.5615865244493354e-05,0.0,0.0
4083000410,2005-06,Western,4.621530752589841,7.114060580454486,7.577687938594461,7.884371334291308,1.4240774070799187,11.329191376073496,4.957820307381501,5.713658059033993,4.737716278131668,7.49698975089214,2.43526659788231,4.515257395381283,11.831551129148094,9.91648641121683,4.1001146530331365,0.0,0.0,4.0215978372444265e-05,0.0,0.0
4091000201,2005-06,Western,3.2869769205762203,6.468507629732354,5.176010577548633,6.368394941091631,0.9584705492275767,6.771943795790066,4.443252156883679,4.5009489370505875,3.715834494754383,5.393828541138823,1.8562720712872423,4.909488594293461,10.18476239432017,8.759557987768515,2.9300383470929083,0.0,0.0,3.459586337129809e-05,0.0,0.0
4091000202,2005-06,Western,2.2477094742576096,3.5134737374492433,3.4906523761806576,3.5353671143647563,0.6134091482912084,5.671733284980571,2.741656614454005,2.7577791168705375,2.2612504755815515,3.6535510374779188,1.2604491560918674,2.298356538269033,6.351959402268154,5.858652176582134,1.996160123955486,0.0,0.0,2.512407472528043e-05,0.0,0.0
4091000204,2005-06,Western,11.539747635458642,17.790104055993947,17.62245753855791,15.63804387716424,3.0115693635870047,23.900559831297134,17.500094712007055,13.849507841943442,10.671688503730481,14.202375115293503,4.723277825969798,15.299879097081002,20.876845461806756,19.342581931755603,9.336553259003399,0.0,0.0,8.817012542206766e-05,0.0,0.0
4091000205,2005-06,Western,4.46448821207924,8.062856175503262,6.9268391379171055,8.391319825482906,1.4658212278778973,11.732273846362075,7.472949000985586,6.155460763356965,4.836624804880855,6.8891620067101975,2.077951066373569,7.467737455637335,12.62484223461467,10.21812677398789,3.5466253688137668,0.0,0.0,4.364619229220717e-05,0.0,0.0
4091000206,2005-06,Western,4.186418363744572,7.200773379494585,6.563239446910557,6.912483278279958,1.0434231034939185,8.709797743398083,5.941290417495164,5.224897358816329,4.411540395538372,6.540452346364692,2.3936306800088354,4.719962531960527,10.940776998732364,11.00099138869691,3.8768098804694304,0.0,0.0,3.853729531016003e-05,0.0,0.0
4091000207,2005-06,Western,6.420187681018383,13.11083748859484,9.798455172255107,11.722615063273805,1.6258038288524252,13.42035921316256,9.773050086039097,8.725178011722116,7.286825209321742,9.720819030138975,3.5491265984710743,10.789596268521942,17.54278727068786,17.6335300944706,5.317166358301713,0.0,0.0,7.424883911313489e-05,0.0,0.0
4091000209,2005-06,Western,2.1082289100867917,3.450708834412761,3.293253032500597,3.390436565720545,0.5909310066075714,5.11015723496698,2.3348387623771942,2.603282981101348,2.2525724719062565,3.3563168996507473,1.2487451678681407,2.329754093822727,5.937295091685872,5.410279992974812,1.9409029606240067,0.0,0.0,2.1317203509681213e-05,0.0,0.0
4091000210,2005-06,Western,8.277122447905542,16.54906055071312,13.508324165603053,16.267304098296844,2.700805896389865,20.015239769362704,11.800452255973246,12.464685333467438,9.549647683703041,13.58617824301902,3.556572271832224,13.497309135282643,24.30647904945921,20.454669883559525,7.44107558445815,0.0,0.0,3.9388397587507855e-05,0.0,0.0
4093000501,2005-06,Western,2.6336081499609194,4.8031467189296055,4.211398560151396,5.043875146258164,0.749056196467127,6.143065307048076,3.090572984044064,3.487240226911291,2.713267824618235,4.316165636285801,1.318505699301884,3.3530016446259774,7.730775498324394,6.574844959996285,2.2704142268279455,0.0,0.0,2.0183364055537693e-05,0.0,0.0
4093000502,2005-06,Western,8.00410596142974,11.758350555229875,12.135329539460589,10.65750588002517,2.0586236694424658,16.989838169079885,12.014696330111986,9.168786973783583,7.223960366264195,10.029988976246916,3.4943645958384306,9.690465703806781,14.602461374815283,13.326754494445913,6.514546134771099,0.0,0.0,7.549088667109599e-05,0.0,0.0
4093000503,2005-06,Western,2.385252562005472,3.648848966551275,3.7564460675649993,3.9986772638756234,0.7072493318084598,6.590854493558407,2.9845400327562173,2.9299189803534245,2.3297112864838634,3.9430001384322186,1.269229321466107,2.3783403619049013,6.858577792276013,5.99546255940181,2.029649799791461,0.0,0.0,2.284137993985266e-05,0.0,0.0
4093000505,2005-06,Western,5.31125994230767,10.744987615509773,8.158153300477899,8.957868036771973,1.3093884184153637,9.459040638087444,6.808650787925144,7.194335083596027,5.706531599356336,7.934267924671758,2.665612947385477,8.020693267007411,14.114992056278847,14.810380002354224,4.97105388089989,0.0,0.0,4.031004866807218e-05,0.0,0.0
4093000506,2005-06,Western,2.762184629854989,5.047263528212383,4.338429786652292,4.856771004187411,0.7521096534275298,5.7220613083611065,3.8704687623429335,3.584891993544372,2.8882016521601748,4.516184715279044,1.6049043938290095,3.4138507557877418,8.084058995206457,7.452963749553881,2.6129550290464785,0.0,0.0,2.715961505281549e-05,0.0,0.0
4093000507,2005-06,Western,3.331551915878882,5.937503360654534,5.271973158879689,6.490884287392666,1.2957882942329362,9.458410431372478,5.214621652066842,4.6292368648731514,3.648416352241273,5.42170770807704,1.6692407452015126,5.198218094316332,9.51189432400626,7.06696175222652,2.836646735720462,0.0,0.0,3.123959569919555e-05,0.0,0.0
4093000508,2005-06,Western,2.941410232863298,5.5282819597098,4.532442812836881,5.691981513702968,0.9286743164449112,6.757793129365818,4.451255289507025,3.9700715486903366,3.3169560454746816,4.881415045772961,1.5497881100392452,4.600289365468509,9.204823701644123,7.288196318990205,2.571710123691079,0.0,0.0,2.987883209795396e-05,0.0,0.0
4093000509,2005-06,Western,3.614951800501319,6.1678241020231415,5.659159505054941,6.161633806883641,0.9468222874953571,8.027547833248175,5.053397297439736,4.475330429200396,3.698685848758285,5.470425733118727,1.857582330725271,4.657861290479941,9.425336751324862,8.815267021394353,3.0537438430957597,0.0,0.0,3.39518988315738e-05,0.0,0.0
4093000510,2005-06,Western,5.134338465632563,9.299781337193036,8.183724063334354,9.336722257318883,1.5028824675228634,11.773718845334983,6.641059937347458,6.876727301457982,5.403090333267502,7.946862773957349,2.445334105324232,7.139970348015707,14.041068901687904,12.321738241048521,4.44062695466739,0.0,0.0,3.33764924313399e-05,0.0,0.0
4093000511,2005-06,Western,8.647555826398602,19.61074259244898,13.411590220341356,17.651784075473227,2.4436547177780725,20.40259594858475,14.963844343775998,13.532644077724838,11.006664101866631,14.731529284873822,4.974907513151809,15.668193084366035,26.95486639828335,28.133636485299707,7.967440940836345,0.0,0.0,8.802069520906366e-05,0.0,0.0
4093000901,2005-06,Western,4.553080747842235,10.243179583740424,7.460530753028649,9.514221391496733,1.1449587022410492,8.839403303014453,5.184763265412911,6.568576447518383,5.713214159903614,8.121996037139498,2.8788203750221077,6.21349834582215,15.38466821642775,15.642554425772673,4.327946599325716,0.0,0.0,4.28152558468258e-05,0.0,0.0
4093000902,2005-06,Western,6.339963375468996,10.812316011545237,9.832189108289457,9.969188888134402,1.5908609435537955,13.397968286103243,9.584556308431818,7.82861056501548,6.516096712597846,8.656019638383775,2.946237340534817,9.039567388936552,13.900636803138559,13.108889928655303,5.149575042449852,0.0,0.0,5.07129048401616e-05,0.0,0.0
4093000903,2005-06,Western,4.568159784002385,8.931137319553498,7.649484877118403,8.937453771960476,1.19358760154801,9.424865720096454,4.9850066353365925,6.175290655580535,5.390456476752226,7.715725780421087,2.5289261776981236,5.404470894409264,13.930934592285462,12.740468983157824,4.396613876936172,0.0,0.0,2.981386622007212e-05,0.0,0.0
4093000904,2005-06,Western,3.4016617489812675,5.332913803569046,5.285447472684618,5.22883964441951,0.9514572018144926,8.575109462295282,3.449576514049802,4.237624236482429,3.46793540267643,5.227302294347465,1.7376810116897154,3.650541974275436,9.285789310276519,8.071172413117637,2.9458353660719623,0.0,0.0,2.5976096941734703e-05,0.0,0.0
4093000905,2005-06,Western,3.5658328672698953,7.054943047062932,5.489547555543447,6.392180861097076,1.0634597359063134,7.330933841320151,4.178528300478192,4.997679029148182,3.9731733101319096,5.73831883898252,1.9948691851419547,5.230110999951301,11.156763022502549,10.12181462885877,3.387859948051153,0.0,0.0,3.190892651566447e-05,0.0,0.0
4093000906,2005-06,Western,3.177975654533017,5.529225962119876,4.931840773114176,5.712097251202708,1.0695852870762759,8.611460027081288,4.230686079393457,4.2598844285172115,3.4504041873929823,4.96356030463263,1.5976810042190743,4.759731911087412,9.011134603500427,7.26426528675651,2.6456588431354695,0.0,0.0,3.343488607554385e-05,0.0,0.0
4093000907,2005-06,Western,3.9823215738121935,7.615876109440415,6.230221259382945,7.600998985089446,1.1679536254618137,7.990771851457959,5.672595204193039,5.323768861275941,4.443001922036549,6.409280556590613,2.3437132254897532,5.609263785877509,12.18250114919629,10.89581490774515,3.6516909603897862,0.0,0.0,3.804706819040694e-05,0.0,0.0
4093000908,2005-06,Western,2.6459694559682183,5.059064411923804,4.103373253480898,4.956637848656501,0.8118052915441678,5.786008880649601,3.5660575918778328,3.6198293294966204,3.0324406770598333,4.708786131773745,1.6762054638985104,3.5883744438367793,9.030036112581502,7.268328639295366,2.551990828826263,0.0,0.0,3.651017966550282e-05,0.0,0.0
4093000909,2005-06,Western,2.850033933257235,5.194504784717529,4.657186883028967,5.7943342484926195,0.9597393952037545,7.492096433527648,4.003624680240769,3.780682538161142,2.991104283251907,4.957312399908301,1.4817383924682237,3.6596991380431283,8.385146845995324,6.490149465150409,2.623087458607662,0.0,0.0,2.2407616747104394e-05,0.0,0.0
4093000910,2005-06,Western,6.781266085007877,10.10382561453745,11.057284540956536,11.509030701390039,2.1612433569449157,17.769242676921525,8.653579097691296,8.364626004302352,6.786090615032328,10.515553197271293,3.0030890917606614,7.83416402255217,15.298278554001564,12.834783094763342,5.309837996151508,0.0,0.0,6.071228365707522e-05,0.0,0.0
4093001101,2005-06,Western,2.7817018150573705,4.526380992152145,4.352277476099932,4.599910942153458,0.7955553457990047,6.739439431854815,3.688326791727359,3.4038215651917905,2.8115497639828084,4.306396367052717,1.386462915926794,3.414957758472392,7.135883763406359,6.079820328317376,2.458712513501412,0.0,0.0,2.3876352808178857e-05,0.0,0.0
4093001102,2005-06,Western,7.453532563959972,11.904621397056637,11.77500379027529,11.973552821109495,2.086705809002449,18.216313308752884,6.944433574031763,9.459951790743471,8.164373579839033,12.027286132983972,3.7109801858312226,8.519164540861777,19.213358195040016,16.343488539104836,6.181467861145979,0.0,0.0,8.102951865616374e-05,0.0,0.0
4093001103,2005-06,Western,1.231562004703507,1.7593524067499067,2.027823083626929,2.050105526284595,0.3632405964739787,3.2587191667760766,1.3582489478038484,1.3824523728497813,1.2065485164274374,2.077754487882359,0.8049983903693547,0.917925748462812,3.44269327337866,2.6197894782000515,1.0728320908073494,0.0,0.0,1.4407325307107828e-05,0.0,0.0
4093001104,2005-06,Western,2.838851088902789,5.10469874709562,4.506898148695439,4.793693886251449,0.7509750501202944,5.94031165742198,3.0531645561940066,3.6083188225269596,3.080629663725247,4.422911390252655,1.6255478489201785,3.510378405982501,7.737173601415556,6.9786414686976,2.6235494235403385,0.0,0.0,2.7221436451029197e-05,0.0,0.0
4093001105,2005-06,Western,3.6861575932108526,6.533766701806883,5.897111143011019,6.695513404882107,1.068088444694596,8.488342372582544,5.041928110591811,4.857472855238253,3.808397692035021,6.023061387804642,1.8998554053957963,4.665852438451904,10.445894181830187,9.412549367659519,3.3457500359583174,0.0,0.0,2.6616697364006518e-05,0.0,0.0
4093001106,2005-06,Western,2.734906132537745,4.659363514733017,4.235779453301724,4.873782575511181,0.9160967116371959,7.486879503894567,3.6298110523019145,3.5959669958059792,2.9405323138007704,4.307210586158289,1.418836147744772,3.925548796966393,7.786074731903116,6.244304710788765,2.2819299447851704,0.0,0.0,3.132627438352599e-05,0.0,0.0
4093001107,2005-06,Western,2.1761686258341872,3.6358160057994438,3.567042474049896,4.236457400367672,0.6257355087141682,5.760694700340129,3.213531932143105,2.734872813696206,2.261647588136714,3.834535737204464,1.1765177258617927,2.3512990865062435,6.563394709610231,5.575107230922937,1.884355510369774,0.0,0.0,2.3348288486436014e-05,0.0,0.0
4093001108,2005-06,Western,2.374132835360742,4.268833598058813,3.8029481625919006,5.110946566310029,0.6860710622216104,5.426770952449803,3.568284942690407,2.950339688780166,2.3795985699093016,4.0821174201936845,1.108389875598644,3.0133084315788548,6.906697477566646,6.396947172856466,2.0771987216816945,0.0,0.0,1.7949202573694127e-05,0.0,0.0
4093001109,2005-06,Western,2.3054506866112745,4.29377002028569,3.894491525388147,5.251566820581072,0.7433111629404379,5.397049898205527,3.1926290894318123,2.9195016713579798,2.262862555555387,4.244522185661436,1.5125104531103117,2.423611643934028,7.150231218296661,5.921979414165752,2.158328321135329,0.0,0.0,1.9291248805836386e-05,0.0,0.0
4093001110,2005-06,Western,8.451095194613448,17.087635065282235,13.405331606410266,15.924458520712912,2.498393725859481,20.453209161087823,13.016347165104387,12.501608308683142,9.6045179650449,12.575691331745018,3.848495751139423,15.892419280277439,23.562668183612004,21.672535388135096,6.696954132659411,0.0,0.0,6.684828216178186e-05,0.0,0.0
4101000102,2005-06,Western,2.207923256926052,3.7576702583935613,3.572368692940951,4.162499768514629,0.7214641887490161,6.001873484645483,2.985812035410966,2.84714822228857,2.3346302973652597,3.5775128460011723,1.2254269193140503,2.9082951126108436,6.136129032267503,5.056808146206425,1.8848531761091978,0.0,0.0,2.2147984274742853e-05,0.0,0.0
4101000105,2005-06,Western,5.285997825926463,9.491681629233048,8.764099075333382,11.145682583944108,1.8958877802861502,13.818692597106415,7.571826558848776,7.212326041758229,5.706839810590203,8.972283971831333,2.4314127587365757,7.044771586775411,15.076724137459006,11.763352998238119,4.630978324346666,0.0,0.0,3.417939427717722e-05,0.0,0.0
4101000106,2005-06,Western,2.2655323245406995,3.9357357411506078,3.4845327121487313,4.087770127037933,0.694153005369766,5.545050708781259,3.444037377183467,2.9386074550057835,2.3671801405205004,3.6874277240793387,1.249163051202319,3.133792187518325,6.824876560004652,5.73999910139992,1.9041248202558032,0.0,0.0,3.0408755860245583e-05,0.0,0.0
4101000107,2005-06,Western,5.39828016090162,10.762241580012903,8.23126940105306,9.7632017059136,1.3603297993058228,11.42589229636653,8.187293274248145,7.175972170362638,6.065735554022952,8.24739817885288,3.0977224616285306,8.658288675108256,14.817454292061084,14.777509255911582,4.4769494331489,0.0,0.0,6.888593609801684e-05,0.0,0.0
4101000108,2005-06,Western,5.732038582061972,12.321397365144922,8.821443315719842,11.443457912116246,1.5965107192196863,13.8892292627763,9.825089399694452,8.52911140151479,7.105389848882502,9.982661538885601,3.5763146910530947,9.323000975523263,17.99597824351025,18.47563493243547,5.312024809746828,0.0,0.0,7.380538228863757e-05,0.0,0.0
4101000109,2005-06,Western,3.3942061667974706,5.850787668655915,5.435987651744636,6.339169946919588,1.0227359982150273,8.688706950267168,5.994094444006238,4.404511453045587,3.7003123254769013,5.457903883894131,1.7539141254990578,4.597297397458314,9.152956526412432,7.896065187853,2.936991158892172,0.0,0.0,3.0666116011274495e-05,0.0,0.0
4101000110,2005-06,Western,5.697626512401094,9.92380283426336,9.81467245545762,12.877965541379902,1.857693558602453,14.100589236625018,7.904793474523904,7.347530287521558,6.2073615651516825,10.018177209447062,2.4612990602385665,6.252060448141193,16.284587833507423,13.963196282879457,5.034543819346499,0.0,0.0,2.922278332203627e-05,0.0,0.0
4101000507,2005-06,Western,5.5661891189415575,11.6544818381851,8.633001287869032,10.839823847916838,1.6804278661414174,11.527595328795122,8.708204677357719,8.120806754659748,6.49835047816236,8.46954957663239,2.7109501507326006,10.505279085103663,16.07804893555311,14.349791267863981,4.7361423799171884,0.0,0.0,4.1230036519861926e-05,0.0,0.0
4101000509,2005-06,Western,3.814683295016344,5.9116066141684485,5.943380397543425,6.33489996003754,1.3041022833811147,10.581717810717052,7.110460923693003,4.8078944960734304,3.8392584883831615,5.880100128505693,1.9041514778738493,4.887323015965265,9.375338207946447,7.2300063804633,3.2583449127120945,0.0,0.0,4.491716900690047e-05,0.0,0.0
4101000511,2005-06,Western,3.9067846593935154,7.477938850652459,6.491549608465702,7.865355108963299,1.0968366468411332,8.54985307442002,5.0007810343207515,5.240083251202885,4.481874508216177,6.742335016893063,2.108674697079571,5.0355881795347175,11.586895832510708,9.517262528497595,3.61744373659558,0.0,0.0,3.245529579407154e-05,0.0,0.0
4103002601,2005-06,Western,6.270624730688718,12.76439421121601,9.568274343397144,11.435859542015201,1.5868702864861983,13.12973791946812,9.540414424562147,8.496351853894506,7.107256033892008,9.506160101837692,3.4833260842462153,10.473451869109525,17.144611905453758,17.214712330853732,5.194563774911688,0.0,0.0,7.350195019551098e-05,0.0,0.0
4103002604,2005-06,Western,4.095452127506355,6.720497599949975,6.452184116311766,6.807770788287682,1.193239518559565,10.86858326205006,5.20729456685951,5.3019012217580945,4.3097238047655875,6.365776989398252,1.9668107493742049,5.107388152921329,10.92560193737214,9.816958475447208,3.505798753160613,0.0,0.0,3.449825250911154e-05,0.0,0.0
4103002605,2005-06,Western,3.443772747071998,6.155695498906208,5.410877983037044,6.169418819352049,1.0616752290730016,7.958091866832131,3.9500259405626896,4.5463102233589385,3.813022717834912,5.333642328262083,1.8271276196240085,4.8985680043514614,9.681589607752446,7.600323672883705,2.9233472376466034,0.0,0.0,3.306201752335988e-05,0.0,0.0
4103002606,2005-06,Western,3.2758790582711454,5.947798413332406,5.097532675459355,5.374278761221256,0.7872352726157774,6.063266348358236,4.153674130926259,4.03505075474383,3.4084350368086795,4.996343926851863,1.9446086328347363,3.9375249283542226,8.730809144004969,8.939123716314898,3.073627301435383,0.0,0.0,3.2072128949687144e-05,0.0,0.0
4103002608,2005-06,Western,3.4023720831618895,5.587431146304094,5.500474735414025,6.586167113839655,1.3432772177881351,10.562654805256678,7.059562963922319,4.564104551094834,3.566765177919516,5.787257588771221,1.6603560956556274,4.543328339210911,9.397385551074887,6.886199192171035,2.9773527230522467,0.0,0.0,3.392770267417153e-05,0.0,0.0
4103002609,2005-06,Western,3.304937545249256,6.929971158681879,5.211926510271974,6.4056805064049405,0.9078803833581063,6.190175448231577,4.132494418853053,4.62321137297868,3.7230499721424613,5.516183171249689,1.9647255655042444,4.732756047245847,10.807103764108582,10.205636498049108,3.1498437140800517,0.0,0.0,3.138944657940449e-05,0.0,0.0
4103002610,2005-06,Western,3.857844179500667,7.593532603639055,5.984437037180019,6.857788703340587,1.0062284025981867,7.862987589283026,4.141198028783743,5.200564606792576,4.221516776179526,6.26122093905849,1.983697309914007,5.230921374736104,12.305962229634028,11.10191494865136,3.633227153974114,0.0,0.0,2.472644043861912e-05,0.0,0.0
4103002611,2005-06,Western,3.696811074152584,6.1183908211786475,5.8106987211779835,6.279649780746865,0.9713647871773461,8.671337510377985,5.3376717232092465,4.633522313656682,3.781527616065007,5.882019678059216,1.9390348987263157,4.213674433439793,10.137809504277339,9.728461626355353,3.2065681337773255,0.0,0.0,3.428007535336653e-05,0.0,0.0
4103002612,2005-06,Western,2.1369175781349794,3.659723969840395,3.508125916543775,4.321765464329206,0.654958405133085,5.398137554249967,2.953430863991662,2.703457117937755,2.2117837178247415,3.804033964652119,1.1315737203672205,2.344014184552497,6.550037498960778,5.3220713765618255,1.8933737362377527,0.0,0.0,1.9890595982569286e-05,0.0,0.0
4103002901,2005-06,Western,2.7073765271353976,4.698820706206761,4.527781008665457,5.3454192670113825,0.7455876847843539,6.139013703333724,3.6731901582315722,3.4307418814223434,2.844144974974886,4.73651747202228,1.664541984879389,2.5969018833801183,8.262575319146631,7.2946223306849065,2.4721702344704743,0.0,0.0,2.470744222844899e-05,0.0,0.0
4103002902,2005-06,Western,2.356335636430383,3.526913761334268,3.8694913423732578,4.206790950263695,0.7999042368881176,6.604745149140519,2.976173263098496,2.895075541821279,2.4294424989299355,4.160999586860368,1.421118368648328,1.9647460349607617,6.896932714828424,5.006024193171999,2.143557847272627,0.0,0.0,2.720420017459639e-05,0.0,0.0
4103002903,2005-06,Western,2.122458665219817,4.063350400154322,3.4211213219880516,3.9518421789956144,0.5467696700483962,4.570788501116555,2.3775235827436236,2.7474973983005624,2.3574051206453204,3.619105284414724,1.233476026710692,2.6402480311022045,6.737130221438275,6.034717302567122,1.9887927830039964,0.0,0.0,2.110232852261858e-05,0.0,0.0
4103002904,2005-06,Western,4.52517009269865,8.245766699100523,7.082841066921726,8.256368871954566,1.54045003211005,11.982095642279326,6.075539734164158,6.347479850746458,5.031544937868552,6.924330402118464,2.1371089292579235,7.4183299992925935,12.709223480999075,10.381943354082066,3.7368289234948975,0.0,0.0,3.880888780464077e-05,0.0,0.0
4103002905,2005-06,Western,2.244985371377722,3.4613121634072295,3.4175718211723716,3.909988692190972,0.7158568517654166,6.004760364764878,3.3635089827333937,2.692770756083945,2.2590280452138725,3.543907744039694,1.0865342836085288,2.8169552125602095,6.039705080425016,4.812092604644585,1.8279972602890446,0.0,0.0,2.0148109523933872e-05,0.0,0.0
4103002906,2005-06,Western,3.57910274379779,6.77139127626314,5.871304041816969,7.3225555566409275,1.0144771768336935,7.690362319863747,4.670981225754702,4.827606067447067,3.9840309448349753,6.279610566636777,1.881209214756891,4.240342201419109,11.292230423832077,10.295649587330441,3.2872473317958404,0.0,0.0,2.8798810284641522e-05,0.0,0.0
4103002907,2005-06,Western,3.532824264376305,6.398445876727341,5.987468188039788,6.852319533498392,0.9923022929229854,8.347388054030736,3.6490374730249004,4.729103785349112,3.8643774292010784,5.961973358055629,1.8044858625722557,3.90737923888257,10.380085527050504,8.07087469523504,3.1170750541164263,0.0,0.0,2.2983986969279782e-05,0.0,0.0
4103002908,2005-06,Western,3.848753141497141,6.333172855495523,6.39549670043284,7.107134690381052,1.1974303176474232,9.985248563833094,4.158077824732404,5.010835140203646,4.199088228466098,6.546934068177127,2.0039530643352825,3.8202967989493968,11.056169309253203,8.698862774144203,3.45306369290268,0.0,0.0,2.980757030863325e-05,0.0,0.0
4103002909,2005-06,Western,1.6948777096433432,2.757696596179271,2.783988568176214,3.0386685864825647,0.48825444488852915,4.345606641375357,2.13406038224207,2.0825038999910017,1.8532905085922284,2.979090604701825,1.106040251691079,1.6112661087777964,5.080412936438505,4.030604543042221,1.5868247874606638,0.0,0.0,1.9868089941071196e-05,0.0,0.0
4103002910,2005-06,Western,4.613401453126652,9.185208424969272,7.875242594107444,10.22129420670514,1.2754395808662933,10.436527859083506,6.296307650044439,6.28005425366405,5.421616567393788,8.324572350236716,2.299189681120631,5.908645649309055,14.999320618731838,13.167974212602896,4.305139198650955,0.0,0.0,2.9050327891791658e-05,0.0,0.0
4103003802,2005-06,Western,2.5016044260722707,3.8592695338083693,3.941146376126238,4.1089031348275,0.7886816713481436,7.211719046842368,3.007761810017865,3.135753866260619,2.490383820193727,4.049841239196205,1.2765442715846507,2.695635434796019,6.826868623833883,5.434259944858448,2.1156092270609386,0.0,0.0,2.204021412024945e-05,0.0,0.0
4103003803,2005-06,Western,3.231024023800453,5.922574447935657,5.127273699195772,5.512867594146635,0.8594062541131772,6.704865218741108,3.483751526774614,4.173963027006167,3.5337195161396573,5.00605043597158,1.7896866104431097,4.163916520836216,8.780788064565929,7.963665893298848,2.9826580686329693,0.0,0.0,2.8851538811229146e-05,0.0,0.0
4103003804,2005-06,Western,4.036027890534069,7.328695626335604,6.507470526561039,7.37982225133888,1.063574658626373,9.193991450642512,3.9405071132138527,5.280541955514074,4.831753850670327,7.398671366708978,2.475247423615494,4.365660113645471,12.620742419738631,11.004135734422652,3.7838394824239003,0.0,0.0,4.750678702474507e-05,0.0,0.0
4103003805,2005-06,Western,2.23422089520939,3.993775634213647,3.6344178328130505,3.897024911634421,0.6130040285235672,4.864351763030089,2.2302818807588576,2.846925024142274,2.4690257639309783,3.592794489297827,1.3618230104254898,2.5608928358116163,6.3907667290986785,5.4724788171988115,2.0967523835894104,0.0,0.0,2.199459883489593e-05,0.0,0.0
4103003806,2005-06,Western,5.7172222665383465,9.63534055276949,8.613527964916212,10.518690729306687,2.503584537358854,16.467108716242624,11.806781007434129,7.992011241965772,6.0249924310621354,8.949407628508768,2.723508031638274,9.659648527944077,16.368116061299286,10.96331433571202,4.64122919749682,0.0,0.0,7.828765270460398e-05,0.0,0.0
4103003807,2005-06,Western,3.896685554225404,6.824748596382857,6.1723695046195335,6.622487696621747,1.0316574606899493,8.819879901718442,4.4871380313673,5.126985580522437,4.08933629864936,6.185655035946249,1.914189687956516,4.729952827820817,10.951055299747036,9.961794814434521,3.4095883062146504,0.0,0.0,3.044112581487928e-05,0.0,0.0
4103003808,2005-06,Western,3.890711625666014,7.664103806766844,6.016498891149045,7.344753419268206,1.1460373250782698,7.7793118692230445,5.540571072366337,5.348403355348441,4.33280154377335,6.273218210665796,2.1929010519069028,5.868820093420032,12.033106506874192,10.853937704674712,3.569658495063526,0.0,0.0,3.8174155779366766e-05,0.0,0.0
4103003811,2005-06,Western,7.437385598044487,13.0221359185009,11.979048291947004,13.686843553472166,2.392073398577072,18.968109799372325,13.49743522096278,10.324289176746094,8.11105710863095,11.48713996657673,3.5220328926374744,11.4790030840191,18.215299791324977,16.77365445160215,6.026229919095014,0.0,0.0,6.299015907397259e-05,0.0,0.0
4103003812,2005-06,Western,4.272387693274182,7.564174610000127,6.7925301459002085,7.84761906779547,1.233251945096637,10.137923394721955,6.540790156394154,5.752059594248101,4.4493238772596895,7.097139972448881,2.0931900258073015,5.3697514686677685,12.584521844983762,11.61202964579877,3.814003605979469,0.0,0.0,3.333871560576715e-05,0.0,0.0
4111000202,2005-06,Western,3.43335211946064,5.864104611655006,5.576140005934425,6.340364344957896,0.9854283889130115,8.08815449929566,4.966647768182464,4.434204705608528,3.713103614140279,5.708856826171057,2.0097000130494536,4.131882526350622,9.203312055598417,8.137564735140414,2.9354439890293924,0.0,0.0,3.857386056771648e-05,0.0,0.0
4111000204,2005-06,Western,5.730619805154401,11.57397450265312,9.072158526519774,10.477124630008193,1.6430991155160788,13.06170546528407,5.9780221891261425,8.263033339170596,7.086478395639226,9.427119317708986,3.1744756362036535,8.478177612175104,17.64508855533838,15.75020678685973,5.41322235535021,0.0,0.0,4.572581797711831e-05,0.0,0.0
4111000205,2005-06,Western,3.830131133895523,7.752274676064797,6.086205274625447,7.5312413403359,1.0171668770654174,8.532732168178667,6.141883129585367,5.241052685619984,4.629593375357342,6.084321039946401,2.1975215732348583,6.127928201534899,11.168187954471895,11.226216042787218,3.297097669191023,0.0,0.0,3.6197941401341856e-05,0.0,0.0
4111000209,2005-06,Western,5.835311072089085,9.917375631317723,9.31228783228317,10.605204887052954,1.8588140889379847,15.088960871937882,10.516145148617424,7.863345604255585,6.252768065152061,9.138312156977662,2.8910139523072953,8.472804956367321,14.34851924990874,13.030196581983411,4.757286948358635,0.0,0.0,5.682777851481843e-05,0.0,0.0
4111000210,2005-06,Western,4.2081646825355365,7.8664797910934485,6.839361178119787,8.024582440198051,1.1697607697925725,9.01598695890913,5.925821174500437,5.707953116190836,4.609176491359578,7.126782243333704,2.279604118067323,5.092250845839466,12.59524197630749,11.547892730268268,3.979964331657371,0.0,0.0,3.206903398504264e-05,0.0,0.0
4111000211,2005-06,Western,3.974009644851169,6.334974450765076,6.244003126504988,5.920921605587589,1.0421445651021997,8.535874213818945,3.7289446922837595,4.769129450613158,4.021831973957843,5.762280628358749,2.0819717257157806,4.427368094421571,9.450497004350266,7.945007345802069,3.4720223030321016,0.0,0.0,3.670644100821075e-05,0.0,0.0
4113000401,2005-06,Western,2.462822407062773,4.593562109298325,3.8382784762376523,4.621919604351912,0.7140019310309521,6.288228299234256,3.128855737443177,3.3078117903861566,2.790814520148119,4.401658958890675,1.5764330489218883,3.267144300357008,8.237363679478525,6.930985784479396,2.217726926513428,0.0,0.0,4.1855813288896405e-05,0.0,0.0
4113000403,2005-06,Western,3.408152549427838,6.005616739924367,5.571203936455884,6.349687273305655,0.9403795142155311,7.34312700992518,4.6213971436496815,4.407618321380077,3.695834905114523,5.7440045691019765,2.1468051106063872,3.8082870329010237,9.601064863661316,8.835267879545379,3.0689656524569755,0.0,0.0,3.5453333132117704e-05,0.0,0.0
4113000404,2005-06,Western,1.8436225901513634,3.2212910330463744,2.907097531481063,3.461709123122448,0.5467024625697913,4.515349812220884,2.593284183659003,2.3795309197182735,1.906131382278554,3.092484369788455,1.0394649777436553,2.364183260008603,5.661548657518249,4.8195580794257085,1.5401355354037063,0.0,0.0,2.501580083551483e-05,0.0,0.0
4113000405,2005-06,Western,2.4952979521937304,4.376345980876927,3.9848390767811184,5.005020716223617,0.8513182603948957,6.901490370980362,4.308203250471971,3.368641397890513,2.856341258254193,4.505741217037708,1.4470744219945588,3.245868769205413,8.159935704194446,6.163093563187823,2.2506209005041296,0.0,0.0,2.9900659856097092e-05,0.0,0.0
4113000407,2005-06,Western,2.419222716502799,3.6875831440262,3.8116254770481346,4.0214791779424415,0.7332524717579391,6.8525370762362305,3.3263637583232577,2.9764983714617483,2.4227635580503173,3.924452075297019,1.266811233263791,2.6054257702253,6.594545195482135,5.445822519536229,2.045926732640251,0.0,0.0,2.557810435780298e-05,0.0,0.0
4113000409,2005-06,Western,0.9439341368637413,1.2571913869058,1.5323790116608411,1.5436959196963262,0.3140510814804943,2.8191830782163643,1.1694773176106759,1.0359817908060547,0.9180284395854833,1.6021507562992137,0.6422814932507201,0.6969314412819877,2.65409652847539,1.883259315175119,0.7833810100438635,0.0,0.0,1.45355719271037e-05,0.0,0.0
4113000410,2005-06,Western,2.9713824613413395,4.718543453452377,4.760939061639756,5.144781916344232,0.7719012180522713,7.006299259982586,3.7810727095932877,3.535269447586425,2.940358946104133,4.807491753503148,1.4717357750044688,3.07089885890794,7.915633937367785,7.249684770857281,2.514550056877401,0.0,0.0,2.8406080185514833e-05,0.0,0.0
4113000601,2005-06,Western,3.185344056519688,4.856427502740129,5.241136528063722,5.3994815884705085,0.9256043928511003,8.01591018899429,3.1813754456462218,3.829200057457944,3.2244658816493006,5.225209247439192,1.7102367384757158,2.7021995503918386,8.609082942942718,6.703458967434582,2.867613838224827,0.0,0.0,2.4149819987578684e-05,0.0,0.0
4113000602,2005-06,Western,3.223638610445028,5.646285387815258,5.2337909901792,5.462877828294385,0.8954645573218941,7.335964265171487,3.1185581051134332,4.252796675038105,3.559756513740668,5.190743099795399,1.775773876951091,3.556796395927794,9.358606643835076,8.006864768562526,3.0130655749723507,0.0,0.0,2.439895540438554e-05,0.0,0.0
4113000603,2005-06,Western,2.547829657372762,4.037867284667648,4.095501044896139,4.295172706807222,0.7446337984643325,6.575458746530364,2.8125279883633687,3.1754688288573845,2.597740805381443,4.16555411422657,1.4287860185425465,2.516579555731099,7.265557013535459,6.007517559787151,2.2347215249473575,0.0,0.0,2.1871320140210868e-05,0.0,0.0
4113000604,2005-06,Western,6.34658812080866,18.966254913426862,9.747049359100497,14.564911318267225,1.7291450442211374,12.012092570615751,6.670490956268684,10.68598381428047,9.223754472017147,12.84771662010236,4.719054070417146,12.206823722633684,25.688436762156467,27.274245971209435,7.244506707339306,0.0,0.0,8.326306008448653e-05,0.0,0.0
4113000605,2005-06,Western,3.1604711332173463,4.275127114886141,4.879139176032692,4.9463981766497405,1.2035136162914626,8.863155309889434,5.863274576288697,3.6426213696074954,2.866532500757681,4.685664691935522,1.7147970769358123,3.7196128212961037,6.442505608314848,5.231373163242589,2.363650812693608,0.0,0.0,5.9568230032132986e-05,0.0,0.0
4113000606,2005-06,Western,3.2943479355502485,5.308138204041713,5.210280443311766,5.555467339852033,0.9443154057722181,7.97452570173401,4.040711673799866,4.109991575806923,3.4485265628601023,5.172590441577903,1.6751724422441834,3.8118319616828544,8.8081581954836,7.2110091255596105,2.816626957278188,0.0,0.0,2.7800406933384943e-05,0.0,0.0
4113000607,2005-06,Western,1.9317541173611277,3.4751254401595157,3.1016640916662577,3.5939260731793605,0.524592117130631,3.9812155738929973,2.425908643140918,2.4234336503292915,2.022910063432932,3.2964403994874143,1.3915125774043335,1.9832570118760502,6.343350420232672,5.807604923284763,1.7732247006106376,0.0,0.0,2.3034816868492566e-05,0.0,0.0
4113000609,2005-06,Western,2.9282082524232864,4.512904033673699,4.7071891473866065,5.252252013502989,0.858219668256617,7.718275208903757,4.226874050608261,3.5223931161009085,2.82371834876577,4.940359827188552,1.5166654832353723,2.7829051167721968,8.257131904760435,7.243912330084808,2.581010081804069,0.0,0.0,2.258413363792765e-05,0.0,0.0
4113000610,2005-06,Western,2.6937918660594535,4.692164161715638,4.405506967870141,5.4864623393443335,0.8944251931892403,7.027118128699883,3.957962348497688,3.476077145340756,2.7847674580761415,4.558428722222299,1.379268414641705,3.4166661077005855,7.6612913932608295,6.161358873719048,2.3456209869032554,0.0,0.0,2.3556100712890114e-05,0.0,0.0
4113000702,2005-06,Western,2.715684765213368,4.769220298584847,4.488544327873136,5.242829611912723,0.7446035199130813,6.303619295432805,3.618458897162614,3.484075861597659,2.9445837303155016,4.74600466284649,1.6963636101359079,2.935930336843635,8.257963699616946,7.289505450709095,2.4229691352123184,0.0,0.0,2.870255038341618e-05,0.0,0.0
4113000703,2005-06,Western,2.8703004817296054,4.678004805659126,4.640386962971428,4.943400603323034,0.8759618604205249,7.436134082455875,3.316748592754599,3.664092004855175,3.07543849791979,4.674917920732173,1.5652079985666862,3.143362336787178,7.9587455556866376,6.423065387592898,2.5843713769402314,0.0,0.0,2.505604106815152e-05,0.0,0.0
4113000704,2005-06,Western,2.241775354469011,3.639742640940658,3.4978157316070297,3.635916925164027,0.5516199781206345,4.982881685248538,3.3437873713097934,2.5586768431845655,2.315422502545061,3.2687794004733246,1.2927239072832593,2.7798057227174477,5.42188829445165,4.963052831376929,1.8421445685877404,0.0,0.0,2.6892395616177302e-05,0.0,0.0
4113000705,2005-06,Western,3.646992480594337,6.0544825005987235,5.92416830429109,6.5040221802520355,1.023181008836987,9.010812082278326,4.0245174722402455,4.594077229744812,4.025098404066377,5.951621369226211,1.9554166552285144,3.935869864601671,10.12091142738756,8.853804710342036,3.1694135616207406,0.0,0.0,3.192747334768865e-05,0.0,0.0
4113000707,2005-06,Western,3.62602119257855,6.026442323325218,5.83683607977056,6.833588801861824,1.1127332283409492,9.230658944462961,4.514258014987984,4.634793717566878,4.033723165050979,6.4008124423408574,1.923059512686423,4.085973908708643,11.029250622766128,8.40339579925788,3.1848912401430827,0.0,0.0,3.880317110018697e-05,0.0,0.0
4113000708,2005-06,Western,2.9437208550272485,5.394105686142442,4.52045028755816,5.3857757566430875,0.9040691966218437,6.508479855008552,4.542736864809895,3.910749114427182,3.208619320869226,4.744093764060209,1.6732997140042853,4.336581650238294,8.86848946783795,7.447075652937319,2.579423732625234,0.0,0.0,3.6812641918802895e-05,0.0,0.0
4113000709,2005-06,Western,3.1307494330220176,5.252809450941455,5.028905567520427,5.79368417303649,0.931832033077338,8.256297465172741,5.155964285987331,4.034017563666905,3.286027227968236,4.999420870357979,1.6384640406305764,4.218809970998556,8.382294815617987,7.49297499503511,2.5398781981845917,0.0,0.0,3.341792437978166e-05,0.0,0.0
4113000710,2005-06,Western,3.6887963116855955,7.804868947102063,5.903315941225167,6.900027790688596,1.0092707991356284,7.0410970352664055,3.722618871498384,5.178603143201405,4.3513218819455375,6.034444704748201,2.3187151003007327,5.080896054531231,11.626601786358691,11.269840664480332,3.6781797547850834,0.0,0.0,3.3892374082796464e-05,0.0,0.0
4113000711,2005-06,Western,5.504582193148324,9.229031380955124,8.291123843079315,10.107468132781959,2.4075656203245566,15.898031038542651,11.359512148475824,7.658052278102942,5.787880584915611,8.634153476749194,2.6419313702884564,9.206299833755061,15.772660825672585,10.549173268508856,4.470987280958267,0.0,0.0,7.70234264938468e-05,0.0,0.0
4113000901,2005-06,Western,5.678160823763679,11.470200556737034,8.821314480406695,9.698687308257906,1.4041068384625597,10.48372020899773,6.707323500704618,7.69078553157857,6.3758165180381905,8.988884802751478,3.0204158913014854,8.024549140751017,15.535861122133728,15.481332913894862,5.631017590766423,0.0,0.0,4.628490200445443e-05,0.0,0.0
4113000903,2005-06,Western,3.059085199275082,5.25572745808034,4.720418697462075,5.650920047222492,0.993812945136548,8.252036481868252,5.0814332829480815,4.021474480435215,3.2378311251144454,4.82188747213057,1.5328284447284743,4.635213597815348,8.747166901777529,6.976986896652353,2.4476497567115967,0.0,0.0,3.714897389383619e-05,0.0,0.0
4113000904,2005-06,Western,2.7877425604276707,4.880196220460192,4.312653407136133,5.012261966679946,0.7997637453615456,7.263408723323537,4.180079160997583,3.5855319156172767,2.9563326768603213,4.421017003275193,1.5585238006768385,3.9582199301556753,8.009777474334852,6.988199479334076,2.2592852475573166,0.0,0.0,4.1838761496331224e-05,0.0,0.0
4113000905,2005-06,Western,3.344469832998147,5.963692142272534,5.598115026311917,6.895586799119165,1.0734984665165908,8.93274499646048,4.805299324580507,4.479575590714623,3.655243336252683,5.882717034174988,1.662124677312391,4.115096442419241,10.031034983301659,8.20360523203068,3.0153108843846153,0.0,0.0,2.6341211346978022e-05,0.0,0.0
4113000906,2005-06,Western,3.2122679892166635,5.475410675134452,5.0719252620391275,6.325171016255469,1.2129682344648776,9.512572891542568,6.46821412298206,4.4312334065938535,3.5673057294869674,5.541778645782734,1.7166558892562285,4.5098412740430955,9.9174547780976,7.435055394848809,2.7790051047474793,0.0,0.0,3.757312287338489e-05,0.0,0.0
4113000907,2005-06,Western,3.728518298840613,7.380181934727787,5.889630891986108,6.6898348142930075,1.0497834076152872,7.357567010108512,3.850749156469537,5.022825734700067,4.322651000516251,5.972511716689116,2.4629870723640743,4.8364607772224915,11.295024330264257,10.942304838118424,3.7475919499204875,0.0,0.0,3.647628493759553e-05,0.0,0.0
4113000908,2005-06,Western,4.054581718094755,7.302092443090886,6.527204681688086,7.511635370159976,1.2915221706747875,10.422939325874042,5.195054495876843,5.568902528801448,4.451182908287286,6.8170091454748,1.9579871356866458,5.317837891875973,12.028771943300633,9.801770186196663,3.736555317963852,0.0,0.0,2.7559342075499584e-05,0.0,0.0
4113000909,2005-06,Western,1.7024919299468335,2.6461056594742107,2.681637764983272,2.787272504176522,0.487054719296387,4.258156792837988,2.128563208140984,2.016276519187731,1.6491059013825513,2.8191503797703614,1.0043424166577135,1.6391241711055915,4.839547364706527,4.087107620506762,1.5544211769777332,0.0,0.0,1.6911747564708973e-05,0.0,0.0
4113000910,2005-06,Western,1.8884174990159055,3.529328082506915,3.078227684995545,3.924373809829181,0.6050803570311939,4.784455128787206,2.5903367368245127,2.4627457244242015,1.9458521931789359,3.205227104189824,1.0856132190328185,2.6504241266853836,5.554001924027795,4.513713668488883,1.6537396534974171,0.0,0.0,1.9893801337053483e-05,0.0,0.0
4113000911,2005-06,Western,3.4969218533955826,6.02149590168273,5.515158543474775,5.968509192830166,0.948882250391272,7.7616541276138635,4.117781245920762,4.389277529546546,3.659528180862205,5.405381853333803,1.9070044438400682,4.22736925493164,9.632281517485689,8.976469331871021,3.1135442462218252,0.0,0.0,2.9283679103456558e-05,0.0,0.0
4123000301,2005-06,Western,4.459077780895072,9.457896870809662,6.856087706102501,8.463210915979582,1.2741854966057546,8.360197198939126,6.012015176731049,6.414263192760664,5.009495928499649,7.217313522022131,2.435387595707259,7.137358770691572,14.24108161996952,13.641477519511477,4.2310616501903935,0.0,0.0,3.8316083334833626e-05,0.0,0.0
4123000303,2005-06,Western,2.5611248781725644,4.291048946002953,3.949777108605332,4.6789925160798,0.8280293814525594,6.997178075624199,4.241812637605079,3.292569387426323,2.6826095809837063,4.075232738017152,1.336923549804098,3.684834023671045,7.36187349005112,5.833904358657318,2.0529756877680954,0.0,0.0,3.435707242555307e-05,0.0,0.0
4123000304,2005-06,Western,4.379796383049372,7.667897587725655,7.049676338574906,7.527926528056643,1.2095875319828047,10.090421821167913,4.959758067172902,5.741778779427709,4.875117134013744,6.905768132369408,2.3059276173154286,5.316084384109551,11.758147825049024,10.555316175037296,3.996378360608873,0.0,0.0,3.434713476232187e-05,0.0,0.0
4123000305,2005-06,Western,2.48263017336965,3.87542335898945,3.848261872302205,4.008727050384425,0.6603550864352894,6.24557622102395,3.6858834533052667,2.9130776469529134,2.448309043713455,3.721040773645684,1.3019111582803904,3.0155216798792996,6.1883533946452545,5.462727200684855,1.9944345729938469,0.0,0.0,3.084284379728232e-05,0.0,0.0
4123000306,2005-06,Western,4.430809011844305,8.072128480444587,7.172262463739804,8.06959358366187,1.2136126691045428,9.441111846384107,5.30925762607265,5.9219085367312045,4.742944005285272,7.322164563760864,2.4099419067549817,5.003846668551121,13.208466098498123,11.931764985927996,4.171619287548084,0.0,0.0,2.966939797573844e-05,0.0,0.0
4123000307,2005-06,Western,2.9056494245322364,4.42492796168854,4.520406097040108,4.324251689170237,0.8323696374775099,7.505422895049528,2.9670169423321027,3.52649765787263,3.0178189747665765,4.417422473797121,1.5909121713426229,3.068875868293784,7.4317976842228415,6.310191909971627,2.591769785683465,0.0,0.0,2.7678556434717647e-05,0.0,0.0
4123000308,2005-06,Western,4.103610663920115,6.602148424045893,6.328943913916678,6.2948915757354404,1.0126433660944436,8.928761680546547,6.132864188353141,4.797118770734903,4.100115686368359,5.71809780631865,2.082815900420126,5.223653753011165,9.112096593301736,8.430923424923092,3.349679123466511,0.0,0.0,4.2006819165132215e-05,0.0,0.0
4123000309,2005-06,Western,3.435629354109448,5.932294675943817,5.269880387238464,6.300328365200241,1.130219148835738,8.762836317606084,6.107299807610012,4.495749030511611,3.722619793218848,5.3699374010020895,1.8218082915907476,5.281209943602864,9.72766612251285,7.492142749172815,2.7988506703662197,0.0,0.0,4.3839081506801306e-05,0.0,0.0
4123000310,2005-06,Western,3.745889171347166,5.705419059287082,6.015173607318948,5.979429300995824,1.113815073771449,9.62228598403591,3.5550504875937774,4.548200239690167,3.783564524919757,5.65857008077364,1.8441383138736858,3.9824329400666216,9.204409117351243,7.075760689049757,3.11193490706233,0.0,0.0,2.8977366928927073e-05,0.0,0.0
4123000501,2005-06,Western,2.963540939687577,4.134475983699981,4.656056110059417,4.826902127436872,0.9198612082573523,8.170633482116443,3.7169912615911698,3.3946189739965917,2.824975745197511,4.689030970087238,1.3585356107174897,2.870587783770517,7.5001381983434126,5.697921993027411,2.409990611246142,0.0,0.0,2.6364388927076834e-05,0.0,0.0
4123000502,2005-06,Western,3.271693181879928,5.062796264162414,5.384077713627559,5.702193023261818,0.9891427299894882,8.558804557562938,3.507346353712565,4.00070975134314,3.4740550038306997,5.5606156481787625,1.8148764412166518,3.1630986281209585,8.744528608838388,6.947486468649921,2.9173276126717598,0.0,0.0,3.340440555722533e-05,0.0,0.0
4123000503,2005-06,Western,4.592744374077226,8.419959666479269,7.149395700695219,7.784460407525657,1.3061785796579113,10.518381973730467,5.557582260096066,6.209589457216074,4.908606855643143,6.900773330022632,2.1378691144346114,6.874866053741372,12.249674400556616,11.224478034363774,3.967054326916115,0.0,0.0,3.4846319268655064e-05,0.0,0.0
4123000504,2005-06,Western,1.7803781438001791,2.9889790507697307,2.8298990560216515,3.3311345482839627,0.541218985422089,4.508231709485578,2.583042296999829,2.225577558987819,1.8874106755129634,2.957928265854575,1.0651561979680801,2.214273558587971,5.331294054804612,4.223627984609625,1.473174752601289,0.0,0.0,2.6393350362736293e-05,0.0,0.0
4123000505,2005-06,Western,3.4338276851689082,6.872440391482421,5.249811396432393,6.352593576956103,1.0119466868704203,6.885953892961871,4.883276834413422,4.797573975890446,3.7992297705937124,5.573112557665047,1.9028230177928696,5.376971859429119,10.755462885007418,9.746864120896314,3.158291995719985,0.0,0.0,3.65271830777926e-05,0.0,0.0
4123000506,2005-06,Western,4.812348960869639,7.21835461037855,7.581912686646345,7.465228020466988,1.3215778829150133,12.105241802966642,4.435679712729094,5.791936761235133,5.139726389556147,7.903773602106008,2.663531638032817,4.7810924169812274,12.496119924037847,10.419659479612884,3.9902586694563973,0.0,0.0,6.657236770737709e-05,0.0,0.0
4123000507,2005-06,Western,3.411340527782136,4.516478056114757,5.676150341981364,5.541423566326108,0.9912697781067906,9.32892590762137,3.472967514168398,3.7985629954779307,3.280692801737499,5.627767457332345,1.7502091579344128,2.4031274039482358,8.196303150059125,6.325599400433292,2.827965515937148,0.0,0.0,3.2429893048969685e-05,0.0,0.0
4123000508,2005-06,Western,4.277437324116162,7.848503383111168,6.96492343718489,8.362252348859966,1.2982093191232678,10.418681476786098,6.54378398124701,5.7846782949840305,4.617144777177822,6.815166693988761,2.005573014758735,6.381275688926701,11.570101917251986,9.812563067522818,3.59578414952359,0.0,0.0,3.406780057280587e-05,0.0,0.0
4123000509,2005-06,Western,3.32377318435926,6.481117933315081,5.360147140463401,6.474252851488043,0.9283229521505435,7.101220392486589,4.769925940480169,4.562978243748732,3.6753539434600575,5.5871311649210105,1.7744522354357153,4.53090981133029,9.971673160765185,9.216802760479316,3.0902012424390595,0.0,0.0,2.7016083918640673e-05,0.0,0.0
4123000510,2005-06,Western,2.2355411524218347,3.67607288881145,3.565918869623928,3.900653816802664,0.6235432411561558,4.960562756630515,3.2734108980552774,2.6775819956153923,2.3064729068096623,3.6276355516009207,1.455160701257978,2.3439034853020293,6.274144341785453,5.417724321504564,2.0456078236978894,0.0,0.0,2.518154671110881e-05,0.0,0.0
4133000201,2005-06,Western,3.2484376311367416,5.235729954435106,5.188267296892593,5.33520098875894,0.9148873860537639,7.231368357308006,3.74857667074301,4.027738100853979,3.3497209525632514,5.215809157970166,2.0813403934837678,3.225001754344795,8.924318075215835,7.954364738501646,2.9492896930787733,0.0,0.0,3.154781984123107e-05,0.0,0.0
4133000202,2005-06,Western,3.3254536947835707,5.816916633371397,5.155067697601328,6.218227577254365,1.0695716895061627,9.128563753488534,5.380107244593096,4.470256551380333,3.4720069335684376,5.234341463037217,1.546069981282461,5.186915964099949,9.514923946553848,7.865730672815252,2.614311079430637,0.0,0.0,3.5883131228451955e-05,0.0,0.0
4133000203,2005-06,Western,3.3516218727558713,6.681941327920328,5.12565674947582,6.188902524926397,0.986728179863847,6.732970890264156,4.7649217334048535,4.667631124776635,3.7029201792184288,5.446636124748908,1.868137064920312,5.206518812297049,10.503644910591488,9.511611557806825,3.083608949736991,0.0,0.0,3.613384987704793e-05,0.0,0.0
4133000204,2005-06,Western,3.0050306836431955,4.405033981768548,4.924123729312534,5.306620415382784,0.8237333075826458,7.653739584272658,3.7513986183602053,3.444564635201331,2.953418431962185,4.996325170879058,1.4335579977961959,2.5766407100344617,7.832747155194846,6.597255427892662,2.602846043549791,0.0,0.0,2.200344821211177e-05,0.0,0.0
4133000205,2005-06,Western,1.2623407793649137,1.9035886071113102,2.0462345056944375,2.279293463171915,0.42470010302082006,3.71135911943153,1.7665382168310804,1.4860030794687478,1.2440411234742021,2.187210928386458,0.810987350225653,1.1618362317034034,3.6504905485946346,2.832162887030029,1.1166575261075335,0.0,0.0,1.643383783973615e-05,0.0,0.0
4133000206,2005-06,Western,1.7558424851417893,3.2688926835536876,2.921906314108178,3.5040375461925968,0.4642445666242304,3.8132544888904563,2.2117968621205564,2.2454357830797878,1.976528857290266,3.0893548320444038,1.2682112611906655,1.8398442171191196,5.718708009311072,5.278247577458644,1.591745638329613,0.0,0.0,2.2639998231409995e-05,0.0,0.0
4133000207,2005-06,Western,4.413533218504016,7.541222665869586,7.230449030517077,8.295126713722759,1.4272498896260335,11.593309534270515,4.904054911424839,5.851877265054532,4.956384625605223,7.639736709020891,2.2445270300452136,5.054001465241151,13.007662772180526,9.89905758069355,4.020210476105898,0.0,0.0,3.800165764464423e-05,0.0,0.0
4133000208,2005-06,Western,2.2177810635317683,3.633456447935793,3.4296275914842997,3.562691020742863,0.6111746554638614,5.332216134099829,2.6379159374139185,2.7196758403059826,2.252281943699438,3.450979542147292,1.2195571686575222,2.6463582090267144,6.019473496373277,5.413214998594592,1.9294056133621797,0.0,0.0,2.522985217506878e-05,0.0,0.0
4133000209,2005-06,Western,2.169059476098332,3.3372451977917543,3.6333478664485814,4.072242489805258,0.6189593201826415,5.533600681890724,2.8256394316620685,2.5413338913451,2.185820880905452,3.678878928024827,1.2678902642974126,2.0407609692580015,5.790873528643943,4.727368440318884,1.7912574927366078,0.0,0.0,2.6616650847310386e-05,0.0,0.0
4133000210,2005-06,Western,2.1255953215356116,3.883967674108654,3.6712938305411518,4.566267766068177,0.6137020832519465,5.181290357061331,2.604060583400249,2.6630101632912755,2.4828565972597003,3.8460804090322056,1.3318696077413104,2.334915998426217,6.882739706373497,5.228746373442812,1.97867280239171,0.0,0.0,1.8360145157355385e-05,0.0,0.0
4133000301,2005-06,Western,2.5148712076775768,4.567657880979223,3.96170029416302,4.254171098197599,0.6451135930104873,5.214869714956289,2.729042666052524,3.143702665197386,2.7778526911574852,4.056982089072387,1.565172999103304,2.961175382747517,7.359124108319708,6.824305799105,2.4266600391456468,0.0,0.0,2.4339078579599572e-05,0.0,0.0
4133000302,2005-06,Western,3.699471885200074,6.702723657095293,5.9874750034727615,6.975158892826677,1.196734045416724,9.343780898970362,4.564044194967118,5.139961106531671,4.241343115157639,6.239331458838116,2.0816092617141484,4.781480025762135,11.217715434813085,9.033092101321502,3.3549351525048317,0.0,0.0,3.520211859783924e-05,0.0,0.0
4133000303,2005-06,Western,2.389562839923063,3.9635112718524,3.685555665747706,4.3444548292346745,0.7711366334325235,6.561240634681215,3.9535291831077015,3.0455137197815607,2.492941683305173,3.815853841594995,1.2687854916023849,3.366023412372218,6.8829739177902285,5.440563577647299,1.9163273417219995,0.0,0.0,3.331107286869916e-05,0.0,0.0
4133000304,2005-06,Western,1.996498389430237,3.330567666583252,3.2878279271032977,3.7420499410688732,0.619556172922199,5.391145502574223,2.6627377235973,2.5379636579545997,2.235223726374429,3.5986301371272145,1.2817413587357815,2.116551274295918,6.133005543312795,4.707746000504217,1.8618919946667323,0.0,0.0,2.3318769682866703e-05,0.0,0.0
4133000305,2005-06,Western,3.0936291027956857,5.888779105062486,4.7887611401793055,5.737837521800143,0.9040169228164151,6.285065725344418,4.388937236179024,4.129766841705461,3.3979973121348794,5.044990383163321,1.8474510552205656,4.3376133856927535,9.625021269084556,8.602534491826914,2.844257025946712,0.0,0.0,3.444889435611289e-05,0.0,0.0
4133000306,2005-06,Western,6.923907407747862,11.252010837082695,11.05197350590988,13.067195642761808,2.5585452011259626,19.15066988266723,10.655991908870579,9.287008349762832,7.342597627902448,11.167374016799267,2.86118124879574,9.522199518740624,19.096773296959782,14.015599396889726,5.54987909362258,0.0,0.0,5.118363132778879e-05,0.0,0.0
4133000307,2005-06,Western,3.362723280416966,6.360204904384619,5.235109326173135,6.21098217547386,0.947272043196045,7.924337634138257,4.825753031575017,4.6616293289915145,3.706199981780455,5.7450672228476565,1.9214966146193648,4.505208871776447,10.81725058121895,10.496413510873769,3.0414177217544562,0.0,0.0,4.101167674231073e-05,0.0,0.0
4133000308,2005-06,Western,3.2141066711940502,6.182725986184699,5.313184112800476,6.537041895647905,1.0229333755579098,8.022852698634633,3.996010150823337,4.538346833913239,3.9095988967775726,5.765382638046811,1.9188884621966438,4.140756220367858,10.593821129814174,8.60717594154,3.0919079891122236,0.0,0.0,3.0798527513753266e-05,0.0,0.0
4133000309,2005-06,Western,2.8736098635176095,5.126356213560502,4.738628193990485,5.875384187801852,0.8854626420767011,7.568024709182894,4.6407879760264485,3.7760116387561826,3.261136933096332,5.207434793271585,1.548136545776944,3.5142914965801886,8.889859784778478,6.993031622469698,2.682899731239843,0.0,0.0,2.5790693750481648e-05,0.0,0.0
4133000310,2005-06,Western,4.137352084919636,7.429083012288034,6.70681627901054,7.526463792134868,1.079306459792442,9.224052194837045,4.730802248803704,5.399282922978831,4.525091276370029,6.769477046925841,2.1239011287103255,4.862066073678913,12.138978347973856,10.912621881077875,3.700552715703592,0.0,0.0,2.931000522289672e-05,0.0,0.0
4133000502,2005-06,Western,2.3020763641874513,3.4754156066261,3.590502840950384,3.643238375042595,0.653419580290252,6.328107458065179,2.8869980796269066,2.7768599563853478,2.3231368771341048,3.6755258100043964,1.2681373719665596,2.389655701036197,6.2070247934998255,5.48564988519503,1.9789888702202625,0.0,0.0,2.6588088001004924e-05,0.0,0.0
4133000503,2005-06,Western,5.763346392138185,11.666716264938298,8.954641534364429,9.854995411607627,1.4262576978039305,10.630754718624694,6.810210424821561,7.820573375123508,6.4779278638274045,9.117262556015236,3.0559503715881466,8.18052402797295,15.764305434860393,15.718898095906479,5.7140002926700655,0.0,0.0,4.6590792628020604e-05,0.0,0.0
4133000504,2005-06,Western,2.6003585370782805,4.661847767303384,4.0635547583769185,4.832683228324166,0.9198615938823012,6.684263698753978,3.640631854196291,3.550383553502266,2.8643368430985827,4.288180760928806,1.4338135452519443,3.7600585091270906,7.8154664544094725,6.142548317573919,2.3317465490162035,0.0,0.0,2.8799424622437756e-05,0.0,0.0
4133000505,2005-06,Western,2.6813573653556313,5.45959441985682,4.127017342882952,4.828464300332673,0.7275807655951416,5.019362770001992,3.445916598842271,3.6878126018125017,2.9123144273290715,4.489729299122023,1.6673076425838786,3.6456285816954748,8.908752627118677,8.802707561021549,2.6292691062644415,0.0,0.0,2.912655202876685e-05,0.0,0.0
4133000506,2005-06,Western,5.443269794063833,9.832798760466467,8.519919109258728,9.04071034860034,1.3454305477815276,10.380596220274997,7.412988090498641,6.818235080646395,5.749111491606351,7.864313844638517,2.8175968289835183,7.341824126092591,13.242716930617497,13.157764210534836,4.820027393987905,0.0,0.0,4.295020347532615e-05,0.0,0.0
4133000507,2005-06,Western,2.561918871618945,4.887122705533121,3.935039172501766,4.621919316389554,0.7460577489150672,5.2483426873007035,3.631424469538114,3.4435369996661227,2.7865007715348478,4.221025781920331,1.5299449349129792,3.625156817992428,8.077534686364517,7.2501178081230435,2.3625650086627896,0.0,0.0,3.19785412913959e-05,0.0,0.0
4133000508,2005-06,Western,4.337613300121941,8.220318370885616,6.746399813139842,7.293111636682986,1.0542951409485797,7.879043927941788,5.533380994056675,5.537452676874244,4.5950153567032075,6.53683641479025,2.3912143271482313,5.71340598678907,11.476834671321285,11.882520594034828,4.065443863439395,0.0,0.0,3.644305149265465e-05,0.0,0.0
4133000511,2005-06,Western,5.822141311371736,10.790827781708689,9.06447902144766,9.75739265784708,1.48039208376211,11.826871234264058,8.330591885893254,7.769707546601695,6.2848836533116605,8.969674698877284,2.935986521087979,7.778870072453916,15.277619494974484,15.639974678778799,5.381449163733505,0.0,0.0,4.520037529800807e-05,0.0,0.0
4133000512,2005-06,Western,2.191132313113114,3.534651831111417,3.527345515235588,3.6375213885024933,0.6370411487389454,5.446543023453788,2.4904752121292346,2.757741295264508,2.302065535027935,3.642052539494482,1.2955532465925843,2.1794157622824795,6.3054516262699725,5.193169754122811,2.0187694428428697,0.0,0.0,2.160942310996587e-05,0.0,0.0
4133000513,2005-06,Western,2.5021952399513823,4.224027719643341,3.962930494740434,4.454051540138821,0.7559513227578708,6.2314242095754615,3.135060200390239,3.167960278835791,2.4989796260447745,4.125367531701627,1.4044151183002742,2.8344050465919417,7.28586279745888,6.156272883761712,2.2222448263129206,0.0,0.0,2.2387559380205805e-05,0.0,0.0
4141000101,2005-06,Western,8.129005055637558,17.123969308982964,12.448457709985128,14.995672950295601,2.072266971796857,16.71555670995545,12.44368493705935,11.383904162938302,9.357096531339707,12.152489305837264,4.296862306977699,14.486497977149229,22.07668298758006,22.43881515617096,6.709212489081687,0.0,0.0,8.20427219259146e-05,0.0,0.0
4141000102,2005-06,Western,2.525330993913637,4.590899311783109,4.24256918756294,5.097578150718204,0.6966484180297372,5.826106316613229,3.4175997338402153,3.2596320566993193,2.871892508503968,4.515601740594801,1.5213855266791458,2.7515713077856647,7.735841479287491,6.387009706717648,2.359160773063657,0.0,0.0,2.436891857362571e-05,0.0,0.0
4141000103,2005-06,Western,2.8957329386203807,5.001744490417505,4.502749628582555,4.818008410989788,0.7822113427807058,6.473534379228131,3.393215107746269,3.654541393194195,2.987618089565812,4.518798046250927,1.5719542179954848,3.5544669625307255,8.087555197463056,7.54990812844242,2.58290658248994,0.0,0.0,2.726641743075067e-05,0.0,0.0
4141000104,2005-06,Western,2.9150063406631066,5.162300185191208,4.860362127163696,5.998822943716063,0.9078730436483661,7.518242746624957,4.638786646513746,3.8406892795790926,3.2551514410628326,5.22306942707898,1.5877640340428367,3.4480488802799685,8.796599516402184,6.956068451008069,2.6873758542845714,0.0,0.0,2.6317110677636857e-05,0.0,0.0
4141000108,2005-06,Western,2.1059125826752987,3.428324609226521,3.250072556160153,3.792128385758105,0.6773648921774681,5.8356803795361705,3.478043446429658,2.642199030081492,2.181372030977136,3.384309691418042,1.1551244641120189,2.8502940187684724,6.089167982972429,4.79064787897315,1.6896428899639993,0.0,0.0,3.146609324741428e-05,0.0,0.0
4141000110,2005-06,Western,1.9022376115274562,3.3741597682011655,3.2855250182931353,4.386507952721397,0.6795677818115076,5.063491405717969,2.5258633213254846,2.3385508250338836,1.938096100556921,3.3781262697601595,1.0837852910732744,2.1804944045378147,5.14118519786217,3.552490445009864,1.676999383057838,0.0,0.0,1.68843876617333e-05,0.0,0.0
4141000111,2005-06,Western,2.459049201249674,4.517936952880086,4.081905682802145,4.941909411435708,0.6731604728048707,5.805974021180472,3.3832720769048708,3.1704904344527884,2.8489980975640274,4.4569220236991285,1.474418168780467,2.7909514212751265,7.746689056716997,6.359142061707041,2.3321272374589435,0.0,0.0,2.3787662767791608e-05,0.0,0.0
4143000302,2005-06,Western,2.2505677569680897,3.9310084590508034,3.79468320276751,4.582125745693876,0.6680108097403827,5.6188096459609405,2.997101491064577,2.836453917149216,2.4991614017993404,4.1130783035528,1.377683649526576,2.2327574286054213,7.126600211837666,5.601718186088857,2.1586021007768177,0.0,0.0,2.0504995111931603e-05,0.0,0.0
4143000304,2005-06,Western,1.8040596913681382,2.732630926004646,2.8037623411352692,2.8332117449526306,0.5105443618847602,4.78543482287203,2.190135365829967,2.101625979354515,1.8057531678131145,2.777039323441886,1.0362951686247208,1.9923337680256483,4.683055065209371,4.00208547687352,1.5159468804002094,0.0,0.0,2.3889805072091015e-05,0.0,0.0
4143000305,2005-06,Western,2.44458039581256,4.608003610084792,3.9371210550103446,4.604761859256937,0.6176456403943518,5.023434487612293,3.3250793479379457,3.1089547095849817,2.7247914477187924,3.9305713192868854,1.4225236882154424,3.178799213634728,6.951939866919851,6.726821572550574,2.1966928037918065,0.0,0.0,2.2823411190434747e-05,0.0,0.0
4143000306,2005-06,Western,2.3783893241276504,3.688660500755995,3.68698122747214,3.826178356008393,0.6317837205700565,6.001272330034897,3.5281881084006494,2.775975433706492,2.339408231339403,3.5714226251088013,1.2617060691724697,2.8492132977619784,5.936112455726411,5.232024635691943,1.9105361453604035,0.0,0.0,3.0242932710624484e-05,0.0,0.0
4143000307,2005-06,Western,2.2230400194167563,3.3736236016969796,3.5143334115578755,3.581805919880926,0.6770716339626696,5.931742281801402,2.5531804976887518,2.691269590786213,2.3001626225460834,3.5936648500315043,1.2904680239353212,2.347560069626792,6.130182270999953,4.667283338321092,1.8947861951080511,0.0,0.0,2.3451251627717397e-05,0.0,0.0
4143000308,2005-06,Western,2.5743134335910915,3.9776437668166653,4.07994770790874,4.2059297805262705,0.7506012455895914,6.478412246768377,3.3246280509649426,3.137795463379829,2.634739314123566,4.1733458038620155,1.5070945947943275,2.5560767727262577,7.07524481681453,5.888612192512759,2.3133282254837737,0.0,0.0,2.5705154198105106e-05,0.0,0.0
4143000309,2005-06,Western,2.6281271376495967,4.877406749337147,4.393350106557445,5.307440001846533,0.691023524559943,5.717536797300332,3.420987200382507,3.335380453406649,2.9827292739931694,4.764728582590111,1.7254819635697736,2.6210367387031646,8.573462982591215,7.45368810883895,2.5725055207918155,0.0,0.0,2.287469636040739e-05,0.0,0.0
4143000310,2005-06,Western,2.4457298835937014,3.9937331601823804,3.9371425602234384,4.122576194563726,0.7701239884789176,6.507555953059785,2.7514563768908284,3.15787829839254,2.61851756917419,4.11993504354114,1.4339034889876878,2.6151626184879184,7.255039590845894,5.717110385008164,2.259535989380168,0.0,0.0,2.341487234301783e-05,0.0,0.0
4143000311,2005-06,Western,5.399709145713703,10.087813613458671,8.334570678593607,8.871533990234951,1.3427080972086514,10.241706699840014,7.349206748634334,6.975219345102445,5.6980679883071215,7.807983993949558,2.674054411280724,7.829767424111827,13.278917619574345,13.268128790146363,4.7825801665506384,0.0,0.0,4.335030413265658e-05,0.0,0.0
4143000313,2005-06,Western,4.6877799699638905,8.303416817168149,7.377795010503518,7.745025647775826,1.2918940684563573,9.998370789966334,5.289052191651051,6.010198686683826,5.108819595758894,6.91312714078844,2.4665101396739333,6.2466571233924295,11.910916444615628,10.960240931047986,4.2666010071728016,0.0,0.0,3.596493819744048e-05,0.0,0.0
4143000501,2005-06,Western,1.8718940183615047,2.92037991772441,3.0472474140190076,3.249691034693488,0.6154423688253012,5.362154457508035,2.3223323434961682,2.3425978340888665,2.0176924541822654,3.2518795555739377,1.1959318720226986,1.858526809394352,5.495795466344254,4.206595710506264,1.7247597650781294,0.0,0.0,2.244997252831416e-05,0.0,0.0
4143000502,2005-06,Western,3.4170141738849633,5.5609874438876705,5.497916941354758,6.516862670141561,1.0652214248326763,9.226715849609745,4.8926096650150965,4.308519965895542,3.551441344126528,5.64430175620999,1.6206360461305527,4.156195269924081,9.587435712835987,7.794135589911521,2.7730143653128305,0.0,0.0,3.420404471265022e-05,0.0,0.0
4143000503,2005-06,Western,2.3926691292871043,3.8300664952619004,3.7909788839213188,3.922791154742043,0.7291254672032099,6.035192763327697,2.498082522892751,3.020138599801172,2.5701418245872674,3.840084148665614,1.4015393544369754,2.5870148347564554,6.854418298845909,5.3123663133922125,2.081103013785967,0.0,0.0,2.5457373002923027e-05,0.0,0.0
4143000505,2005-06,Western,3.581242975725139,6.332343845189169,5.570298662812653,6.474782031758545,1.2099307926342242,9.627160292268822,4.780180173610953,4.874779929696196,3.9191486671759996,5.555543934313927,1.7595838027978576,5.5384687463906594,10.122127588268906,8.194783893327063,2.974553104699813,0.0,0.0,3.518590823990037e-05,0.0,0.0
4143000506,2005-06,Western,3.361804783958145,6.492705466079605,5.301346753291569,6.2856617300700535,1.042195029846363,7.391113162874685,3.9283452206300957,4.66736427460272,3.8402205707774653,5.418703356025248,1.850430972819005,4.982869616780531,10.157615252293638,8.515232447667033,3.051930707029523,0.0,0.0,3.17973576122976e-05,0.0,0.0
4143000507,2005-06,Western,1.5851193341668306,2.9246681912656136,2.52582866202657,2.851394804904058,0.43767509128214926,3.236974685623666,2.0383143185774286,2.037877382127676,1.7309442881836978,2.7164366535369786,1.112957173814468,1.8408054942854775,5.164217005587254,4.542242229607299,1.4756036911469794,0.0,0.0,2.3465942873596497e-05,0.0,0.0
4143000508,2005-06,Western,2.2308391443972577,3.801891850361465,3.6389061367763063,4.254084254169305,0.6776432642061874,5.477810959735689,3.0066942692862706,2.7542555112304226,2.387389180634833,3.815632592614529,1.377148301263492,2.4209332784035698,6.65068310719342,5.319717304761864,2.0819875069039213,0.0,0.0,2.1517804294878654e-05,0.0,0.0
4143000509,2005-06,Western,2.5860168442270837,4.331295832348692,4.003559721158776,4.035973502793734,0.6973157759146583,5.7046544085983175,2.87588312729578,3.168596899417104,2.702561085707733,3.923461629408184,1.4882068140905087,3.0861347094050293,6.734248752983818,6.104367099639348,2.367025450051544,0.0,0.0,2.7917909781524876e-05,0.0,0.0
4143000510,2005-06,Western,2.316216298359471,3.5856799185111825,3.811429429807295,4.390892934651216,0.6960587415410121,6.008270133525551,3.244618358933923,2.718845201643511,2.3959758260533977,3.9627677587935173,1.2966270705757401,2.389238695940635,6.319497333300159,4.896818648020955,1.948618510095894,0.0,0.0,2.5954420487199102e-05,0.0,0.0
4151000202,2005-06,Western,3.4912123938843656,5.698451975575378,5.574911622763295,6.222778811788088,1.3014104491158736,10.327075284555027,5.24273830525726,4.631747885631382,3.6890903360087344,5.6903223934469045,1.738134864740747,4.541024527182359,9.397952069821589,7.115809781753986,3.1099639338693295,0.0,0.0,3.337994412589604e-05,0.0,0.0
4151000203,2005-06,Western,2.9741220542042948,5.164036785107829,4.806116548885014,5.624918037184911,0.8312844614698494,7.053916478665446,3.887375927945815,3.744558754074084,3.1499735147537025,4.96488178354663,1.6435531280137357,3.3996453307963,8.853069339985716,7.814668743439251,2.649294458225505,0.0,0.0,2.341961469074604e-05,0.0,0.0
4151000204,2005-06,Western,4.860096605317771,8.787659706150457,7.472632472082774,9.072931510239204,1.615873267262872,12.098566952504184,8.698507250120574,6.6404630300611505,5.375608873857779,7.457871606805349,2.4023991923334123,8.18503691686877,13.625071365536009,10.651703255903428,3.9393640336461373,0.0,0.0,5.089508569628569e-05,0.0,0.0
4151000205,2005-06,Western,1.9371820358411567,3.6500205285253626,3.155943174726898,3.9745002598042927,0.5394642964205486,4.1840339472485875,2.5608207487092853,2.4447008144324562,2.1690459452466446,3.2958334267409715,1.2588553209108078,2.41514219428534,6.204085508277439,5.321136327641617,1.733505941725887,0.0,0.0,2.1615265833407372e-05,0.0,0.0
4151000207,2005-06,Western,3.3193019052087904,6.003127187275953,5.24759160543814,6.6548210024093954,1.1942265800941896,9.716397902446918,6.615607293503183,4.734114920256426,3.859796830344116,5.914950079739612,1.971884208409432,4.740145339411325,10.602217680442484,8.329791717838473,3.0098354406250563,0.0,0.0,4.5414449007606536e-05,0.0,0.0
4151000208,2005-06,Western,2.054994108248999,4.102328216419698,3.6985820329153043,5.059432444726185,0.5916130546064644,4.478163803387936,2.771052316662947,2.632888184661743,2.356479471202394,3.944691591715338,1.3449935395659927,2.081918447394775,6.8148295552386875,5.431736926101488,2.009344900654834,0.0,0.0,1.8500540739277617e-05,0.0,0.0
4151000209,2005-06,Western,7.887175314610354,13.862449873337072,11.936729815340593,14.709803397307743,3.488984772267012,22.210852390209123,16.39954456429596,11.480096583577309,8.476258013457517,12.12751559532705,3.550663394968512,14.441738193214528,22.419878072904744,15.208347650857771,6.362569517846446,0.0,0.0,8.965339753757652e-05,0.0,0.0
4151000210,2005-06,Western,2.7463926115510735,4.84880189029218,4.454429840174672,5.372256747075708,0.7721560589688903,6.869740721175947,4.136807826802782,3.6058761016226497,2.9092444919385336,4.710004913122741,1.4485770419345056,3.437032779338006,8.42836111963376,8.006552336849182,2.3447655027698033,0.0,0.0,2.5807373946513788e-05,0.0,0.0
4151000212,2005-06,Western,3.4418744188264765,5.707999446733735,5.582606127447718,6.491323652189552,1.1370959267334917,8.884318685271754,5.989608948183306,4.527380233787439,3.654772531466818,5.852585683389889,1.9842801381243882,4.093725066041908,9.701250570639688,8.04415460002031,3.0492542262425637,0.0,0.0,3.6376458699254116e-05,0.0,0.0
4153000401,2005-06,Western,2.8921540589481602,5.1488500943857405,4.505066206540554,4.68576844424275,0.6918441968194246,5.398022777784057,3.6585349207095943,3.5075541553511322,2.986336368115899,4.433590681810395,1.7793430712516412,3.327783823358813,7.733186019714029,7.877011624943214,2.713101278520124,0.0,0.0,3.0262411699909657e-05,0.0,0.0
4153000402,2005-06,Western,2.4639891024582705,3.714668086723668,3.883716361024678,4.342353705613408,0.8038767563178615,7.192180568428837,4.296523682109555,3.0509010710764537,2.4408012958814678,4.048467477740383,1.300471466346255,2.880724174733243,6.718819243815184,5.455514735855488,1.975010565110797,0.0,0.0,3.0809761217415296e-05,0.0,0.0
4153000403,2005-06,Western,1.3618245764942956,2.35039567527936,2.174031008642768,2.398441566781585,0.39223835550148006,3.0614143939928575,1.6016123685080048,1.6744599009810797,1.4805032024428264,2.1997394887545143,0.9178173364794747,1.6205982906869603,4.059569694473351,3.295143205790742,1.1905545966409592,0.0,0.0,1.9063113124933375e-05,0.0,0.0
4153000404,2005-06,Western,10.564719950576906,16.105643631069015,16.09672016729478,14.26553866669315,2.747354359553266,22.0076996570685,15.978995906307707,12.537925550445195,9.711526780508457,13.060351729419837,4.385082097483264,13.720493922751253,19.15221878170316,17.677134489589783,8.563289744476974,0.0,0.0,8.497579638561196e-05,0.0,0.0
4153000405,2005-06,Western,3.051580078196771,5.182224575986803,4.682034288346926,5.5530263640493756,1.0003090047161753,7.8499847866923576,5.413890783931455,3.934994997528616,3.284076319582148,4.798455508843437,1.6630147211005537,4.533473639228844,8.669946803727651,6.6441692225002225,2.4881420993092926,0.0,0.0,4.1603873122599884e-05,0.0,0.0
4153000406,2005-06,Western,2.5083955412369656,3.75557649032669,3.9649536817242264,3.9895415278005406,0.7647414594521529,6.617509043258771,2.4119414292016383,2.9964559448850983,2.5643650803084803,3.892504813696052,1.321784284004913,2.5291769502889463,6.615082256304286,4.979370951476412,2.103120128403177,0.0,0.0,2.3510666961998753e-05,0.0,0.0
4153000407,2005-06,Western,1.7675371422172104,2.7074812137792557,2.815371666243795,3.1910031307479585,0.5511407683235303,4.984319915584241,2.6309416815554325,2.1481248291352886,1.7965235672579483,2.968059370356671,1.031217891185404,1.901058239381522,5.088345267090064,4.41543950405527,1.4808483163952308,0.0,0.0,2.0403096776945525e-05,0.0,0.0
4153000408,2005-06,Western,3.643769688253585,6.74543823409488,5.780081491797315,6.66068196148803,1.0028979766316326,7.454458605247803,5.129311867514322,4.751233323115232,3.866868864126025,5.883428069160559,2.0656947104554457,4.600866230216183,10.511728632021892,9.726031129375022,3.431338339884003,0.0,0.0,3.0481671892309488e-05,0.0,0.0
4153000409,2005-06,Western,3.624835139973517,6.794901888585537,5.593556381236551,7.06597083501227,1.2295714108584066,8.952453859352481,5.374813383855298,5.051340832453004,4.237357333742563,6.331433293691698,2.0846554581110732,5.580338595059269,11.910476635741468,8.723830293812506,3.2761566571501213,0.0,0.0,4.77581721519853e-05,0.0,0.0
4153000410,2005-06,Western,2.482737227345745,4.1897455632317335,3.8997716102793247,4.296370012763331,0.7239907711460098,5.82417444999242,3.9192774862835784,3.114601155017827,2.5789648056936585,3.967217662057402,1.391138205806437,3.1205276403824005,6.738592376873738,5.713542736960935,2.2075893007736114,0.0,0.0,2.857027651412349e-05,0.0,0.0
4153000602,2005-06,Western,4.63930852619652,7.594210317767241,6.985025655253143,8.434397400725631,2.0180885921532297,13.567305512249467,9.544934567292373,6.31644518397455,4.8296113316592715,7.342859187978356,2.308185978762462,7.39747480074674,13.344671393979691,8.867221071050457,3.7752095310346965,0.0,0.0,7.15080634156804e-05,0.0,0.0
4153000603,2005-06,Western,9.608810903787724,15.27076642636825,15.013949527755136,16.28732831721385,3.7917977539708434,24.969383137850958,18.274832371239714,12.765251627153374,9.326591697928599,13.455294331126144,3.9967280388721758,15.750345811848636,19.14458186017013,16.564638918421103,7.118153051566214,0.0,0.0,9.75125316850853e-05,0.0,0.0
4153000605,2005-06,Western,4.30809516219293,6.97730693269419,6.487475080897825,7.7944716633899604,1.8695955458335851,12.667825770847939,8.85272362470966,5.810976767391302,4.465817560519165,6.844626412222101,2.179425762132132,6.722356948313804,12.413034726327156,8.22474400471355,3.5075686347213098,0.0,0.0,6.921340098252862e-05,0.0,0.0
4153000606,2005-06,Western,3.300959752069777,6.274356119475762,5.044020605379507,5.902735508886902,0.90515731180635,6.755322346897745,4.786720138564831,4.362331984490156,3.525556241748539,5.052850257840672,1.6252450924320794,5.161345845863271,9.105821682519558,8.325938724051529,2.8792101750425783,0.0,0.0,2.7395985548478383e-05,0.0,0.0
4153000607,2005-06,Western,4.216919722114621,7.450858319056433,6.93643989649113,8.075674644502408,1.2021961544956787,9.761555328842475,5.920366571141268,5.618395317448047,4.500803659340518,6.997882781697673,2.281512828478444,5.149827092146569,12.044558549029523,10.980523623982288,3.6301761188201582,0.0,0.0,3.7549872720123045e-05,0.0,0.0
4153000608,2005-06,Western,7.794459422619249,11.408299957993915,11.813937672614822,10.362126862188807,2.0026132613549956,16.575309731410577,11.692190922459707,8.898459950236953,7.022715112818268,9.779592139935454,3.4210870868265615,9.369632272596661,14.228546677258802,12.97206024049139,6.345611724081832,0.0,0.0,7.462725562025271e-05,0.0,0.0
4153000609,2005-06,Western,2.7189777812189213,4.538886257235034,4.6005436772652635,5.474933023784115,0.8890294583197619,7.302138763138241,3.34209567279181,3.4813128666284534,2.9957866469293934,4.992707138494468,1.536449929285453,2.601581517321692,8.29206926876697,5.997056040638675,2.5169303407025367,0.0,0.0,2.7009724213112665e-05,0.0,0.0
4153000610,2005-06,Western,5.1698196044702005,8.993459683829364,8.89970388191398,10.9625226811602,1.7450773963320703,13.684674757535843,6.843408467989484,6.844561670761674,5.6031274577479575,9.168612808639345,2.4380861195711523,5.948555033041852,14.519518138138915,10.846144543606076,4.624549853082806,0.0,0.0,3.51589246737374e-05,0.0,0.0
4153000611,2005-06,Western,3.657342460105837,5.782233659153675,5.513536281716425,6.539134845309291,1.5789768662351757,10.886296758500322,7.496700511032661,4.8327233955196105,3.7564872537355707,5.858463331559635,1.9240973005197783,5.4290790075547815,10.578631232139303,6.964493366375156,2.979592470622645,0.0,0.0,6.433645871718961e-05,0.0,0.0
4153000701,2005-06,Western,2.2392225150521408,3.986368016764508,3.5799881051501377,4.055672048743362,0.6616656542611031,5.499575806098051,2.5008504124288087,2.9129814744845532,2.482936596145456,3.654138997766668,1.3563568859922661,2.84249260597096,6.624305490729133,5.598353790170867,1.965959515823127,0.0,0.0,2.903278459098732e-05,0.0,0.0
4153000702,2005-06,Western,2.414273930192278,4.429248535563232,3.849490004859284,4.544668606461187,0.6580357100274429,5.605888415861322,3.123175128355767,3.11723193604775,2.6491109533859247,3.982412065412938,1.4579458161471162,3.1821024916400105,7.292423934173089,6.422393098210242,2.037264628011914,0.0,0.0,3.371025000342015e-05,0.0,0.0
4153000703,2005-06,Western,1.6173253353757366,2.8921477355863834,2.6723194400263734,3.5455570256464832,0.4945898910220492,3.982680184002483,2.2096930397607455,1.948970146575023,1.7232278192781312,2.8245439222400814,0.8974557559457726,1.9922614966180514,4.869467131115302,3.8391776737107697,1.4407958690744092,0.0,0.0,1.4679946066434599e-05,0.0,0.0
4153000704,2005-06,Western,3.8833993569066534,6.551880923891767,6.632079423275144,8.001080580403984,1.2077861758208326,9.827368706153099,5.205870424358,4.960938745863665,4.2312954277850645,7.002281124911457,2.0423774565434663,4.080952127891668,11.015378006942973,8.410974783926399,3.468141001624785,0.0,0.0,3.4749397346474e-05,0.0,0.0
4153000705,2005-06,Western,5.641290177852756,9.490060901867965,8.49833421676119,10.371849074182258,2.469284141949335,16.264048039635913,11.647005390417634,7.872575919372042,5.940251982763652,8.836921289461136,2.694393882281775,9.497393813357782,16.155536903407306,10.815390857290522,4.580470418069005,0.0,0.0,7.783993112586909e-05,0.0,0.0
4153000706,2005-06,Western,1.4946378346602844,2.437261909153516,2.4365979607593466,2.8481317896307465,0.4938514765500445,4.234558197863733,2.145176750101566,1.872475359711636,1.644042307066252,2.7452491605068166,0.9540833832852327,1.5216723779093766,4.827381271828775,3.460891292885494,1.36846758399176,0.0,0.0,1.901177411920219e-05,0.0,0.0
4153000707,2005-06,Western,4.474516308996597,7.286512769636796,6.904316626109487,6.903814756484466,1.107735010621632,9.678076075584176,6.700973575462685,5.287656440549369,4.495217749711106,6.210525314610822,2.2272805097024584,5.835071140031732,9.910866582912519,9.203320919826758,3.6505922662715746,0.0,0.0,4.364235128854765e-05,0.0,0.0
4153000708,2005-06,Western,2.8315854297789427,5.655501730628437,4.44303386493892,4.945508895334817,0.6670761586689846,5.1905052964158225,3.3356811660843864,3.653936665143896,3.1201099689556835,4.645420521128624,1.7610586509558046,3.509353715981311,8.618916034926979,8.948289670507942,2.814725055064435,0.0,0.0,2.6614701979101336e-05,0.0,0.0
4153000709,2005-06,Western,1.9941565283766218,3.495991019296657,3.374878033923386,3.874964481538423,0.5918098675876687,4.795835634968041,2.486651671766843,2.585856336253559,2.2211430397572616,3.616114720350954,1.3451758936791671,1.978967780235162,6.241848560025151,4.899918991770559,1.8938006101155644,0.0,0.0,2.228025289415825e-05,0.0,0.0
4153000710,2005-06,Western,4.170131317241684,6.929939024826182,6.82731644840462,7.834296000655275,1.450538485751731,11.466346158517677,4.733160269947481,5.508638815606021,4.37558057225521,6.988106104605649,1.968582633324564,4.722235278589208,11.571756833793772,8.590549104284584,3.6140894063787012,0.0,0.0,2.8995055429936295e-05,0.0,0.0
4153000901,2005-06,Western,3.4857915214630957,5.106616800848538,5.494452008055046,5.466694391267358,1.1215942140350965,9.451264482244458,3.345501855430411,4.231019384512249,3.5257204054287654,5.439099731751582,1.7164464282706806,3.49940657513705,9.107977462640887,6.7642232026101485,2.9327276735939742,0.0,0.0,3.2487713120653954e-05,0.0,0.0
4153000902,2005-06,Western,1.9003403485812542,2.7098469743520734,3.1394523155228775,3.1786100458128193,0.5992696879525534,5.435649346627105,2.113633001008328,2.2185704007758873,1.9294405807598543,3.2937895189429054,1.1814411604720576,1.4770614625949243,5.223472233034608,3.731015701243935,1.6996836184226576,0.0,0.0,2.2366307437013546e-05,0.0,0.0
4153000903,2005-06,Western,2.317267376262899,3.9558672800869252,3.8268345114337734,4.469704806382899,0.6291316143845264,5.402560694586065,3.1710954106634826,2.8719627515430024,2.44316270754235,4.1087464614602505,1.4731641316007231,2.1756406433071165,7.258962932678894,6.365136836138569,2.1353789624494968,0.0,0.0,2.2636026349041775e-05,0.0,0.0
4153000904,2005-06,Western,2.346566311792903,3.59335970399095,3.7120819271521053,3.9885439694368814,0.7167336041934881,6.541240444832558,4.238118088692859,2.881168972309416,2.4217717098735063,3.881797803505402,1.3510319202164558,2.525624556936818,6.330080324986468,5.160099539416496,2.053319005416724,0.0,0.0,2.9637270552118833e-05,0.0,0.0
4153000905,2005-06,Western,1.6783949412589096,2.6748393858352806,2.7492052521591464,2.995161492074939,0.5254831277039378,4.335054271971873,2.0482505022798128,2.025184790697241,1.7428459546590525,2.7947182667136614,1.0780371709136098,1.6694950456768567,4.748839172306762,3.6284974417524647,1.5093069024214874,0.0,0.0,1.860686525696803e-05,0.0,0.0
4153000906,2005-06,Western,1.371044998140067,2.3184822339033277,2.28652038235052,2.7917977327934023,0.44861837234213015,3.6221074805153486,1.897077689333385,1.732733560644723,1.4880247412450227,2.436638773426399,0.8968569169292866,1.4575508466907552,4.2571494744776075,3.366748347962437,1.2133035188133598,0.0,0.0,1.839204444715968e-05,0.0,0.0
4153000907,2005-06,Western,6.260521162747872,10.659805403963508,9.706338105123747,9.838704956826952,1.5701417352939022,13.240891573210156,9.46090895409299,7.718203047711512,6.429006119079543,8.552794712265685,2.9157661755601247,8.899486971056433,13.731586392478746,12.941829354846437,5.086218438457775,0.0,0.0,5.044317267240951e-05,0.0,0.0
4153000909,2005-06,Western,2.4044907420057577,3.937713582224175,4.040294330621221,4.593254777588308,0.7020882172675387,6.063747277755248,2.926080971014972,2.991002379621152,2.49212438919492,4.381928297306472,1.3424051621551119,1.9896121589012266,7.339744217735272,5.912476209502398,2.2855216695065192,0.0,0.0,1.9932715683920864e-05,0.0,0.0
4153000910,2005-06,Western,2.860402681253547,5.06993762157485,4.54064732796794,5.7918621346153305,0.9512214024285579,7.209428762204694,3.8262858366492827,3.692698448062786,3.009895596425802,4.707989802547186,1.367281101702829,3.8891080224389065,8.061830770095344,6.442071075138008,2.485755472195187,0.0,0.0,1.918057237974167e-05,0.0,0.0
4163000701,2005-06,Western,3.8492391103239494,5.096941051014893,6.2204894127559545,5.9129607099949695,1.0645898119199324,9.975315227104014,5.065800992837692,4.206198891748992,3.527288689637365,5.836687786699201,1.809308155944438,3.4290648487284456,8.236490785201484,6.811635304941603,3.0492627434168735,0.0,0.0,3.671448328901503e-05,0.0,0.0
4163000702,2005-06,Western,1.8995708634404829,2.779140693029444,3.046302475100688,3.045807945966335,0.5643095190342449,4.963353366043867,2.322412638324378,2.2339776982054214,1.8804001123535725,3.1630317164856043,1.2508287931929822,1.535157355737665,5.417002551368851,4.297417934775571,1.7033373525638398,0.0,0.0,1.9209539226327874e-05,0.0,0.0
4163000703,2005-06,Western,5.187386797680986,9.551495968530375,8.321341573208946,9.40359863211123,1.3818677242624928,11.427666400710079,7.0257626323357885,6.863672763901642,5.573097737661435,7.812969005873975,2.3847617467198994,7.685170021373802,13.382344986475337,12.191239749147547,4.267480708517155,0.0,0.0,3.8834926681300523e-05,0.0,0.0
4163000704,2005-06,Western,4.136383377207271,8.060317313594105,6.363828552029604,7.6236050789352925,1.1401180942198708,8.886934651268062,5.724857522740182,5.676924211143997,4.444776616142461,6.615519757602223,1.8681043865768483,6.568801828290509,12.129671352057125,10.961797650796598,3.595293242367811,0.0,0.0,3.068695507894442e-05,0.0,0.0
4163000705,2005-06,Western,4.9381060176494325,9.349739596057416,8.080958168905132,9.78366861016828,1.4804905063317528,11.405032120467336,5.445860055637114,6.781739626349159,5.805829145741019,8.726107102918208,2.4331599869512837,6.21141811943496,15.907601342861653,13.065645271864783,4.694051318902393,0.0,0.0,3.504110765675722e-05,0.0,0.0
4163000706,2005-06,Western,2.5071540747763748,5.0066913038587035,3.8548761947800316,4.643502848162368,0.7321405751882364,5.37533335128698,3.2153842948523064,3.507362752645192,2.808350411424214,4.109084059313006,1.4015266295835862,3.772075566755394,8.024881906670194,7.606306343434101,2.3176099299244926,0.0,0.0,2.348240352659466e-05,0.0,0.0
4163000708,2005-06,Western,2.1687422901203415,3.6121909116711453,3.439460829556928,3.9803957511698687,0.6927698357969342,5.727500174070874,3.0250758417918187,2.689093362960229,2.3390034909708195,3.57000851445011,1.172082756097925,2.779972385882897,6.111209551237277,4.710091486083633,1.9102646272280357,0.0,0.0,2.2223042573081264e-05,0.0,0.0
4163000709,2005-06,Western,3.460821404868322,5.562741920170463,5.543311573217913,5.988144313277194,1.1098007175765747,9.780691300789774,4.624329692672885,4.5149652153365345,3.6134742994863362,5.548033416879185,1.7899345377982352,4.270670774014013,9.351469562592436,8.018705063419365,2.905515432034927,0.0,0.0,3.561276940342048e-05,0.0,0.0
4163000710,2005-06,Western,2.8664342814209824,5.375272277726804,4.857121044819075,6.302519860209124,0.8360949521259861,6.937263819350825,4.179409434967895,3.7917550192314984,3.1302445673241444,5.040667526795928,1.4393606818221207,3.659687605881091,8.60214452838572,7.3846471710599095,2.5159940274130213,0.0,0.0,2.421068069898456e-05,0.0,0.0
4171000801,2005-06,Western,1.9184988647964714,3.021226169525533,3.027060835572534,3.1485952527524304,0.6337846456405479,5.363165254600672,2.123604451692541,2.360474034900824,2.0397126107792145,3.04289699335831,1.1122432099179205,2.1864639800251178,5.217244344634296,4.144968556901885,1.73875927531501,0.0,0.0,2.0739874730491727e-05,0.0,0.0
4171000802,2005-06,Western,4.466486061264389,8.252290363513232,7.375878935274464,8.581582799217978,1.1684184734192005,9.887013852736914,5.054418814104313,5.974924751751023,4.968439552891831,7.653202099013627,2.3044533270282708,4.814392977905196,14.653003411045987,13.77985742804397,4.158522080099872,0.0,0.0,2.5703095391854563e-05,0.0,0.0
4171000803,2005-06,Western,2.281312945661444,4.066268806875513,3.6729732570982936,4.548447455689649,0.7663864306559924,6.10562397432664,3.301791774143173,3.025825361378784,2.6296556036679344,3.9420571422914454,1.3114896857882783,3.0493885596960464,7.128227817212903,5.639028989565444,2.0611545430302316,0.0,0.0,2.380830624730944e-05,0.0,0.0
4171000805,2005-06,Western,2.226234075870129,3.5003583229413144,3.494956197643347,3.606020313611872,0.702897975583346,5.9697394151564405,2.577261232386343,2.7200552331184733,2.317045772607036,3.4369809506475253,1.2334455502508082,2.628290009758984,5.801523643762463,4.546570931835973,1.9439316717494386,0.0,0.0,2.354325199417495e-05,0.0,0.0
4171000806,2005-06,Western,2.879426957727998,4.855085845556259,4.630487543540835,5.083607410427822,0.735822771360461,6.474723705458669,3.80470312986968,3.5798689949816884,2.9910420372071327,4.747716967924044,1.6613345216566853,2.9993786002295546,8.23638164357912,7.7348149698679745,2.545759602797288,0.0,0.0,2.845834755791355e-05,0.0,0.0
4171000807,2005-06,Western,3.809574312416791,6.546987093243285,6.106370894745007,6.917894697614735,1.0795999740609286,8.582315282681899,5.809914771566928,4.905794644085683,4.0428077960289865,6.348040079607486,2.1867050046055785,4.1864486534378775,11.015702765469305,10.01034136394397,3.5746045906797534,0.0,0.0,3.2142230967093e-05,0.0,0.0
4171000808,2005-06,Western,2.6432466224297633,4.953164576369798,4.446223267277916,5.436811763915403,0.7420357167530567,6.311513846742312,3.2540528947773537,3.4300214139593876,3.1442317718031525,4.800619550960677,1.5274697281642882,3.0572207336298867,8.531745736145703,6.874118644856367,2.5567542682604327,0.0,0.0,2.2145768423415168e-05,0.0,0.0
4171000809,2005-06,Western,5.162035972949028,9.459460885901175,8.530669007117554,9.537698353589832,1.3990627921415655,11.282603147216957,4.613275894393098,6.831859151761442,6.002935909889832,8.79907435242974,2.725365436438745,5.743567654123713,15.322699667668845,12.745881307836811,4.793087321217208,0.0,0.0,3.9844962277460805e-05,0.0,0.0
4171000810,2005-06,Western,2.7257163795903825,4.228125295586791,4.402342745739168,4.538813856300573,0.7982705839668617,6.9059432548022395,2.7295398405595983,3.2563157326510606,2.7841898857148983,4.164540397545153,1.4489880592089976,2.936968802673406,6.859262683448069,5.283589334991076,2.2702528901835106,0.0,0.0,2.3499217634838973e-05,0.0,0.0
4173001402,2005-06,Western,2.636608275764831,5.0261349374268365,4.469590514280551,5.385450466939057,0.6985924869702365,5.582053097557069,2.918604058349688,3.385411684534667,2.9689794343578035,4.480706739967203,1.5535184350543163,3.0390106710147196,8.002450258169564,6.831245099652299,2.424747373293614,0.0,0.0,2.2951254123332546e-05,0.0,0.0
4173001403,2005-06,Western,2.5114448174554878,4.30676207346163,4.038843077653549,4.617793428799642,0.7662690704594054,6.113617484592573,3.0697263603632807,3.2071079926305583,2.7014875074853686,3.9317389689814197,1.368433686488958,3.3137930306423335,6.805517068123848,5.347449803285465,2.12218132263303,0.0,0.0,2.206726974963294e-05,0.0,0.0
4173001404,2005-06,Western,2.3344576609975425,4.123389367692166,3.5218503576364215,4.923811236267023,0.8085288405241486,6.11172053092423,4.1666554364014186,3.038877024392728,2.361160674071241,3.8307468138659106,0.9822091661194206,3.7367362609311408,6.4733629898660965,5.383018273874609,1.8837653943046782,0.0,0.0,1.951974711920453e-05,0.0,0.0
4173001405,2005-06,Western,3.2657581661354573,5.033282112529612,5.2765398915044495,5.98863338007264,1.1602049717819365,9.791554465395201,4.582764040368666,4.179336806961972,3.5156258649631003,5.774860254546487,1.8064000023590059,3.447125404578585,9.483506120449258,6.878235304183002,2.841937673367595,0.0,0.0,4.4747077784022845e-05,0.0,0.0
4173001406,2005-06,Western,3.7491602648254645,6.955269874386354,6.073867899030617,7.0982041889573955,1.0462306710408042,7.772417204995521,4.099483162256559,4.975351881094113,4.031151827971379,6.281056820255616,1.996255460426503,4.323522878973917,11.419186440220663,9.953944034721973,3.4511790931222976,0.0,0.0,2.8961984707282253e-05,0.0,0.0
4173001407,2005-06,Western,4.031383025538835,5.46447663181637,6.406986464627406,5.827189942037185,1.0151557701899756,9.781677618033497,4.512790479801862,4.403709848051928,3.8180051215667024,6.015001436127919,1.9835878414575911,3.5023660815858944,8.868859606016459,7.626864211765056,3.298956030617525,0.0,0.0,4.204429653615768e-05,0.0,0.0
4173001408,2005-06,Western,2.4195377676503047,4.123840627839786,3.8956938989042715,4.078988445835531,0.6447523224702572,5.316272991906124,2.872730769154021,3.0876913080605073,2.516376938971471,4.0903039327524695,1.5000015805729046,2.341148265645597,7.310824628711721,6.478164614467775,2.296138500657468,0.0,0.0,2.2627374523302747e-05,0.0,0.0
4173001409,2005-06,Western,2.149665046544403,3.618243368344958,3.578562442575448,4.056524921565851,0.6032370333010236,5.125227049014254,3.0276573257298773,2.6928939239596756,2.33893334460854,3.7402465754099135,1.3517803870167895,2.147250230873824,6.261169337178826,5.1437256611115,1.9530819555943308,0.0,0.0,2.406458330372056e-05,0.0,0.0
4173001410,2005-06,Western,1.581143435338506,2.4261805149290923,2.5797117292447638,2.9716649640937414,0.47800146677419153,4.3136244508923545,1.9975465138001254,1.864136617756123,1.69422218826926,2.915026715460594,0.977535001988606,1.332605657389917,5.055117747354638,3.914423150843774,1.4244164953262524,0.0,0.0,1.8483086538593463e-05,0.0,0.0
4173001411,2005-06,Western,4.587779832741318,7.497885522835313,6.907533769569885,8.334811580699059,1.9949634019486218,13.427659165527853,9.43715519340576,6.237494217327104,4.7728984492541615,7.265498967533017,2.288197541248028,7.291761641227268,13.199816473892996,8.767219460906524,3.7336190875028525,0.0,0.0,7.115844834275916e-05,0.0,0.0
4173001701,2005-06,Western,1.7734769645985269,3.327349654002233,2.9236199796957365,3.1788165461526496,0.4741407240539647,3.780926232721947,1.7996796770922467,2.3468310132730203,2.070835711101642,3.1754855460744036,1.3701980686933313,1.7015449816555486,5.888478234414321,5.319388340244319,1.777984815824084,0.0,0.0,2.3688778719342462e-05,0.0,0.0
4173001702,2005-06,Western,2.7789412231108086,5.197535297336023,4.475150043513898,5.032832730806554,0.6726494469807753,5.648372400354265,3.3415411005347804,3.4446035657724003,3.1462226375415603,4.489335174771463,1.6612131022455257,3.503855633286545,7.738346253944283,6.997492856704318,2.5132323761369673,0.0,0.0,2.8131761760357384e-05,0.0,0.0
4173001703,2005-06,Western,5.659473946928122,9.574591832761168,9.241914939432649,10.281140153133311,1.6135399112098383,13.810624125918089,6.332667844776989,7.489763961853344,6.067005481231915,9.361798899872882,2.7103486543190822,6.0737181873294235,16.48707057383253,14.855347820799865,4.953436910511795,0.0,0.0,3.954771769925412e-05,0.0,0.0
4173001704,2005-06,Western,5.074380751778318,9.946322716036693,7.843063284458048,10.111370745096362,1.7419186117520074,12.248826222333266,7.567369924479615,7.359991675116326,6.0525264320261964,8.708084754848228,2.712243765984418,8.587919200913435,16.544361005218057,12.311926772185027,4.562588969763682,0.0,0.0,5.537561733586646e-05,0.0,0.0
4173001705,2005-06,Western,4.319009995236957,6.976020816467961,7.149923804750711,8.162658932246195,1.202592735308726,10.132037940209822,5.993407505721519,5.33128913138902,4.4510153353114275,7.472344908713748,2.2852799643707415,3.819755315857378,12.329372935176853,11.035917828528056,3.9828487816994924,0.0,0.0,3.0946313469145936e-05,0.0,0.0
4173001706,2005-06,Western,4.419608385154519,9.574504587615506,7.63472779615444,9.869283789818224,1.094758404118892,8.481260280332146,4.402213029798687,6.01200274734377,5.5263389995693695,8.44637398854527,2.704848450935919,4.651915849220253,15.51486166203606,14.360865861120386,4.482673018717727,0.0,0.0,3.362995000208474e-05,0.0,0.0
4173001707,2005-06,Western,5.225026279748512,10.402794872371343,8.016128582891007,9.905903392879344,1.6386730472088633,11.09084376782225,8.140286356234139,7.473062954435192,5.8948349166758724,8.167707933852645,2.622451168317101,9.096526288479229,15.511587304569714,13.299574904109084,4.539605852558287,0.0,0.0,4.728813653885783e-05,0.0,0.0
4173001708,2005-06,Western,3.6081861522810224,6.423555996964872,5.957969885448175,6.803671552040988,0.9246413645616208,7.769209922708555,3.8936934539180545,4.516363174951194,4.074679688175129,6.103117929495969,2.081152975873719,3.9397350950850214,10.368816005926218,9.279789768830359,3.1342379450973463,0.0,0.0,3.7216952260115275e-05,0.0,0.0
4173001709,2005-06,Western,2.0972637942430494,3.630142033339873,3.5140531244842075,4.4655052771711565,0.6321983999525341,5.169142540332329,2.8786032934052463,2.5647547860355275,2.333370604384921,3.8891378353549184,1.284180266003017,2.1061122374915966,6.7561384671966564,5.2060434008470295,1.935568018679471,0.0,0.0,2.235111051348093e-05,0.0,0.0
4173001710,2005-06,Western,1.8240379301975196,2.780123350533504,2.940184145731361,3.541698744319007,0.5547911995992929,4.919736257294454,2.4742589041916396,2.0634220487231967,1.7481661714069647,3.298881943958096,0.9613307836290377,1.6895479631998094,5.469482519579096,4.200376787051165,1.536932445437897,0.0,0.0,1.8613885841479888e-05,0.0,0.0
4183001101,2005-06,Western,5.885088599555906,13.801829929988484,9.308647677175225,11.187559598570921,1.6532145731697825,10.836006304687247,5.993626976986052,9.07406521323729,7.158074434804365,9.388298917315963,3.1958984808890194,10.080338323116692,18.578222767690143,18.52178751247398,5.813967379423529,0.0,0.0,4.1872750184781254e-05,0.0,0.0
4183001102,2005-06,Western,2.1540186607987057,3.355740556289931,3.4263281778578283,3.72516289619549,0.6217163457356532,5.827862567509095,2.6559323197230364,2.6192081476437674,2.1481504124634885,3.656394485171352,1.196552402739831,2.0914106036244116,6.42752258302212,5.574196977951711,1.865821227178955,0.0,0.0,2.0955940871165495e-05,0.0,0.0
4183001103,2005-06,Western,2.6028090515000657,4.47213989857325,4.045933348425206,4.7977578648257655,0.79776291207528,6.340480904807558,3.962189104677093,3.3337441613851477,2.740095626820539,4.205376938366372,1.4548820938438636,3.4923714635165544,7.738568561759561,6.469988349306219,2.1844851278727853,0.0,0.0,3.1963047916779504e-05,0.0,0.0
4183001104,2005-06,Western,2.3464444566849942,3.7047235077982443,3.642336745808888,3.941580061485131,0.6456422022656852,6.238902772878608,3.4909653164565198,2.8200267002179134,2.2962273113619336,3.6171458746794496,1.172133783306913,2.924482061047069,6.13714262318183,5.434234271567899,1.858658204543576,0.0,0.0,2.8455420981761486e-05,0.0,0.0
4183001105,2005-06,Western,2.5082449603297006,4.249618272657769,4.064073541602457,4.633308792194856,0.753291903418633,6.316889518432028,3.4525590235308283,3.2221872841340273,2.6714148637690505,4.4301455848823394,1.4481261608072666,2.5975869438138885,7.760066337796959,6.420922703487981,2.390888153796805,0.0,0.0,2.2733305826738544e-05,0.0,0.0
4183001106,2005-06,Western,3.706962145358246,7.03197935400822,5.682580302407348,6.896106713894261,1.1479511174930455,8.060830931430216,5.739575058416882,5.072258644607625,4.095422389408566,5.9033807334439965,1.9951086000120384,5.866052075849361,11.101956793078925,9.402047786982072,3.2408097511631135,0.0,0.0,4.078967578982814e-05,0.0,0.0
4183001107,2005-06,Western,3.142880021554294,5.419881638824151,4.850661462342986,5.8145169665168694,1.0217964533863604,8.461853957759995,5.223133141754256,4.145717648140451,3.3319025830650717,4.946702058468053,1.5655845032979752,4.798390470195044,8.979635881390882,7.169577861417256,2.5137824542821368,0.0,0.0,3.7587950445693595e-05,0.0,0.0
4183001108,2005-06,Western,2.588871577105165,4.327003383145603,4.054373508789189,4.465473804224162,0.810869565606734,7.36044824095927,3.145814297616113,3.4158972501162754,2.8263903394237424,4.3160657625863665,1.5144751641311918,3.0907390018510275,7.761486531285729,6.696272779609745,2.294348721517645,0.0,0.0,3.4133751543486765e-05,0.0,0.0
4183001109,2005-06,Western,2.952168492972052,4.8568735834408,4.769901231805478,5.59747237958973,0.9319966705684734,7.676013233113882,4.87855852963401,3.7747638113325084,3.126105910397836,4.963922275011392,1.5299837264331866,3.5141220663227166,8.320113718902805,6.628118289183839,2.5599985426978757,0.0,0.0,2.764591494682342e-05,0.0,0.0
4183001111,2005-06,Western,4.522933778955105,7.632696238897557,7.516644045864955,9.384341487950778,1.7028748466313703,13.966727943375615,7.437485484653846,6.187342534295363,4.832785693278372,8.020166662423266,2.0898322274682477,5.663549503935812,13.368142633923764,10.20148369566346,3.884776191153081,0.0,0.0,4.1753011359892666e-05,0.0,0.0
4183002001,2005-06,Western,3.0050034255604503,4.68352125043779,4.684459181706373,4.841654628842696,0.8387990229227774,7.849991443344662,3.45288275755793,3.728557612594596,2.9812419676032627,4.776273377783339,1.51852096399863,3.1809541638772347,8.458422613857792,7.688622514870731,2.5424186845887764,0.0,0.0,2.5964393936362928e-05,0.0,0.0
4183002002,2005-06,Western,3.10991525030684,5.2055808363847245,4.874437123910816,5.198956019467285,0.865869315535408,7.347053790718869,3.725813620391085,3.866415835263942,3.2330886129576326,4.760785530284624,1.6511604866763867,3.853591957874307,8.295540980582787,7.471573144907834,2.6995322658402716,0.0,0.0,2.9046386418579588e-05,0.0,0.0
4183002003,2005-06,Western,3.491812978702579,6.471675092341741,5.53060643727954,6.26078784899028,0.902527124509031,7.339754189116778,4.503624222769693,4.547615625968853,3.68651630246024,5.460344337162966,1.7665757237310618,4.789751888119539,9.593236080122042,8.958820483099165,3.01449251811513,0.0,0.0,3.153126823734421e-05,0.0,0.0
4183002004,2005-06,Western,3.748296405783448,7.606660908225708,5.72521750375538,6.9794123885587025,1.10866923176201,7.46886132924312,5.336648191784047,5.298554729586781,4.1690859036491865,6.055241997609398,2.0348269865592887,6.037738939327514,11.717584013954701,10.646591622829568,3.4433422483448046,0.0,0.0,3.797589445786924e-05,0.0,0.0
4183002005,2005-06,Western,2.8671039475101634,5.053348659260138,4.688289943224186,5.350446716015742,0.8016090829295437,6.827494074601817,3.268767327437529,3.7451927919924395,3.257450531726491,4.817338928627103,1.5527313960226738,3.1699638178642524,9.000252001609521,8.192661034864098,2.647679083903664,0.0,0.0,1.9306084308985843e-05,0.0,0.0
4183002006,2005-06,Western,4.695947944395577,7.700232244812849,7.070240041438825,8.543870476301457,2.0435169484592017,13.720683558329801,9.663440941632247,6.403355875515824,4.891997086720669,7.427829051067431,2.3301398101180264,7.51395204529815,13.503857910679844,8.977161642556208,3.820904674022383,0.0,0.0,7.188935857277836e-05,0.0,0.0
4183002007,2005-06,Western,3.6682715222922675,6.299202199544119,5.870238053796349,6.280863681973212,0.9834590024119705,8.757846839413101,3.877988849269686,4.730294002696422,3.963063262826541,5.844833274801969,1.80927165514926,4.355298680694625,10.339426919326376,8.69472950007591,3.1868889513332332,0.0,0.0,2.6913689267561597e-05,0.0,0.0
4183002008,2005-06,Western,4.807619238651772,9.223074399140176,7.908856112667199,8.953646405500379,1.4703880570018886,11.303638760206109,5.622629745300335,6.817303324018544,5.676963236294905,7.681650644235838,2.4765007631509715,7.1008204912571316,14.148069335457535,12.591739757724547,4.379813964530594,0.0,0.0,3.214774652142754e-05,0.0,0.0
4183002009,2005-06,Western,3.130335260022609,5.013186274795734,5.188024051224677,6.129271202473858,0.9857339272195023,8.633256556407726,4.804645274218298,3.7875791392738516,3.1342425781092125,5.412815663491574,1.547564964152517,3.5411655094622163,8.459075082594088,6.249102466621297,2.7258252990004346,0.0,0.0,2.346325197877453e-05,0.0,0.0
4183002010,2005-06,Western,2.129670614651989,3.343451370386331,3.3860222858210087,3.8144967694605523,0.6392653965222838,5.915574429498423,2.562558481149508,2.560174027367835,2.0714156117138125,3.666166454746877,1.1424178293854654,2.0699969165041,6.38119342623345,5.2496225135619765,1.8147095019131043,0.0,0.0,1.8253597290528726e-05,0.0,0.0
4183002301,2005-06,Western,1.8682214953126686,3.189530357625942,2.900436361822068,3.317710022969624,0.545514009233929,4.3090253548780835,2.6666220601282373,2.346265687823095,1.9298057374313946,3.104288534203008,1.1656467572231322,2.235311775735189,5.814127568322542,5.072084891274011,1.625600893206454,0.0,0.0,2.6058569297337076e-05,0.0,0.0
4183002302,2005-06,Western,1.2566657898537847,1.9992596393950008,2.069327248860534,2.383146558653093,0.3566567440119227,3.063526402127449,1.6184368660356483,1.4490444669620572,1.284783713550261,2.1714845409029673,0.8366312438054047,1.1640119729829062,3.7864798113099942,3.0260772810118337,1.082792286842051,0.0,0.0,1.4721639784405542e-05,0.0,0.0
4183002303,2005-06,Western,1.301035135777596,2.0967930816211506,2.2124014179384095,2.3069010070552283,0.34257508441520734,3.033303997036092,1.3627705069892626,1.537369210646221,1.3897776652024392,2.2725784697223337,1.0116156462417305,0.9760239261566529,4.037315912045531,3.270395030270819,1.1921220115561877,0.0,0.0,1.5661353253486136e-05,0.0,0.0
4183002304,2005-06,Western,4.4837209037225065,8.740919425389144,6.872716526604073,8.436178392736425,1.398225623174666,9.619129338467362,6.964700097546475,6.287441687737541,5.010814587194792,7.067975559813321,2.317551888579537,7.492781599491936,13.36325443997882,11.394549212329382,3.9080510039167673,0.0,0.0,4.430375269635681e-05,0.0,0.0
4183002305,2005-06,Western,2.638997717182695,4.521114228083535,4.287887487483794,4.876159350438407,0.7141737600920541,5.953266757316711,3.6303981441566666,3.350839132298958,2.701286914638602,4.573173239302673,1.6038281099475005,2.557856525960029,8.15436044089879,7.49871917428041,2.4313953931107917,0.0,0.0,2.4754095624063467e-05,0.0,0.0
4183002306,2005-06,Western,3.8125781014046125,6.29980202531352,6.16872669946831,6.333503698019846,1.086272132764205,8.76591124986013,3.8946346538164662,4.878508208433594,4.034119225240814,5.980742386800341,2.169603956892122,4.137338858334294,10.331870852517522,8.569216308923949,3.3577605539361723,0.0,0.0,3.096565078269412e-05,0.0,0.0
4183002307,2005-06,Western,1.7949537485585176,2.9164084928687113,2.796575440940428,3.201160277166185,0.5456002620783312,4.488351203382653,2.717478177666643,2.1965126653431937,1.8505265880090558,2.950692485924236,1.1159923824543079,2.1232639705239373,5.398699642796809,4.444898292847611,1.506139314936261,0.0,0.0,2.6935898904569942e-05,0.0,0.0
4183002308,2005-06,Western,5.5802162344160315,12.265744697284815,9.056323326825089,11.833495727581463,1.6746707329317034,11.884388312544575,8.010623680964699,8.520150284362924,6.889867350507047,10.015349202447467,3.1345074008191385,8.503264762633206,19.589773709725186,18.29362528643709,5.594402719317102,0.0,0.0,4.182287073863999e-05,0.0,0.0
4183002310,2005-06,Western,2.796126327425495,4.916634855064971,4.667197973400999,5.514684812194296,0.8118327331763743,6.95049716279092,3.36400919594962,3.58111600866019,3.0847544555412565,4.917787692425739,1.5560001290475425,2.9806839652188306,8.802319605321259,7.4188929899606695,2.6007079981288364,0.0,0.0,2.2403171003420387e-05,0.0,0.0
4193003202,2005-06,Western,4.454019537775357,8.67491676066818,6.827061357642742,8.37727719735646,1.3886223745139208,9.559874533759631,6.917726652090295,6.240436077280091,4.975597468420532,7.023689682899247,2.30528775033694,7.4294884662798175,13.27698721471829,11.318296359236538,3.8826425220761887,0.0,0.0,4.4177347918245396e-05,0.0,0.0
4193003203,2005-06,Western,3.0345280350771997,5.360900564665136,4.957417634870895,5.86352155218357,0.9074700150520238,7.263283457139819,3.92360884718287,3.934880093427211,3.3687158342060615,4.983026633750332,1.637110562191097,3.983489198567457,8.647804184734154,6.890304025808507,2.620018615291465,0.0,0.0,2.5884934380847917e-05,0.0,0.0
4193003206,2005-06,Western,3.7639867619965997,6.470399612582089,5.780926747387364,5.787165706194375,0.9834554549905954,7.843858045269969,4.039248173185896,4.691935055302795,3.890801992232985,5.437390577870952,1.9285062004489333,4.904777666118245,9.371911378799044,8.448740871745489,3.313863328237766,0.0,0.0,3.259059424408392e-05,0.0,0.0
4193003207,2005-06,Western,3.301318140177099,6.5267760234712355,5.1664219392753665,6.193026726777171,0.8999869353373928,6.153632678260766,4.241308435142394,4.386857934414892,3.6235378461043637,5.458499476330284,2.1548751958551553,4.151407787336126,10.743458488749267,10.46206028297912,3.217859272585551,0.0,0.0,3.1268174679097006e-05,0.0,0.0
4193003208,2005-06,Western,3.8315436214467113,6.496462285970387,6.08454850017806,6.418726262783573,1.1808260951830551,9.411681898919259,4.089618329814123,5.122915359941954,4.062295057871975,6.026341407627711,1.9399385500241153,4.752815817991002,10.751499448188767,8.582247814575645,3.326915364659989,0.0,0.0,2.8412716058960243e-05,0.0,0.0
4193003209,2005-06,Western,3.488020375563056,4.981520820825348,5.5055173746702,5.231295602137131,0.9446559602569815,8.9644292522211,3.1915683373017356,4.041893080698881,3.6625866510462997,5.792437995472573,2.117850894616899,3.084405170256155,9.114758234066814,7.478492717311444,2.8821671098917228,0.0,0.0,5.7253073625115616e-05,0.0,0.0
4193003210,2005-06,Western,2.750869676541352,4.694782801424119,4.621666781452814,5.823550684640458,0.8367326045067637,6.545908776550826,3.571248597999496,3.3244072937073983,2.884030704932929,4.692779953939799,1.4612532021464157,3.0836474778825798,7.71336240611506,5.849418570459978,2.3880089882905056,0.0,0.0,2.233571365455525e-05,0.0,0.0
4193003211,2005-06,Western,2.154360591807356,3.3625254810570477,3.6244325489017735,4.013367688994558,0.6510009340232036,5.793542141238793,2.2996124128922055,2.6166993506989598,2.3019437062044736,3.815712947892388,1.27223429362736,1.6873099027338974,6.61902842320764,5.008165477936735,1.9453932881030704,0.0,0.0,1.7221348345941736e-05,0.0,0.0
4193003212,2005-06,Western,2.5612319097458704,4.242267139265613,4.105653900452575,4.743818390429517,0.8173035104045232,6.794497055281801,3.4120664369963696,3.206375694701319,2.5364129179142347,4.241682696002618,1.4030720345388041,2.897899120757585,7.182475797891153,5.7434718125755495,2.214126420753203,0.0,0.0,2.226458107502392e-05,0.0,0.0
4193003501,2005-06,Western,3.1738986823913726,5.73414454511325,4.93991118379891,5.1909564736467,0.7618191809513619,5.887006278889338,4.021894987273315,3.893975857982383,3.2958748011338925,4.847129961468153,1.9009431897178373,3.773575677466625,8.465965451560944,8.656777849830705,2.977915620207738,0.0,0.0,3.160532558489974e-05,0.0,0.0
4193003503,2005-06,Western,2.419272933772149,3.8965090047389164,3.5890964890337638,4.439997948272842,0.8285408105468222,6.475349368464804,3.7092386257059453,3.0185500891686448,2.4044947415649287,4.048028786124377,1.0889152155300952,3.1988592079216076,7.202477361856454,5.616485227657866,1.9611252946778501,0.0,0.0,2.0612313210035143e-05,0.0,0.0
4193003504,2005-06,Western,4.741849672196149,8.507191198446598,7.5949988862139,8.871060467233269,1.5103850083845805,12.55517056763074,6.474273430342557,6.689136402055128,5.059906061086235,7.76655833405315,2.2532436279714014,6.503961775768763,14.336048278513895,12.47404858741883,4.024039083197967,0.0,0.0,3.716879951184686e-05,0.0,0.0
4193003506,2005-06,Western,1.6303603415475088,2.8438025225245016,2.684327946791671,3.587776027519627,0.48292254640458765,3.8913042855892774,2.3827249727677278,1.9147895505330055,1.5493049216107997,2.8861240761744478,0.8870408880942623,1.9041372224050381,4.667462037759509,3.7541178832714217,1.4349837601607227,0.0,0.0,1.4412875756780339e-05,0.0,0.0
4193003507,2005-06,Western,6.041863727383815,13.374146969425881,9.926395797008245,13.060641020889134,1.8687545531405287,12.987668437969932,9.134105665539197,9.348163214794855,7.433446085950001,10.202345696636517,3.1427566239790066,10.425592804557665,19.387030508108687,17.98502383549866,5.547740736329051,0.0,0.0,4.1044131108998335e-05,0.0,0.0
4193003508,2005-06,Western,3.7060795117371867,6.88592908038282,6.247884508512899,7.303400388936033,1.097055242836968,8.496749986540559,4.250690280497793,5.038604745786198,4.140273597378648,6.401843002925313,2.144499024301324,4.233539427969269,11.48321052996853,9.3303014166094,3.4776528081450766,0.0,0.0,2.7696748937217213e-05,0.0,0.0
4193003509,2005-06,Western,3.0447242823124796,4.88723924834272,4.73448646138089,5.184678217352744,0.9591645785768729,8.454467595506262,3.664462325894962,3.939847641539707,3.0706660334436613,5.046458557104433,1.4389655333463212,3.40002074897183,9.134062594887675,8.130199569730825,2.640836478386565,0.0,0.0,2.1522123962655026e-05,0.0,0.0
4193003510,2005-06,Western,3.161328358868127,4.97758719083241,5.302573018154511,6.428550811072808,1.103392007033322,9.005659733485302,4.415000439240235,3.9147127201810763,3.1687396083463266,5.584730555509828,1.5782988899530017,3.0853303511046093,8.710944900885524,6.455358496512404,2.7314037823357196,0.0,0.0,2.4262759530871125e-05,0.0,0.0
